  0.566575 -0.0120638   0.651993   0.566575 -0.0120638   0.651993       0       0       0 -1.5708       0  1.5708       0
  0.566575 -0.0120635   0.651993    0.56657 -0.0120584   0.651993  1.21918e-05 -4.93171e-05  1.21856e-05     -1.57086 -2.43646e-08      1.57081  2.43775e-05
  0.566575 -0.0120633   0.651994  0.566552 -0.012042  0.651992  4.14401e-05 -0.000167542  4.14192e-05       -1.571 -7.37168e-08      1.57084  8.28594e-05
   0.56656 -0.0120512   0.651994   0.566522 -0.0120148   0.651992  8.72599e-05 -0.000350068  8.72209e-05     -1.57123 -4.80767e-08      1.57088  0.000174481
  0.566525 -0.0120212   0.651993   0.566481 -0.0119768   0.651992  0.000146407 -0.000581549  0.000146359     -1.57151 -7.20287e-09      1.57093  0.000292767
  0.566471 -0.0119721   0.651987   0.566428 -0.0119281   0.651992  0.000215008 -0.000848426  0.000214977     -1.57183  4.12923e-08      1.57098  0.000429986
  0.566403 -0.0119074   0.651978   0.566364 -0.0118687   0.651991 0.000290825 -0.00114468 0.000290851    -1.57217 4.34135e-08     1.57103 0.000581676
  0.566324 -0.0118313   0.651968   0.566288 -0.0117986   0.651991  0.000373454  -0.00147162  0.000373588     -1.57254 -2.96461e-08      1.57107  0.000747041
  0.566236 -0.0117469   0.651962  0.566201 -0.011718   0.65199   0.00046386  -0.00183371  0.000464168     -1.57295 -1.31509e-07      1.57111  0.000928026
  0.566138 -0.0116553   0.651963   0.566102 -0.0116269    0.65199  0.000563471  -0.00223512  0.000564041      -1.5734 -1.87875e-07      1.57117   0.00112751
  0.566028 -0.0115553   0.651969   0.565992 -0.0115253   0.651989  0.000673159  -0.00267707  0.000674102     -1.57391 -1.20154e-07      1.57124   0.00134725
  0.565906 -0.0114453   0.651978    0.56587 -0.0114134   0.651988  0.00079304 -0.00315839 0.000794493    -1.57449  1.0509e-07     1.57133  0.00158752
  0.565771 -0.0113238   0.651987  0.565738 -0.011291  0.651987 0.000922554 -0.00367668 0.000924683    -1.57512 5.47747e-07     1.57144  0.00184723
  0.565624 -0.0111902   0.651993   0.565594 -0.0111584   0.651986  0.00106081 -0.00422969   0.0010638     -1.5758 1.22328e-06     1.57157   0.0021246
  0.565467 -0.0110453   0.651996   0.565439 -0.0110155   0.651985  0.00120731 -0.00481627  0.00121138    -1.57653 2.15079e-06     1.57171  0.00241867
  0.565299 -0.0108895   0.651996   0.565273 -0.0108625   0.651984  0.00136164 -0.00543649  0.00136705     -1.5773 3.35476e-06     1.57186  0.00272866
  0.565121 -0.0107241   0.651994   0.565096 -0.0106993   0.651983  0.00152399 -0.00609095    0.001531     -1.5781 4.86613e-06     1.57201  0.00305496
  0.564933 -0.0105492   0.651992   0.564909 -0.0105261   0.651982  0.00169456 -0.00678038  0.00170349    -1.57896 6.69706e-06     1.57218    0.003398
 0.564734 -0.010365  0.651991    0.56471 -0.0103428   0.651981   0.0018736  -0.0075052   0.0018848    -1.57985 8.91275e-06     1.57234  0.00375834
  0.564524 -0.0101715   0.651991     0.5645 -0.0101495    0.65198  0.00206134 -0.00826541   0.0020752    -1.58079 1.15357e-05     1.57252  0.00413646
   0.564304 -0.00996822    0.651992     0.56428 -0.00994637    0.651978   0.0022578 -0.00906055  0.00227477    -1.58177  1.4593e-05     1.57271  0.00453246
  0.564072 -0.0097549   0.651992    0.564049 -0.00973335    0.651977  0.00246283 -0.00989001  0.00248337    -1.58279  1.8164e-05     1.57291  0.00494606
    0.56383 -0.00953203    0.651992    0.563808 -0.00951054    0.651975  0.00267647  -0.0107534  0.00270111    -1.58386 2.22864e-05     1.57311   0.0053774
   0.563577 -0.00929928     0.65199    0.563556 -0.00927797    0.651974  0.00289861  -0.0116504  0.00292791    -1.58497 2.69338e-05     1.57332  0.00582629
   0.563315 -0.00905692    0.651987    0.563293 -0.00903571    0.651972  0.00312921  -0.0125813  0.00316379    -1.58612 3.22292e-05     1.57354  0.00629272
   0.563042 -0.00880524    0.651984     0.56302 -0.00878382     0.65197  0.00336837  -0.0135461  0.00340888     -1.5873 3.81381e-05     1.57376   0.0067769
    0.56276 -0.00854417    0.651979    0.562737 -0.00852234    0.651968   0.0036161  -0.0145447  0.00366326    -1.58852 4.47035e-05     1.57398  0.00727892
   0.562467 -0.00827362    0.651974    0.562443 -0.00825133    0.651967  0.00387236  -0.0155773  0.00392693    -1.58978 5.20226e-05     1.57421  0.00779874
   0.562165 -0.00799368    0.651968    0.562139 -0.00797085    0.651965 0.00413712 -0.0166435 0.00419991   -1.59107 6.0106e-05    1.57443 0.00833636
   0.561852 -0.00770426    0.651963    0.561825 -0.00768095    0.651963  0.00441029   -0.017743  0.00448218     -1.5924 6.90171e-05     1.57466  0.00889165
   0.561528 -0.00740537    0.651957      0.5615 -0.00738168    0.651961  0.00469176  -0.0188752  0.00477366    -1.59376 7.88262e-05     1.57489  0.00946443
   0.561195 -0.00709714    0.651951    0.561166 -0.00707311    0.651959  0.00498145  -0.0200396  0.00507434    -1.59515 8.95628e-05     1.57512   0.0100546
   0.560851 -0.00677921    0.651946    0.560821 -0.00675528    0.651956   0.0052791  -0.0212355  0.00538399    -1.59658 0.000101309     1.57535   0.0106617
 0.560497 -0.006452  0.651942    0.560467 -0.00642825    0.651954  0.00558459  -0.0224624  0.00570257    -1.59804 0.000114154     1.57558   0.0112855
   0.560132 -0.00611569    0.651938    0.560103 -0.00609208    0.651952   0.0058979  -0.0237196  0.00603009    -1.59953 0.000128075     1.57582    0.011926
   0.559757 -0.00577016    0.651935    0.559728 -0.00574681    0.651949  0.00621888  -0.0250066  0.00636647    -1.60106 0.000143197     1.57606    0.012583
   0.559373 -0.00541593    0.651934    0.559344 -0.00539251    0.651947  0.00654763  -0.0263231  0.00671187    -1.60262 0.000159631      1.5763   0.0132567
   0.558978 -0.00505254    0.651933     0.55895 -0.00502923    0.651945  0.00688399  -0.0276685  0.00706619    -1.60422 0.000177393     1.57656   0.0139469
   0.558573 -0.00468021    0.651934    0.558547 -0.00465702    0.651942  0.00722789  -0.0290424  0.00742941    -1.60586 0.000196579     1.57682   0.0146535
   0.558158 -0.00429905    0.651935    0.558134 -0.00427594    0.651939 0.00757928 -0.0304444 0.00780154   -1.60753 0.00021724    1.57709  0.0153765
   0.557734 -0.00390907    0.651937    0.557711 -0.00388604    0.651937  0.00793809  -0.0318738  0.00818258    -1.60924 0.000239436     1.57737   0.0161156
     0.5573 -0.00350993    0.651938    0.557279 -0.00348739    0.651934  0.00830408  -0.0333304  0.00857234    -1.61098 0.000263278     1.57766   0.0168706
   0.556857 -0.00310238    0.651939    0.556838 -0.00308002    0.651931  0.00867731   -0.034814  0.00897094    -1.61276 0.000288794     1.57795   0.0176416
   0.556404 -0.00268607    0.651939  0.556387 -0.002664  0.651928  0.00905767  -0.0363244  0.00937834    -1.61458 0.000316065     1.57826   0.0184285
   0.555943 -0.00226113    0.651939    0.555926 -0.00223939    0.651926  0.00944509  -0.0378615  0.00979451    -1.61642 0.000345159     1.57857    0.019231
   0.555472 -0.00182785    0.651939    0.555457 -0.00180623    0.651923  0.00983958   -0.039425   0.0102196     -1.6183 0.000376126     1.57889   0.0200494
   0.554992 -0.00138586    0.651937    0.554978 -0.00136458     0.65192    0.010241  -0.0410148   0.0106534    -1.62022 0.000409074     1.57921   0.0208833
    0.554504 -0.000935554     0.651935      0.55449 -0.000914505     0.651917   0.0106493  -0.0426307    0.011096    -1.62216 0.000444051     1.57954   0.0217328
    0.554007 -0.000476827     0.651932     0.553993 -0.000456047     0.651913   0.0110644  -0.0442727   0.0115474    -1.62413 0.000481135     1.57986   0.0225978
    0.553501 -9.96722e-06     0.651928    0.553488 1.07347e-05     0.65191   0.0114864  -0.0459406   0.0120077    -1.62612 0.000520417     1.58019   0.0234783
   0.552986 0.000465113    0.651924    0.552973 0.000485786    0.651907   0.0119152  -0.0476344   0.0124768    -1.62815 0.000562022     1.58053   0.0243744
   0.552462 0.000948765    0.651918    0.552449 0.000969051    0.651904   0.0123505  -0.0493538   0.0129548     -1.6302 0.000605934     1.58086   0.0252856
   0.55193 0.00144033   0.651913   0.551916 0.00146048     0.6519   0.0127925  -0.0510984   0.0134415    -1.63227 0.000652274     1.58119   0.0262122
  0.551389 0.00193997   0.651907   0.551375 0.00196001   0.651897   0.0132411  -0.0528681   0.0139372    -1.63437 0.000701123     1.58152   0.0271539
   0.55084 0.00244779   0.651901   0.550824 0.00246758   0.651893   0.0136962  -0.0546625   0.0144416    -1.63649 0.000752569     1.58184   0.0281107
  0.550282 0.00296351   0.651895   0.550266 0.00298316    0.65189   0.0141577  -0.0564815   0.0149548    -1.63864 0.000806663     1.58217   0.0290826
  0.549715 0.00348707   0.651889   0.549698 0.00350667   0.651886   0.0146256  -0.0583245    0.015477     -1.6408 0.000863537     1.58249   0.0300695
  0.549139 0.00401863   0.651883   0.549122 0.00403808   0.651883   0.0150998  -0.0601913    0.016008    -1.64299 0.000923255     1.58282   0.0310714
  0.548555 0.00455789   0.651878   0.548538 0.00457731   0.651879   0.0155804  -0.0620814   0.0165478     -1.6452 0.000985896     1.58314   0.0320881
  0.547962 0.00510509   0.651872   0.547945 0.00512432   0.651875  0.0160671 -0.0639944  0.0170965   -1.64743 0.00105154    1.58346  0.0331196
  0.547361 0.00565994   0.651868   0.547343 0.00567905   0.651872    0.01656   -0.06593   0.017654   -1.64969 0.00112027    1.58378  0.0341658
  0.546752 0.00622242   0.651863   0.546734 0.00624144   0.651868   0.017059 -0.0678878  0.0182204   -1.65196 0.00119217     1.5841  0.0352266
  0.546133 0.00679248   0.651859   0.546116 0.00681145   0.651864  0.0175641 -0.0698671  0.0187957   -1.65426 0.00126735    1.58442   0.036302
  0.545507 0.00737006   0.651855    0.54549 0.00738902    0.65186  0.0180752 -0.0718676  0.0193798   -1.65658 0.00134582    1.58474  0.0373919
  0.544872 0.00795529   0.651852   0.544856 0.00797408   0.651856  0.0185922 -0.0738888  0.0199727   -1.65892 0.00142771    1.58506  0.0384962
  0.544229 0.00854795   0.651849  0.544214 0.0085666  0.651852  0.0191151 -0.0759303  0.0205745   -1.66129 0.00151308    1.58538  0.0396148
  0.543578 0.00914797   0.651846   0.543563 0.00916651   0.651848  0.0196437  -0.077992  0.0211851   -1.66367 0.00160203     1.5857  0.0407475
   0.54292 0.00975539   0.651843   0.542905 0.00977375   0.651844  0.0201781 -0.0800735  0.0218045   -1.66607 0.00169461    1.58603  0.0418944
 0.542253 0.0103701   0.65184  0.542239 0.0103883  0.651839  0.0207181 -0.0821743  0.0224326    -1.6685 0.00179093    1.58636  0.0430552
 0.541578 0.0109919  0.651837 0.541565  0.01101 0.651835  0.0212638 -0.0842942  0.0230697   -1.67094 0.00189106    1.58668  0.0442301
 0.540896 0.0116209  0.651834 0.540883 0.011639 0.651831  0.0218152 -0.0864329  0.0237156   -1.67341 0.00199508    1.58701  0.0454189
0.540205 0.012257 0.651831 0.540194 0.012275 0.651827  0.0223721 -0.0885901  0.0243703   -1.67589 0.00210305    1.58734  0.0466217
 0.539508 0.0128999  0.651828  0.539497 0.0129181  0.651822  0.0229346 -0.0907653   0.025034   -1.67839 0.00221511    1.58767  0.0478385
 0.538802 0.0135502  0.651824  0.538792 0.0135683  0.651818  0.0235025 -0.0929583  0.0257065   -1.68091  0.0023313    1.58799  0.0490688
  0.53809 0.0142075   0.65182   0.53808 0.0142253  0.651813  0.0240758  -0.095169  0.0263878   -1.68344 0.00245168    1.58832  0.0503128
  0.53737 0.0148714  0.651816   0.53736 0.0148893  0.651809  0.0246544 -0.0973973  0.0270781     -1.686 0.00257636    1.58865  0.0515704
 0.536642 0.0155421  0.651811  0.536633 0.0155601  0.651804  0.0252385 -0.0996428  0.0277772   -1.68856 0.00270548    1.58897  0.0528417
 0.535908 0.0162198  0.651806  0.535899 0.0162378    0.6518  0.0258279  -0.101905  0.0284852   -1.69114 0.00283907    1.58929  0.0541264
0.535166 0.016904 0.651801  0.535157 0.0169221  0.651795 0.0264225 -0.104185 0.0292021  -1.69374 0.0029772   1.58961 0.0554247
 0.534417 0.0175949  0.651796  0.534408 0.0176131   0.65179  0.0270224   -0.10648  0.0299279   -1.69635 0.00312005    1.58993  0.0567364
  0.53366 0.0182925  0.651791  0.533652 0.0183108  0.651785  0.0276274  -0.108792  0.0306627   -1.69897 0.00326761    1.59024  0.0580614
 0.532897 0.0189969  0.651785 0.532888 0.019015 0.651781  0.0282375   -0.11112  0.0314062    -1.7016 0.00342002    1.59055  0.0593994
 0.532127 0.0197079  0.651779  0.532118 0.0197258  0.651776  0.0288526  -0.113464  0.0321584   -1.70425 0.00357732    1.59086  0.0607504
 0.53135 0.020425 0.651773  0.53134 0.020443 0.651771  0.0294728  -0.115822  0.0329195    -1.7069 0.00373965    1.59116  0.0621144
 0.530565 0.0211486  0.651768  0.530556 0.0211666  0.651766  0.0300979  -0.118196  0.0336895   -1.70957 0.00390709    1.59146  0.0634914
 0.529774 0.0218787  0.651762  0.529765 0.0218966  0.651761  0.0307279  -0.120585  0.0344682   -1.71225 0.00407968    1.59175  0.0648811
 0.528976 0.0226152  0.651756  0.528967 0.0226328  0.651756  0.0313627  -0.122988  0.0352557   -1.71494 0.00425754    1.59204  0.0662835
 0.528171 0.0233576   0.65175  0.528162 0.0233753  0.651751  0.0320024  -0.125405   0.036052   -1.71763 0.00444076    1.59233  0.0676986
  0.52736 0.0241061  0.651744  0.52735 0.024124 0.651746   0.032647  -0.127836  0.0368572   -1.72034 0.00462939    1.59261  0.0691265
 0.526541 0.0248613  0.651738  0.526532 0.0248789  0.651741  0.0332962   -0.13028   0.037671   -1.72305 0.00482346    1.59288  0.0705666
 0.525716 0.0256222  0.651733  0.525708 0.0256398  0.651735  0.0339501  -0.132738  0.0384936   -1.72578 0.00502309    1.59316  0.0720192
 0.524884 0.0263894  0.651729  0.524876 0.0264067   0.65173  0.0346086  -0.135207  0.0393249   -1.72851 0.00522829    1.59343  0.0734839
 0.524046 0.0271623  0.651727  0.524038 0.0271796  0.651725 0.0352718  -0.13769  0.040165  -1.73126 0.0054392    1.5937 0.0749609
   0.5232 0.0279409  0.651728  0.523194 0.0279584   0.65172  0.0359397  -0.140184  0.0410139   -1.73402 0.00565585    1.59398  0.0764503
 0.522348 0.0287245  0.651731  0.522344 0.0287431  0.651714  0.0366125   -0.14269   0.041872   -1.73681 0.00587846    1.59426  0.0779526
  0.52149 0.0295143   0.65173  0.521487 0.0295336  0.651709  0.0372901  -0.145209  0.0427394    -1.7396 0.00610709    1.59454  0.0794676
 0.520627 0.0303112  0.651721  0.520624 0.0303298  0.651703   0.037972  -0.147738   0.043615    -1.7424 0.00634171    1.59482   0.080994
 0.519758 0.0311157  0.651701  0.519755 0.0311317  0.651698  0.0386573  -0.150275  0.0444981   -1.74518 0.00658221    1.59507  0.0825301
 0.518885 0.0319266  0.651676  0.518879 0.0319393  0.651692  0.0393458   -0.15282  0.0453881   -1.74794 0.00682867    1.59529  0.0840751
 0.518005 0.0327416  0.651656  0.517998 0.0327525  0.651687  0.0400381  -0.155376  0.0462858   -1.75068 0.00708136    1.59549  0.0856305
0.517119  0.03356 0.651648  0.517111 0.0335711  0.651681  0.0407349  -0.157944  0.0471924   -1.75343 0.00734057    1.59568  0.0871977
 0.516226 0.0343814  0.651653  0.516217 0.0343953  0.651676  0.0414372  -0.160525  0.0481091    -1.7562 0.00760663    1.59588  0.0887791
 0.515326 0.0352073  0.651667  0.515318 0.0352249   0.65167  0.0421452   -0.16312  0.0490364   -1.75901 0.00787958     1.5961  0.0903751
 0.514417 0.0360395  0.651683  0.514413 0.0360598  0.651664  0.0428586  -0.165725  0.0499738   -1.76185 0.00815923    1.59635  0.0919848
 0.513503 0.0368786  0.651692  0.513502 0.0369001  0.651659  0.0435766  -0.168338  0.0509204   -1.76471 0.00844539    1.59661  0.0936067
 0.512583 0.0377254  0.651692  0.512586 0.0377456  0.651653  0.0442983  -0.170957   0.051875   -1.76758 0.00873783    1.59687  0.0952385
 0.511659 0.0385785  0.651681  0.511664 0.0385963  0.651647 0.0450231  -0.17358 0.0528369  -1.77044 0.0090365   1.59712 0.0968794
 0.510731 0.0394369  0.651664  0.510736 0.0394522  0.651641  0.0457512   -0.17621   0.053806   -1.77328 0.00934157    1.59734  0.0985292
   0.5098 0.0402997  0.651645  0.509803 0.0403131  0.651635  0.0464827  -0.178847  0.0547826   -1.77611 0.00965339    1.59755   0.100189
 0.508865 0.0411661  0.651627  0.508864 0.0411791  0.651629 0.0472183 -0.181494 0.0557677  -1.77893 0.0099723   1.59773  0.101859
 0.507924 0.0420361  0.651614   0.50792 0.0420501  0.651623 0.0479585 -0.184151 0.0567618  -1.78174 0.0102985    1.5979  0.103541
 0.506976 0.0429106  0.651606 0.506971 0.042926 0.651617 0.0487034 -0.186818 0.0577653  -1.78456 0.0106322   1.59807  0.105235
0.506023  0.04379 0.651601  0.506016 0.0438068  0.651611 0.0494529 -0.189495  0.058778  -1.78738 0.0109735   1.59822  0.106941
 0.505063 0.0446747  0.651598  0.505056 0.0446924  0.651605 0.0502068 -0.192178 0.0597996   -1.7902 0.0113222   1.59838  0.108659
 0.504097 0.0455649  0.651595  0.504091 0.0455828  0.651599 0.0509648 -0.194868 0.0608297  -1.79303 0.0116783   1.59854  0.110388
 0.503125 0.0464605   0.65159  0.503121 0.0464779  0.651593 0.0517266 -0.197564  0.061868  -1.79586 0.0120417   1.59869  0.112126
 0.502149 0.0473609  0.651584  0.502145 0.0473776  0.651587 0.0524921 -0.200265 0.0629143  -1.79868 0.0124125   1.59883  0.113874
 0.501168 0.0482658  0.651577  0.501165 0.0482819  0.651581 0.0532612  -0.20297 0.0639685  -1.80151 0.0127906   1.59897  0.115632
 0.500183 0.0491754  0.651569   0.50018 0.0491908  0.651575 0.0540341 -0.205681 0.0650308  -1.80433 0.0131762    1.5991  0.117399
 0.499193 0.0500889  0.651562   0.49919 0.0501042  0.651568 0.0548108 -0.208396 0.0661013  -1.80715 0.0135695   1.59922  0.119177
 0.498198 0.0510067  0.651556 0.498195 0.051022 0.651562 0.0555914 -0.211117 0.0671801  -1.80996 0.0139703   1.59934  0.120965
 0.497198 0.0519288  0.651551  0.497196 0.0519441  0.651556 0.0563758 -0.213842 0.0682672  -1.81278 0.0143789   1.59945  0.122762
 0.496193 0.0528551  0.651547  0.496191 0.0528706   0.65155 0.0571642 -0.216571 0.0693627  -1.81559 0.0147953   1.59956   0.12457
 0.495183 0.0537859  0.651543  0.495182 0.0538014  0.651543 0.0579564 -0.219304 0.0704664  -1.81841 0.0152194   1.59966  0.126388
 0.494169 0.0547208  0.651539  0.494169 0.0547364  0.651537 0.0587525 -0.222041 0.0715784  -1.82123 0.0156512   1.59976  0.128215
  0.49315 0.0556602  0.651534  0.493151 0.0556756   0.65153 0.0595522 -0.224781 0.0726984  -1.82404 0.0160909   1.59986  0.130052
 0.492126 0.0566037  0.651529  0.492129 0.0566188  0.651524 0.0603555 -0.227524 0.0738264  -1.82685 0.0165383   1.59995  0.131898
 0.491099 0.0575512  0.651523  0.491102 0.0575662  0.651518 0.0611625  -0.23027 0.0749624  -1.82966 0.0169936   1.60004  0.133753
 0.490068 0.0585028  0.651516  0.490071 0.0585175  0.651511 0.0619731 -0.233018 0.0761064  -1.83246 0.0174568   1.60012  0.135618
 0.489032 0.0594583   0.65151  0.489035 0.0594727  0.651505 0.0627874 -0.235769 0.0772583  -1.83526  0.017928   1.60019  0.137492
 0.487992 0.0604172  0.651503  0.487995 0.0604319  0.651498 0.0636054 -0.238523 0.0784184  -1.83805 0.0184071   1.60026  0.139375
 0.486949 0.0613801  0.651495  0.486952 0.0613949  0.651491 0.0644272 -0.241279 0.0795866  -1.84083 0.0188945   1.60032  0.141268
 0.485901 0.0623468  0.651488  0.485904 0.0623616  0.651485 0.0652527 -0.244037 0.0807628  -1.84361 0.0193899   1.60037   0.14317
 0.484849 0.0633172  0.651481  0.484852 0.0633321  0.651478 0.0660819 -0.246797  0.081947  -1.84639 0.0198936   1.60041  0.145081
 0.483793 0.0642914  0.651474  0.483796 0.0643063  0.651472 0.0669147 -0.249559 0.0831391  -1.84915 0.0204054   1.60045  0.147001
 0.482733 0.0652692  0.651467 0.482736 0.065284 0.651465 0.0677511 -0.252323 0.0843391  -1.85191 0.0209255   1.60048   0.14893
  0.48167 0.0662506  0.651459  0.481672 0.0662654  0.651458  0.068591 -0.255087 0.0855468  -1.85467  0.021454    1.6005  0.150868
 0.480603 0.0672353  0.651451  0.480605 0.0672502  0.651451 0.0694346 -0.257853 0.0867624  -1.85741 0.0219908   1.60051  0.152814
 0.479531 0.0682236  0.651444  0.479534 0.0682385  0.651445 0.0702818 -0.260619 0.0879858  -1.86015 0.0225359   1.60052   0.15477
 0.478456 0.0692154  0.651436  0.478459 0.0692301  0.651438 0.0711324 -0.263386 0.0892168  -1.86287 0.0230894   1.60052  0.156733
 0.477378 0.0702105  0.651429   0.47738 0.0702252  0.651431 0.0719866 -0.266153 0.0904554  -1.86559 0.0236513   1.60051  0.158706
 0.476296 0.0712086  0.651422  0.476298 0.0712235  0.651424 0.0728444  -0.26892 0.0917019   -1.8683 0.0242216   1.60049  0.160687
  0.47521 0.0722102  0.651415 0.475213 0.072225 0.651418 0.0737056 -0.271687  0.092956  -1.87101 0.0248004   1.60046  0.162676
0.474121 0.073215 0.651408  0.474124 0.0732297  0.651411 0.0745703 -0.274453 0.0942175   -1.8737 0.0253876   1.60043  0.164673
 0.473028 0.0742228  0.651401  0.473031 0.0742375  0.651404 0.0754385 -0.277218 0.0954866  -1.87639 0.0259833    1.6004  0.166679
 0.471932 0.0752338  0.651394  0.471935 0.0752484  0.651397   0.07631 -0.279983 0.0967631  -1.87906 0.0265875   1.60035  0.168693
 0.470833 0.0762478  0.651388  0.470836 0.0762623   0.65139 0.0771849 -0.282745 0.0980471  -1.88173 0.0272001    1.6003  0.170714
0.469731 0.077265 0.651381  0.469734 0.0772792  0.651383 0.0780631 -0.285507 0.0993383  -1.88439 0.0278211   1.60025  0.172743
 0.468625 0.0782849  0.651375 0.468629 0.078299 0.651376 0.0789446 -0.288266  0.100637  -1.88704 0.0284505   1.60018   0.17478
 0.467516 0.0793075  0.651368   0.46752 0.0793216  0.651369 0.0798294 -0.291023  0.101943  -1.88968 0.0290885   1.60011  0.176825
 0.466404 0.0803331  0.651362 0.466409 0.080347 0.651362 0.0807176 -0.293778  0.103256  -1.89231 0.0297349   1.60004  0.178877
 0.465289 0.0813611  0.651355  0.465295 0.0813751  0.651355 0.0816091  -0.29653  0.104576  -1.89493 0.0303897   1.59996  0.180937
 0.464172 0.0823921  0.651348 0.464177 0.082406 0.651348 0.0825038  -0.29928  0.105904  -1.89754  0.031053   1.59987  0.183005
 0.463051 0.0834258  0.651341  0.463057 0.0834394  0.651341 0.0834017 -0.302027  0.107238  -1.90014 0.0317248   1.59978   0.18508
 0.461928 0.0844619  0.651335  0.461934 0.0844755  0.651334 0.0843028  -0.30477   0.10858  -1.90273 0.0324049   1.59967  0.187162
 0.460802 0.0855007  0.651327 0.460808 0.085514 0.651327 0.0852071 -0.307511  0.109928  -1.90531 0.0330935   1.59957  0.189251
 0.459674 0.0865416   0.65132  0.45968 0.086555  0.65132 0.0861146 -0.310248  0.111284  -1.90788 0.0337905   1.59945  0.191348
 0.458543 0.0875851  0.651313  0.458549 0.0875985  0.651313 0.0870253 -0.312981  0.112647  -1.91043  0.034496   1.59933  0.193451
 0.457409 0.0886311  0.651306  0.457415 0.0886442  0.651306 0.0879391 -0.315711  0.114016  -1.91297 0.0352099    1.5992  0.195562
 0.456273 0.0896791  0.651298  0.456279 0.0896923  0.651298  0.088856 -0.318436  0.115392   -1.9155 0.0359323   1.59907  0.197679
 0.455134 0.0907294  0.651291  0.455141 0.0907426  0.651291 0.0897761 -0.321157  0.116776  -1.91802  0.036663   1.59893  0.199804
 0.453993 0.0917819  0.651283     0.454 0.0917952  0.651284 0.0906993 -0.323874  0.118166  -1.92052 0.0374022   1.59878  0.201936
  0.45285 0.0928367  0.651276  0.452857 0.0928498  0.651277 0.0916255 -0.326586  0.119562  -1.92302 0.0381498   1.59862  0.204074
 0.451705 0.0938935  0.651268  0.451711 0.0939065   0.65127 0.0925547 -0.329294  0.120966  -1.92549 0.0389058   1.59846  0.206218
 0.450557 0.0949522  0.651261  0.450564 0.0949653  0.651262 0.0934869 -0.331996  0.122376  -1.92796 0.0396701   1.59829   0.20837
 0.449407 0.0960132  0.651254 0.449414 0.096026 0.651255 0.0944221 -0.334692  0.123792  -1.93041 0.0404427   1.59812  0.210528
0.448255 0.097076 0.651246  0.448262 0.0970887  0.651248 0.0953602 -0.337384  0.125215  -1.93285 0.0412235   1.59794  0.212692
 0.447101 0.0981404  0.651239  0.447108 0.0981532  0.651241 0.0963012 -0.340069  0.126644  -1.93527 0.0420127   1.59775  0.214862
 0.445945 0.0992067  0.651231  0.445953 0.0992195  0.651233 0.0972451 -0.342749   0.12808  -1.93769 0.0428102   1.59755  0.217039
0.444787 0.100275 0.651224 0.444795 0.100288 0.651226 0.0981918 -0.345423  0.129522  -1.94008 0.0436158   1.59735  0.219222
0.443628 0.101345 0.651217 0.443635 0.101357 0.651219 0.0991414  -0.34809  0.130971  -1.94247 0.0444295   1.59714  0.221411
0.442466 0.102416 0.651209 0.442474 0.102429 0.651211  0.100094 -0.350751  0.132425  -1.94483 0.0452514   1.59693  0.223605
0.441303 0.103489 0.651202 0.441311 0.103502 0.651204  0.101049 -0.353405  0.133886  -1.94719 0.0460814   1.59671  0.225806
0.440138 0.104564 0.651195 0.440146 0.104576 0.651197  0.102007 -0.356052  0.135353  -1.94953 0.0469194   1.59649  0.228012
0.438972  0.10564 0.651188  0.43898 0.105652 0.651189  0.102967 -0.358691  0.136825  -1.95185 0.0477654   1.59626  0.230225
0.437804 0.106718 0.651181 0.437812  0.10673 0.651182   0.10393 -0.361324  0.138304  -1.95416 0.0486194   1.59602  0.232442
0.436634 0.107797 0.651173 0.436643 0.107809 0.651175  0.104896 -0.363949  0.139789  -1.95646 0.0494812   1.59578  0.234665
0.435463 0.108877 0.651166 0.435472 0.108889 0.651167  0.105864 -0.366566  0.141279  -1.95874 0.0503509   1.59553  0.236894
0.434291 0.109958 0.651158  0.4343 0.10997 0.65116  0.106835 -0.369176  0.142776  -1.96101 0.0512283   1.59528  0.239128
0.433117 0.111041 0.651151 0.433126 0.111053 0.651153  0.107808 -0.371777  0.144277  -1.96326 0.0521135   1.59502  0.241367
0.431942 0.112125 0.651144 0.431952 0.112136 0.651145  0.108783  -0.37437  0.145785  -1.96549 0.0530064   1.59475  0.243611
0.430766  0.11321 0.651137 0.430776 0.113221 0.651138  0.109761 -0.376954  0.147298  -1.96771  0.053907   1.59448  0.245861
0.429589 0.114296 0.651129 0.429599 0.114307  0.65113  0.110742  -0.37953  0.148817  -1.96991 0.0548151   1.59421  0.248115
0.428411 0.115383 0.651122 0.428421 0.115394 0.651123  0.111725 -0.382097  0.150341   -1.9721 0.0557307   1.59392  0.250374
0.427232 0.116471 0.651114 0.427242 0.116482 0.651116   0.11271 -0.384656  0.151871  -1.97427 0.0566538   1.59364  0.252638
0.426052  0.11756 0.651106 0.426062  0.11757 0.651108  0.113697 -0.387205  0.153406  -1.97642 0.0575843   1.59335  0.254907
0.424871 0.118649 0.651099 0.424881  0.11866 0.651101  0.114686 -0.389745  0.154946  -1.97856 0.0585221   1.59305   0.25718
0.423689 0.119739 0.651091 0.423699  0.11975 0.651093  0.115678 -0.392275  0.156491  -1.98068 0.0594672   1.59274  0.259458
0.422506  0.12083 0.651084 0.422517 0.120841 0.651086  0.116671 -0.394796  0.158042  -1.98279 0.0604196   1.59244   0.26174
0.421323 0.121922 0.651076 0.421333 0.121933 0.651078  0.117667 -0.397307  0.159597  -1.98488 0.0613791   1.59212  0.264027
0.420139 0.123014 0.651069 0.420149 0.123025 0.651071  0.118665 -0.399808  0.161158  -1.98695 0.0623457   1.59181  0.266318
0.418954 0.124107 0.651061 0.418965 0.124118 0.651063  0.119664 -0.402298  0.162723    -1.989 0.0633192   1.59148  0.268613
0.417769 0.125201 0.651054  0.41778 0.125211 0.651056  0.120666 -0.404779  0.164293  -1.99104 0.0642997   1.59115  0.270912
0.416583 0.126295 0.651046 0.416594 0.126305 0.651049  0.121669 -0.407249  0.165868  -1.99306  0.065287   1.59082  0.273216
0.415397 0.127389 0.651039 0.415409 0.127399 0.651041  0.122674 -0.409708  0.167448  -1.99506 0.0662811   1.59048  0.275523
0.414211 0.128483 0.651031 0.414222 0.128493 0.651034  0.123681 -0.412157  0.169032  -1.99705 0.0672819   1.59014  0.277834
0.413024 0.129578 0.651024 0.413036 0.129588 0.651026   0.12469 -0.414594  0.170621  -1.99902 0.0682893    1.5898  0.280148
0.411837 0.130673 0.651016 0.411849 0.130683 0.651019    0.1257 -0.417021  0.172215  -2.00097 0.0693032   1.58945  0.282466
 0.41065 0.131768 0.651009 0.410662 0.131778 0.651011  0.126712 -0.419436  0.173812   -2.0029 0.0703235   1.58909  0.284788
0.409463 0.132864 0.651001 0.409475 0.132873 0.651004  0.127725  -0.42184  0.175414  -2.00482 0.0713502   1.58873  0.287113
0.408276 0.133959 0.650994 0.408288 0.133968 0.650996   0.12874 -0.424232  0.177021  -2.00672 0.0723831   1.58837  0.289441
0.407089 0.135055 0.650987 0.407101 0.135063 0.650989  0.129756 -0.426612  0.178631   -2.0086 0.0734222     1.588  0.291772
0.405901  0.13615 0.650979 0.405913 0.136158 0.650981  0.130773 -0.428981  0.180245  -2.01046 0.0744673   1.58763  0.294107
0.404714 0.137245 0.650971 0.404727 0.137254 0.650974  0.131792 -0.431337  0.181864  -2.01231 0.0755185   1.58726  0.296444
0.403527  0.13834 0.650964  0.40354 0.138348 0.650966  0.132812 -0.433682  0.183486  -2.01414 0.0765755   1.58688  0.298784
0.402341 0.139435 0.650957 0.402353 0.139443 0.650959  0.133833 -0.436014  0.185112  -2.01595 0.0776383    1.5865  0.301127
0.401154 0.140529 0.650949 0.401167 0.140538 0.650951  0.134855 -0.438333  0.186742  -2.01774 0.0787068   1.58611  0.303473
0.399968 0.141624 0.650942 0.399981 0.141632 0.650944  0.135878  -0.44064  0.188376  -2.01951 0.0797809   1.58572  0.305821
0.398783 0.142717 0.650934 0.398796 0.142725 0.650937  0.136902 -0.442935  0.190013  -2.02127 0.0808604   1.58533  0.308171
0.397597 0.143811 0.650927 0.397611 0.143819 0.650929  0.137927 -0.445216  0.191654  -2.02301 0.0819454   1.58493  0.310524
0.396413 0.144904 0.650919 0.396426 0.144911 0.650922  0.138953 -0.447484  0.193298  -2.02472 0.0830357   1.58453  0.312879
0.395229 0.145996 0.650912 0.395242 0.146004 0.650914  0.139979  -0.44974  0.194945  -2.02643 0.0841311   1.58413  0.315236
0.394046 0.147088 0.650904 0.394059 0.147095 0.650907  0.141007 -0.451982  0.196595  -2.02811 0.0852316   1.58373  0.317596
0.392863 0.148179 0.650897 0.392876 0.148186 0.650899  0.142034 -0.454211  0.198249  -2.02977 0.0863371   1.58332  0.319957
0.391681 0.149269 0.650889 0.391695 0.149276 0.650892  0.143063 -0.456426  0.199906  -2.03142 0.0874475   1.58291   0.32232
  0.3905 0.150359 0.650882 0.390514 0.150366 0.650884  0.144091 -0.458628  0.201565  -2.03305 0.0885626   1.58249  0.324684
 0.38932 0.151448 0.650874 0.389334 0.151455 0.650877   0.14512 -0.460816  0.203228  -2.03466 0.0896824   1.58208   0.32705
0.388141 0.152536 0.650867 0.388155 0.152542  0.65087   0.14615 -0.462991  0.204893  -2.03625 0.0908067   1.58166  0.329418
0.386962 0.153623 0.650859 0.386977 0.153629 0.650862  0.147179 -0.465151  0.206561  -2.03782 0.0919354   1.58123  0.331786
0.385785 0.154709 0.650852   0.3858 0.154715 0.650855  0.148209 -0.467297  0.208231  -2.03937 0.0930684   1.58081  0.334156
0.384609 0.155794 0.650844 0.384624   0.1558 0.650847  0.149239 -0.469429  0.209904  -2.04091 0.0942056   1.58038  0.336527
0.383435 0.156878 0.650837 0.383449 0.156884  0.65084  0.150269 -0.471547   0.21158  -2.04243 0.0953469   1.57995  0.338899
0.382261  0.15796  0.65083 0.382276 0.157966 0.650833  0.151299 -0.473651  0.213258  -2.04393 0.0964922   1.57952  0.341272
0.381089 0.159042 0.650823 0.381103 0.159048 0.650825  0.152329  -0.47574  0.214938  -2.04541 0.0976413   1.57909  0.343645
0.379918 0.160123 0.650815 0.379933 0.160128 0.650818  0.153358 -0.477814  0.216619  -2.04687  0.098794   1.57866  0.346019
0.378748 0.161201 0.650808 0.378763 0.161206  0.65081  0.154387 -0.479874  0.218303  -2.04831 0.0999504   1.57822  0.348394
 0.37758 0.162279   0.6508 0.377595 0.162284 0.650803  0.155416 -0.481919  0.219989  -2.04974   0.10111   1.57778  0.350769
0.376414 0.163355 0.650793 0.376429  0.16336 0.650796  0.156444 -0.483949  0.221677  -2.05114  0.102273   1.57734  0.353144
0.375249  0.16443 0.650785 0.375264 0.164434 0.650788  0.157472 -0.485964  0.223366  -2.05253   0.10344    1.5769  0.355519
0.374086 0.165503 0.650778 0.374101 0.165507 0.650781  0.158499 -0.487965  0.225057   -2.0539  0.104609   1.57646  0.357894
0.372925 0.166575 0.650771  0.37294 0.166579 0.650774 0.159525 -0.48995  0.22675 -2.05525 0.105782  1.57601 0.360269
0.371765 0.167645 0.650764 0.371781 0.167649 0.650767 0.160551 -0.49192 0.228444 -2.05659 0.106957  1.57556 0.362643
0.370607 0.168713 0.650756 0.370623 0.168717 0.650759  0.161575 -0.493875  0.230139   -2.0579  0.108135   1.57512  0.365017
0.369451 0.169779 0.650749 0.369467 0.169783 0.650752  0.162599 -0.495815  0.231835   -2.0592  0.109316   1.57467  0.367391
0.368297 0.170844 0.650742 0.368313 0.170847 0.650745  0.163622 -0.497739  0.233533  -2.06048  0.110499   1.57422  0.369764
0.367145 0.171907 0.650735 0.367161  0.17191 0.650737  0.164643 -0.499647  0.235231  -2.06174  0.111684   1.57377  0.372136
0.365995 0.172968 0.650727 0.366012 0.172971  0.65073 0.165663 -0.50154  0.23693 -2.06298 0.112872  1.57332 0.374507
0.364848 0.174027  0.65072 0.364864  0.17403 0.650723  0.166682 -0.503418   0.23863   -2.0642  0.114062   1.57287  0.376877
0.363702 0.175084 0.650713 0.363719 0.175086 0.650716   0.1677 -0.50528 0.240331 -2.06541 0.115253  1.57242 0.379246
0.362559 0.176139 0.650705 0.362575 0.176141 0.650709  0.168716 -0.507126  0.242032  -2.06659  0.116447   1.57196  0.381613
0.361418 0.177191 0.650698 0.361435 0.177194 0.650701   0.16973 -0.508956  0.243733  -2.06776  0.117642   1.57151  0.383979
 0.36028 0.178242 0.650691 0.360296 0.178244 0.650694  0.170743 -0.510771  0.245435  -2.06892  0.118839   1.57106  0.386343
0.359143  0.17929 0.650684  0.35916 0.179292 0.650687 0.171754 -0.51257 0.247137 -2.07005 0.120037   1.5706 0.388705
 0.35801 0.180336 0.650677 0.358026 0.180338  0.65068  0.172764 -0.514353  0.248839  -2.07117  0.121236   1.57015  0.391066
0.356879  0.18138  0.65067 0.356895 0.181381 0.650673  0.173771 -0.516119  0.250541  -2.07226  0.122437    1.5697  0.393424
 0.35575 0.182421 0.650663 0.355767 0.182422 0.650666 0.174776 -0.51787 0.252243 -2.07334 0.123638  1.56924  0.39578
0.354624  0.18346 0.650655 0.354641 0.183461 0.650659   0.17578 -0.519605  0.253945  -2.07441  0.124841   1.56879  0.398134
0.353501 0.184496 0.650648 0.353518 0.184497 0.650652  0.176781 -0.521324  0.255646  -2.07545  0.126044   1.56833  0.400485
0.352381  0.18553 0.650641 0.352398  0.18553 0.650645   0.17778 -0.523026  0.257347  -2.07648  0.127247   1.56788  0.402834
0.351264 0.186561 0.650635 0.351281 0.186561 0.650637  0.178776 -0.524713  0.259048  -2.07749  0.128452   1.56743  0.405179
0.350149 0.187589 0.650627 0.350166 0.187589  0.65063   0.17977 -0.526383  0.260747  -2.07848  0.129656   1.56698  0.407522
0.349037 0.188615 0.650621 0.349055 0.188615 0.650623  0.180762 -0.528037  0.262446  -2.07945  0.130861   1.56652  0.409862
0.347929 0.189637 0.650613 0.347947 0.189637 0.650616  0.181751 -0.529675  0.264143  -2.08041  0.132066   1.56607  0.412198
0.346823 0.190657 0.650606 0.346841 0.190657  0.65061  0.182737 -0.531297   0.26584  -2.08135   0.13327   1.56562  0.414531
0.345721 0.191675 0.650599 0.345739 0.191674 0.650603  0.183721 -0.532902  0.267535  -2.08228  0.134475   1.56517  0.416861
0.344622 0.192689 0.650592  0.34464 0.192688 0.650596  0.184701 -0.534491  0.269229  -2.08318  0.135679   1.56472  0.419187
0.343526   0.1937 0.650585 0.343544 0.193699 0.650589  0.185679 -0.536064  0.270922  -2.08407  0.136883   1.56427  0.421509
0.342434 0.194708 0.650579 0.342452 0.194706 0.650582 0.186654 -0.53762 0.272613 -2.08494 0.138085  1.56382 0.423826
0.341345 0.195713 0.650572 0.341363 0.195711 0.650575  0.187625 -0.539161  0.274302   -2.0858  0.139288   1.56338   0.42614
0.340259 0.196715 0.650565 0.340277 0.196713 0.650568  0.188593 -0.540685  0.275989  -2.08664  0.140489   1.56293  0.428449
0.339177 0.197713 0.650558 0.339195 0.197711 0.650561  0.189558 -0.542193  0.277675  -2.08746  0.141689   1.56249  0.430754
0.338098 0.198708 0.650551 0.338117 0.198706 0.650555   0.19052 -0.543684  0.279358  -2.08827  0.142888   1.56205  0.433054
0.337023   0.1997 0.650545 0.337042 0.199698 0.650548  0.191478 -0.545159  0.281039  -2.08906  0.144086    1.5616   0.43535
0.335952 0.200689 0.650538  0.33597 0.200686 0.650541  0.192432 -0.546618  0.282718  -2.08983  0.145282   1.56116   0.43764
0.334884 0.201674 0.650531 0.334903 0.201671 0.650534 0.193383 -0.54806 0.284394 -2.09059 0.146477  1.56073 0.439926
 0.33382 0.202655 0.650525 0.333839 0.202652 0.650528  0.194331 -0.549487  0.286068  -2.09133   0.14767   1.56029  0.442206
0.332761 0.203633 0.650518 0.332779  0.20363 0.650521  0.195274 -0.550897  0.287739  -2.09206  0.148861   1.55985   0.44448
0.331705 0.204608 0.650511 0.331724 0.204604 0.650514  0.196214 -0.552291  0.289407  -2.09277   0.15005   1.55942   0.44675
0.330653 0.205578 0.650505 0.330672 0.205575 0.650508  0.197149 -0.553668  0.291072  -2.09346  0.151237   1.55899  0.449013
0.329605 0.206545 0.650498 0.329624 0.206541 0.650501 0.198081 -0.55503 0.292734 -2.09414 0.152422  1.55856  0.45127
0.328561 0.207509 0.650492  0.32858 0.207504 0.650495  0.199008 -0.556375  0.294392   -2.0948  0.153604   1.55813  0.453521
0.327521 0.208468 0.650485  0.32754 0.208463 0.650488  0.199931 -0.557704  0.296048  -2.09545  0.154784    1.5577  0.455766
0.326485 0.209423 0.650478 0.326505 0.209419 0.650482   0.20085 -0.559017  0.297699  -2.09609  0.155961   1.55728  0.458005
0.325454 0.210375 0.650472 0.325474  0.21037 0.650475  0.201764 -0.560314  0.299348   -2.0967  0.157135   1.55686  0.460237
0.324427 0.211322 0.650465 0.324447 0.211317 0.650469  0.202674 -0.561595  0.300992  -2.09731  0.158306   1.55644  0.462462
0.323405 0.212266 0.650459 0.323424 0.212261 0.650462   0.20358 -0.562861  0.302632  -2.09789  0.159474   1.55602   0.46468
0.322387 0.213205 0.650453 0.322407   0.2132 0.650456  0.20448 -0.56411 0.304268 -2.09847 0.160639   1.5556 0.466891
0.321373 0.214141 0.650446 0.321393 0.214135 0.650449  0.205377 -0.565343    0.3059  -2.09903  0.161801   1.55519  0.469095
0.320364 0.215072  0.65044 0.320384 0.215066 0.650443 0.206268 -0.56656 0.307528 -2.09957 0.162959  1.55478 0.471292
 0.31936 0.215998 0.650434  0.31938 0.215992 0.650437  0.207155 -0.567762  0.309151   -2.1001  0.164113   1.55437   0.47348
 0.31836 0.216921 0.650427  0.31838 0.216914  0.65043  0.208036 -0.568948   0.31077  -2.10062  0.165264   1.55396  0.475661
0.317365 0.217839 0.650421 0.317385 0.217832 0.650424  0.208913 -0.570118  0.312384  -2.10112  0.166411   1.55356  0.477835
0.316375 0.218752 0.650415 0.316395 0.218745 0.650418  0.209784 -0.571273  0.313992  -2.10161  0.167554   1.55316      0.48
 0.31539 0.219661 0.650408  0.31541 0.219654 0.650412  0.210651 -0.572412  0.315596  -2.10208  0.168692   1.55276  0.482156
 0.31441 0.220566 0.650402  0.31443 0.220559 0.650406  0.211512 -0.573536  0.317195  -2.10254  0.169827   1.55236  0.484305
0.313434 0.221466 0.650396 0.313455 0.221458 0.650399  0.212368 -0.574644  0.318788  -2.10299  0.170957   1.55197  0.486444
0.312464 0.222361  0.65039 0.312485 0.222353 0.650393  0.213219 -0.575737  0.320376  -2.10343  0.172082   1.55158  0.488575
0.311499 0.223252 0.650384  0.31152 0.223244 0.650387  0.214064 -0.576814  0.321958  -2.10385  0.173203   1.55119  0.490696
0.310539 0.224138 0.650378  0.31056 0.224129 0.650381  0.214904 -0.577876  0.323534  -2.10426  0.174319   1.55081  0.492809
0.309584 0.225019 0.650372 0.309605  0.22501 0.650375  0.215738 -0.578923  0.325105  -2.10465  0.175431   1.55042  0.494913
0.308635 0.225895 0.650366 0.308655 0.225886 0.650369  0.216567 -0.579955  0.326669  -2.10504  0.176537   1.55004  0.497006
 0.30769 0.226766  0.65036 0.307711 0.226757 0.650363  0.217389 -0.580972  0.328227  -2.10541  0.177638   1.54967   0.49909
0.306752 0.227632 0.650354 0.306773 0.227623 0.650357  0.218207 -0.581974  0.329779  -2.10577  0.178733   1.54929  0.501164
0.305819 0.228494 0.650348  0.30584 0.228484 0.650351  0.219018 -0.582961  0.331324  -2.10611  0.179824   1.54892  0.503229
0.304891  0.22935 0.650343 0.304912  0.22934 0.650346  0.219824 -0.583934  0.332863  -2.10645  0.180909   1.54856  0.505283
0.303969   0.2302 0.650337  0.30399 0.230191  0.65034  0.220623 -0.584892  0.334395  -2.10677  0.181988   1.54819  0.507326
0.303052 0.231046 0.650331 0.303073 0.231036 0.650334  0.221417 -0.585835   0.33592  -2.10708  0.183061   1.54783  0.509359
0.302141 0.231887 0.650325 0.302162 0.231876 0.650328  0.222204 -0.586764  0.337437  -2.10738  0.184129   1.54747  0.511381
0.301236 0.232722  0.65032 0.301257 0.232711 0.650323  0.222986 -0.587678  0.338948  -2.10767  0.185191   1.54712  0.513393
0.300337 0.233552 0.650314 0.300358 0.233541 0.650317  0.223761 -0.588578  0.340451  -2.10795  0.186246   1.54677  0.515393
0.299443 0.234376 0.650308 0.299465 0.234365 0.650311   0.22453 -0.589464  0.341946  -2.10822  0.187295   1.54642  0.517381
0.298556 0.235195 0.650302 0.298578 0.235184 0.650306  0.225293 -0.590335  0.343434  -2.10847  0.188338   1.54607  0.519359
0.297675 0.236008 0.650297 0.297696 0.235997   0.6503  0.226049 -0.591193  0.344914  -2.10872  0.189375   1.54573  0.521324
0.296799 0.236816 0.650292 0.296821 0.236804 0.650295  0.226799 -0.592037  0.346387  -2.10895  0.190405   1.54539  0.523278
 0.29593 0.237618 0.650286 0.295952 0.237606 0.650289  0.227543 -0.592866  0.347851  -2.10918  0.191428   1.54506   0.52522
0.295067 0.238415 0.650281 0.295089 0.238403 0.650284   0.22828 -0.593682  0.349306  -2.10939  0.192444   1.54473   0.52715
 0.29421 0.239206 0.650275 0.294232 0.239193 0.650278  0.229011 -0.594485  0.350754   -2.1096  0.193454    1.5444  0.529067
0.293359 0.239991  0.65027 0.293381 0.239978 0.650273  0.229735 -0.595274  0.352192  -2.10979  0.194456   1.54407  0.530972
0.292515 0.240769 0.650264 0.292537 0.240757 0.650268  0.230452 -0.596049  0.353622  -2.10998  0.195452   1.54375  0.532864
0.291677 0.241543 0.650259 0.291699 0.241529 0.650262  0.231163 -0.596812  0.355043  -2.11015   0.19644   1.54343  0.534743
0.290846  0.24231 0.650254 0.290868 0.242296 0.650257  0.231867 -0.597561  0.356455  -2.11032  0.197421   1.54312  0.536609
0.290021 0.243071 0.650249 0.290043 0.243057 0.650252  0.232564 -0.598297  0.357857  -2.11048  0.198394   1.54281  0.538462
0.289203 0.243826 0.650244 0.289225 0.243812 0.650247 0.233255 -0.59902  0.35925 -2.11063  0.19936   1.5425 0.540301
0.288391 0.244575 0.650239 0.288413 0.244561 0.650242 0.233938 -0.59973 0.360634 -2.11077 0.200318   1.5422 0.542127
0.287586 0.245318 0.650234 0.287609 0.245303 0.650237  0.234615 -0.600427  0.362008   -2.1109  0.201268    1.5419  0.543938
0.286788 0.246054 0.650229 0.286811  0.24604 0.650232  0.235285 -0.601111  0.363372  -2.11102  0.202211    1.5416  0.545736
0.285997 0.246784 0.650224 0.286019  0.24677 0.650227  0.235947 -0.601784  0.364727  -2.11114  0.203145    1.5413   0.54752
0.285213 0.247508 0.650219 0.285235 0.247493 0.650222  0.236603 -0.602443  0.366071  -2.11124  0.204072   1.54101  0.549289
0.284435 0.248226 0.650214 0.284458  0.24821 0.650217  0.237252 -0.603091  0.367404  -2.11134   0.20499   1.54073  0.551043
0.283665 0.248937 0.650209 0.283687 0.248921 0.650212  0.237893 -0.603726  0.368728  -2.11143  0.205901   1.54044  0.552783
0.282901 0.249641 0.650204 0.282924 0.249625 0.650207  0.238528 -0.604349   0.37004  -2.11152  0.206802   1.54016  0.554508
0.282145 0.250339 0.650199 0.282168 0.250323 0.650202  0.239155 -0.604961  0.371342   -2.1116  0.207696   1.53989  0.556218
0.281396  0.25103 0.650195 0.281419 0.251014 0.650198 0.239775 -0.60556 0.372633 -2.11167 0.208581  1.53962 0.557913
0.280654 0.251715  0.65019 0.280677 0.251698 0.650193  0.240388 -0.606148  0.373913  -2.11173  0.209457   1.53935  0.559592
 0.27992 0.252393 0.650185 0.279942 0.252376 0.650188  0.240994 -0.606724  0.375182  -2.11179  0.210324   1.53908  0.561256
0.279193 0.253064 0.650181 0.279215 0.253047 0.650184  0.241592 -0.607289  0.376439  -2.11184  0.211183   1.53882  0.562903
0.278473 0.253728 0.650176 0.278496 0.253711 0.650179  0.242183 -0.607842  0.377685  -2.11188  0.212033   1.53856  0.564535
0.277761 0.254385 0.650172 0.277783 0.254368 0.650175  0.242766 -0.608385  0.378919  -2.11192  0.212874   1.53831  0.566151
0.277056 0.255035 0.650167 0.277079 0.255018  0.65017  0.243343 -0.608916  0.380141  -2.11195  0.213705   1.53806   0.56775
0.276359 0.255679 0.650163 0.276382 0.255661 0.650166  0.243911 -0.609436  0.381351  -2.11198  0.214528   1.53781  0.569332
0.275669 0.256315 0.650159 0.275692 0.256297 0.650162  0.244473 -0.609946  0.382549    -2.112  0.215341   1.53757  0.570898
0.274987 0.256944 0.650154  0.27501 0.256926 0.650157  0.245027 -0.610444  0.383734  -2.11201  0.216145   1.53732  0.572447
0.274313 0.257566  0.65015 0.274336 0.257548 0.650153  0.245573 -0.610932  0.384907  -2.11202  0.216939   1.53709  0.573978
0.273647 0.258181 0.650146  0.27367 0.258162 0.650149 0.246112 -0.61141 0.386068 -2.11203 0.217724  1.53685 0.575493
0.272989 0.258788 0.650142 0.273012  0.25877 0.650145  0.246643 -0.611877  0.387215  -2.11203    0.2185   1.53663   0.57699
0.272339 0.259388 0.650138 0.272362  0.25937 0.650141  0.247167 -0.612334   0.38835  -2.11202  0.219265    1.5364  0.578469
0.271696 0.259981 0.650134  0.27172 0.259962 0.650137  0.247683 -0.612781  0.389471  -2.11201  0.220021   1.53618  0.579931
0.271062 0.260567  0.65013 0.271085 0.260547 0.650133  0.248192 -0.613218  0.390579    -2.112  0.220767   1.53596  0.581374
0.270436 0.261144 0.650126 0.270459 0.261125 0.650129  0.248693 -0.613645  0.391674  -2.11198  0.221503   1.53574    0.5828
0.269818 0.261715 0.650122 0.269842 0.261695 0.650125  0.249186 -0.614063  0.392755  -2.11196  0.222229   1.53553  0.584207
0.269209 0.262277 0.650118 0.269232 0.262257 0.650121 0.249671 -0.61447 0.393822 -2.11194 0.222945  1.53533 0.585595
0.268607 0.262832 0.650114 0.268631 0.262812 0.650117  0.250149 -0.614869  0.394875  -2.11191  0.223651   1.53512  0.586965
0.268014 0.263379 0.650111 0.268038 0.263359 0.650114  0.250619 -0.615257  0.395915  -2.11188  0.224346   1.53492  0.588316
 0.26743 0.263919 0.650107 0.267453 0.263898  0.65011  0.251082 -0.615637   0.39694  -2.11184  0.225031   1.53472  0.589647
0.266854  0.26445 0.650103 0.266877 0.264429 0.650106  0.251536 -0.616008   0.39795   -2.1118  0.225706   1.53453   0.59096
0.266286 0.264974 0.650099  0.26631 0.264953 0.650103  0.251983 -0.616369  0.398946  -2.11176  0.226371   1.53434  0.592253
0.265727  0.26549 0.650096 0.265751 0.265469 0.650099  0.252422 -0.616722  0.399928  -2.11172  0.227024   1.53415  0.593526
0.265177 0.265998 0.650093 0.265201 0.265976 0.650096  0.252854 -0.617066  0.400894  -2.11167  0.227668   1.53397   0.59478
0.264636 0.266497 0.650089 0.264659 0.266476 0.650092  0.253277 -0.617401  0.401846  -2.11162    0.2283   1.53379  0.596014
0.264103 0.266989 0.650086 0.264127 0.266967 0.650089  0.253693 -0.617728  0.402782  -2.11157  0.228922   1.53361  0.597227
0.263579 0.267472 0.650083 0.263603  0.26745 0.650086    0.2541 -0.618046  0.403703  -2.11151  0.229533   1.53344   0.59842
0.263064 0.267948 0.650079 0.263088 0.267925 0.650082    0.2545 -0.618356  0.404608  -2.11146  0.230133   1.53327  0.599593
0.262558 0.268415 0.650076 0.262582 0.268392 0.650079  0.254892 -0.618657  0.405498   -2.1114  0.230722   1.53311  0.600745
0.262061 0.268873 0.650073 0.262085 0.268851 0.650076  0.255276 -0.618951  0.406372  -2.11134  0.231299   1.53295  0.601876
0.261573 0.269324  0.65007 0.261597 0.269301 0.650073  0.255652 -0.619237   0.40723  -2.11128  0.231866   1.53279  0.602986
0.261094 0.269765 0.650067 0.261118 0.269742  0.65007   0.25602 -0.619514  0.408072  -2.11122  0.232422   1.53263  0.604075
0.260625 0.270199 0.650064 0.260649 0.270176 0.650067   0.25638 -0.619784  0.408898  -2.11116  0.232966   1.53248  0.605143
0.260165 0.270624 0.650061 0.260189   0.2706 0.650064  0.256733 -0.620046  0.409707  -2.11109  0.233499   1.53233  0.606189
0.259713  0.27104 0.650058 0.259738 0.271016 0.650061  0.257077 -0.620301    0.4105  -2.11103  0.234021   1.53219  0.607213
0.259272 0.271447 0.650056 0.259296 0.271424 0.650059  0.257413 -0.620548  0.411276  -2.11096  0.234531   1.53205  0.608215
 0.25884 0.271846 0.650053 0.258864 0.271822 0.650056  0.257741 -0.620788  0.412035   -2.1109  0.235029   1.53191  0.609195
0.258417 0.272236  0.65005 0.258441 0.272212 0.650053 0.258061 -0.62102 0.412777 -2.11083 0.235516  1.53178 0.610154
0.258004 0.272617 0.650047 0.258028 0.272593 0.650051  0.258374 -0.621246  0.413502  -2.11076  0.235992   1.53165  0.611089
0.257601  0.27299 0.650045 0.257625 0.272965 0.650048  0.258678 -0.621464   0.41421   -2.1107  0.236455   1.53152  0.612002
0.257207 0.273353 0.650042 0.257231 0.273329 0.650046  0.258974 -0.621675    0.4149  -2.11063  0.236907    1.5314  0.612893
0.256823 0.273708  0.65004 0.256847 0.273683 0.650043 0.259261 -0.62188 0.415573 -2.11056 0.237347  1.53127  0.61376
0.256448 0.274053 0.650038 0.256473 0.274028 0.650041  0.259541 -0.622077  0.416228   -2.1105  0.237775   1.53116  0.614604
0.256084  0.27439 0.650035 0.256109 0.274364 0.650038  0.259813 -0.622268  0.416864  -2.11043  0.238191   1.53104  0.615425
0.255729 0.274717 0.650033 0.255754 0.274691 0.650036  0.260076 -0.622452  0.417483  -2.11037  0.238595   1.53093  0.616223
0.255385 0.275035 0.650031  0.25541 0.275009 0.650034 0.260331 -0.62263 0.418084  -2.1103 0.238987  1.53083 0.616997
 0.25505 0.275344 0.650029 0.255075 0.275318 0.650032  0.260578 -0.622801  0.418666  -2.11024  0.239366   1.53072  0.617747
0.254726 0.275643 0.650027 0.254751 0.275617  0.65003  0.260817 -0.622966   0.41923  -2.11018  0.239733   1.53062  0.618473
0.254412 0.275933 0.650024 0.254436 0.275907 0.650028  0.261048 -0.623124  0.419775  -2.11011  0.240088   1.53053  0.619175
0.254108 0.276214 0.650023 0.254132 0.276187 0.650026   0.26127 -0.623276  0.420301  -2.11005  0.240431   1.53043  0.619853
0.253814 0.276485 0.650021 0.253839 0.276459 0.650024  0.261485 -0.623422  0.420809  -2.10999  0.240761   1.53034  0.620507
 0.25353 0.276746 0.650019 0.253555  0.27672 0.650022   0.26169 -0.623561  0.421297  -2.10994  0.241079   1.53026  0.621136
0.253257 0.276999 0.650018 0.253282 0.276972 0.650021  0.261888 -0.623695  0.421766  -2.10988  0.241384   1.53017   0.62174
0.252994 0.277241 0.650016  0.25302 0.277214 0.650019  0.262077 -0.623823  0.422216  -2.10982  0.241677   1.53009  0.622319
0.252742 0.277474 0.650014 0.252768 0.277447 0.650017  0.262258 -0.623944  0.422647  -2.10977  0.241956   1.53002  0.622873
  0.2525 0.277697 0.650013 0.252526  0.27767 0.650016  0.26243 -0.62406 0.423057 -2.10972 0.242223  1.52995 0.623402
 0.25227  0.27791 0.650011 0.252295 0.277883 0.650014  0.262594 -0.624169  0.423448  -2.10967  0.242477   1.52988  0.623906
0.252049 0.278113  0.65001 0.252075 0.278086 0.650013   0.26275 -0.624273  0.423819  -2.10962  0.242718   1.52981  0.624384
 0.25184 0.278307 0.650008 0.251865 0.278279 0.650012  0.262897 -0.624372  0.424171  -2.10958  0.242947   1.52975  0.624836
0.251641  0.27849 0.650007 0.251667 0.278462  0.65001  0.263036 -0.624464  0.424502  -2.10954  0.243162   1.52969  0.625262
0.251453 0.278663 0.650006 0.251479 0.278635 0.650009  0.263166 -0.624551  0.424812  -2.10949  0.243364   1.52963  0.625663
0.251276 0.278827 0.650005 0.251302 0.278799 0.650008  0.263288 -0.624632  0.425102  -2.10946  0.243553   1.52958  0.626037
 0.25111  0.27898 0.650004 0.251136 0.278952 0.650007  0.263401 -0.624708  0.425372  -2.10942  0.243729   1.52953  0.626385
0.250955 0.279123 0.650003 0.250981 0.279095 0.650006  0.263506 -0.624778  0.425621  -2.10938  0.243891   1.52948  0.626706
0.250811 0.279256 0.650002 0.250838 0.279227 0.650005  0.263601 -0.624842  0.425849  -2.10935   0.24404   1.52944  0.627001
0.250679 0.279378 0.650001 0.250705  0.27935 0.650004 0.263689  -0.6249 0.426056 -2.10932 0.244176   1.5294 0.627268
0.250557  0.27949     0.65 0.250584 0.279462 0.650004  0.263767 -0.624953  0.426243   -2.1093  0.244298   1.52937  0.627509
0.250447 0.279592 0.649999 0.250474 0.279563 0.650003  0.263837 -0.625001  0.426408  -2.10928  0.244406   1.52934  0.627723
0.250348 0.279683 0.649999 0.250375 0.279654 0.650002  0.263898 -0.625043  0.426552  -2.10925  0.244501   1.52931   0.62791
0.250261 0.279764 0.649998 0.250287 0.279735 0.650002  0.263951 -0.625079  0.426674  -2.10924  0.244582   1.52928  0.628069
0.250185 0.279834 0.649998 0.250212 0.279805 0.650001 0.263994 -0.62511 0.426775 -2.10922  0.24465  1.52926 0.628201
 0.25012 0.279894 0.649997 0.250147 0.279864 0.650001  0.264029 -0.625136  0.426854  -2.10921  0.244704   1.52924  0.628305
0.250067 0.279943 0.649997 0.250094 0.279913 0.650001  0.264054 -0.625155  0.426911   -2.1092  0.244743   1.52923  0.628381
0.250026 0.279981 0.649997 0.250053 0.279951     0.65 0.264071 -0.62517 0.426947 -2.10919 0.244769  1.52922 0.628429
0.249997 0.280008 0.649996 0.250024 0.279978     0.65  0.264079 -0.625178   0.42696  -2.10919   0.24478   1.52921  0.628449
0.249979 0.280024 0.649996 0.250006 0.279995     0.65  0.264077 -0.625181  0.426952  -2.10919  0.244778    1.5292  0.628441
0.249973  0.28003 0.649996 0.25 0.28 0.65  0.264067 -0.625178  0.426921  -2.10919  0.244761    1.5292  0.628404
0.249978 0.280025 0.649996 0.25 0.28 0.65  0.264059 -0.625177  0.426896  -2.10919  0.244748    1.5292  0.628375
0.249996 0.280008 0.649996 0.25 0.28 0.65 0.264058 -0.62518 0.426887 -2.10919 0.244745   1.5292 0.628366
0.250013 0.279994 0.649995 0.25 0.28 0.65  0.264062 -0.625187  0.426892  -2.10919  0.244752   1.52919  0.628376
0.250021 0.279987 0.649992 0.25 0.28 0.65   0.26407 -0.625196  0.426904  -2.10918  0.244764   1.52918  0.628396
0.250023 0.279988 0.649989 0.25 0.28 0.65  0.264078 -0.625207  0.426915  -2.10917  0.244776   1.52916  0.628417
 0.25002 0.279992 0.649987 0.25 0.28 0.65  0.264085 -0.625217  0.426922  -2.10916  0.244785   1.52914  0.628432
0.250015 0.279996 0.649987 0.25 0.28 0.65   0.26409 -0.625226  0.426925  -2.10915  0.244793   1.52912  0.628443
0.250012 0.279998 0.649989 0.25 0.28 0.65  0.264095 -0.625235  0.426925  -2.10914  0.244798   1.52911   0.62845
 0.25001 0.279999 0.649992 0.25 0.28 0.65  0.264098 -0.625242  0.426925  -2.10913  0.244804    1.5291  0.628455
0.250008 0.279998 0.649995 0.25 0.28 0.65  0.264102 -0.625249  0.426926  -2.10913  0.244809   1.52909  0.628461
0.250007 0.279998 0.649998 0.25 0.28 0.65  0.264105 -0.625255  0.426928  -2.10913  0.244814   1.52909  0.628465
0.250006 0.279998     0.65 0.25 0.28 0.65 0.264108 -0.62526 0.426931 -2.10913 0.244819  1.52909 0.628469
0.250005 0.279998 0.650001 0.25 0.28 0.65   0.26411 -0.625264  0.426933  -2.10914  0.244824   1.52909  0.628473
0.250003 0.279999 0.650002 0.25 0.28 0.65  0.264112 -0.625268  0.426934  -2.10914  0.244827   1.52909  0.628474
0.250002 0.279999 0.650002 0.25 0.28 0.65 0.264113 -0.62527 0.426935 -2.10915 0.244829   1.5291 0.628475
0.250001     0.28 0.650002 0.25 0.28 0.65  0.264114 -0.625273  0.426935  -2.10915  0.244831    1.5291  0.628476
0.250001     0.28 0.650002 0.25 0.28 0.65  0.264115 -0.625275  0.426935  -2.10915  0.244833    1.5291  0.628476
0.250001     0.28 0.650001 0.25 0.28 0.65  0.264116 -0.625278  0.426935  -2.10916  0.244834    1.5291  0.628476
0.250002     0.28 0.650001 0.25 0.28 0.65 0.264117 -0.62528 0.426935 -2.10916 0.244835   1.5291 0.628476
0.250002     0.28 0.650001 0.25 0.28 0.65  0.264118 -0.625283  0.426935  -2.10916  0.244836    1.5291  0.628477
0.250003     0.28     0.65 0.25 0.28 0.65  0.264119 -0.625286  0.426935  -2.10916  0.244837    1.5291  0.628478
0.250003     0.28 0.649999 0.25 0.28 0.65  0.26412 -0.62529 0.426935 -2.10916 0.244839   1.5291 0.628479
0.250004     0.28 0.649998 0.25 0.28 0.65  0.264122 -0.625293  0.426936  -2.10916   0.24484   1.52909  0.628481
0.250005     0.28 0.649997 0.25 0.28 0.65  0.264123 -0.625297  0.426936  -2.10916  0.244842   1.52909  0.628483
0.250005     0.28 0.649996 0.25 0.28 0.65  0.264125 -0.625302  0.426936  -2.10916  0.244844   1.52908  0.628486
0.250006 0.279999 0.649996 0.25 0.28 0.65  0.264127 -0.625306  0.426936  -2.10915  0.244846   1.52907  0.628489
0.250006 0.279999 0.649995 0.25 0.28 0.65  0.264129 -0.625311  0.426937  -2.10915  0.244849   1.52907  0.628493
0.250007 0.279999 0.649995 0.25 0.28 0.65  0.264132 -0.625316  0.426937  -2.10915  0.244852   1.52906  0.628497
0.250007 0.279999 0.649995 0.25 0.28 0.65  0.264134 -0.625321  0.426938  -2.10914  0.244855   1.52905  0.628501
0.250007 0.279999 0.649995 0.25 0.28 0.65  0.264137 -0.625326  0.426939  -2.10914  0.244858   1.52904  0.628505
0.250007 0.279999 0.649995 0.25 0.28 0.65  0.264139 -0.625331   0.42694  -2.10914  0.244861   1.52904  0.628509
0.250007 0.279999 0.649996 0.25 0.28 0.65  0.264142 -0.625336  0.426941  -2.10913  0.244864   1.52903  0.628513
0.250006 0.279999 0.649996 0.25 0.28 0.65  0.264144 -0.625341  0.426942  -2.10913  0.244867   1.52902  0.628517
0.250006 0.279999 0.649997 0.25 0.28 0.65  0.264146 -0.625345  0.426943  -2.10913  0.244871   1.52902  0.628521
0.250006 0.279998 0.649998 0.25 0.28 0.65 0.264149 -0.62535 0.426944 -2.10913 0.244874  1.52901 0.628525
0.250005 0.279998 0.649998 0.25 0.28 0.65  0.264151 -0.625354  0.426946  -2.10913  0.244877   1.52901  0.628528
0.250005 0.279999 0.649998 0.25 0.28 0.65  0.264153 -0.625358  0.426947  -2.10913   0.24488   1.52901  0.628532
0.250005 0.279999 0.649999 0.25 0.28 0.65  0.264155 -0.625362  0.426948  -2.10913  0.244883   1.52901  0.628535
0.250005 0.279999 0.649999 0.25 0.28 0.65  0.264157 -0.625366   0.42695  -2.10913  0.244886     1.529  0.628538
0.250004 0.279999 0.649999 0.25 0.28 0.65 0.264159 -0.62537 0.426951 -2.10913 0.244888    1.529 0.628541
0.250005 0.279999     0.65 0.25 0.28 0.65  0.264161 -0.625374  0.426953  -2.10913  0.244891     1.529  0.628544
0.250004 0.279999     0.65 0.25 0.28 0.65  0.264162 -0.625377  0.426954  -2.10913  0.244894     1.529  0.628546
0.250004 0.279999 0.649999 0.25 0.28 0.65  0.264164 -0.625381  0.426955  -2.10913  0.244896     1.529  0.628549
0.250004 0.279999 0.649999 0.25 0.28 0.65  0.264166 -0.625384  0.426957  -2.10913  0.244898   1.52899  0.628552
0.250005 0.279999 0.649999 0.25 0.28 0.65  0.264168 -0.625388  0.426958  -2.10913  0.244901   1.52899  0.628555
0.250005 0.279999 0.649998 0.25 0.28 0.65   0.26417 -0.625392  0.426959  -2.10913  0.244903   1.52899  0.628557
0.250005 0.279999 0.649998 0.25 0.28 0.65  0.264171 -0.625396   0.42696  -2.10913  0.244905   1.52898   0.62856
0.250005 0.279999 0.649998 0.25 0.28 0.65 0.264173  -0.6254 0.426961 -2.10913 0.244907  1.52898 0.628563
0.250005 0.279999 0.649998 0.25 0.28 0.65  0.264175 -0.625403  0.426962  -2.10913   0.24491   1.52898  0.628566
0.250005 0.279999 0.649998 0.25 0.28 0.65  0.264177 -0.625407  0.426963  -2.10913  0.244912   1.52897  0.628569
0.250005 0.279999 0.649997 0.25 0.28 0.65  0.264179 -0.625411  0.426964  -2.10913  0.244914   1.52897  0.628572
0.250005 0.279999 0.649997 0.25 0.28 0.65  0.264181 -0.625415  0.426965  -2.10913  0.244917   1.52896  0.628575
0.250005 0.279999 0.649997 0.25 0.28 0.65  0.264183 -0.625419  0.426965  -2.10913  0.244919   1.52896  0.628578
0.250005 0.279999 0.649997 0.25 0.28 0.65  0.264184 -0.625423  0.426966  -2.10912  0.244921   1.52895  0.628581
0.250005 0.279999 0.649997 0.25 0.28 0.65  0.264186 -0.625427  0.426967  -2.10912  0.244923   1.52895  0.628584
0.250005 0.279999 0.649997 0.25 0.28 0.65 0.264188 -0.62543 0.426967 -2.10912 0.244926  1.52894 0.628587
0.250005 0.279999 0.649997 0.25 0.28 0.65   0.26419 -0.625434  0.426968  -2.10912  0.244928   1.52894  0.628589
0.250005 0.279999 0.649997 0.25 0.28 0.65  0.264192 -0.625438  0.426968  -2.10912   0.24493   1.52894  0.628592
0.250005 0.279999 0.649998 0.25 0.28 0.65  0.264193 -0.625442  0.426969  -2.10912  0.244933   1.52893  0.628595
0.250004 0.279999 0.649998 0.25 0.28 0.65  0.264195 -0.625445   0.42697  -2.10912  0.244935   1.52893  0.628597
0.250004 0.279999 0.649998 0.25 0.28 0.65  0.264197 -0.625449   0.42697  -2.10912  0.244937   1.52892  0.628599
0.250004 0.279999 0.649998 0.25 0.28 0.65  0.264198 -0.625452  0.426971  -2.10912  0.244939   1.52892  0.628602
0.250004 0.279999 0.649998 0.25 0.28 0.65    0.2642 -0.625456  0.426972  -2.10912  0.244941   1.52892  0.628604
0.250004 0.279999 0.649998 0.25 0.28 0.65  0.264201 -0.625459  0.426973  -2.10911  0.244943   1.52892  0.628607
0.250004 0.279999 0.649998 0.25 0.28 0.65  0.264203 -0.625462  0.426973  -2.10911  0.244946   1.52891  0.628609
0.250004 0.279999 0.649998 0.25 0.28 0.65  0.264205 -0.625466  0.426974  -2.10911  0.244948   1.52891  0.628612
0.250004 0.279999 0.649998 0.25 0.28 0.65  0.264206 -0.625469  0.426975  -2.10911   0.24495   1.52891  0.628614
0.250004 0.279999 0.649998 0.25 0.28 0.65  0.264208 -0.625473  0.426976  -2.10911  0.244952    1.5289  0.628616
0.250004 0.279999 0.649999 0.25 0.28 0.65   0.26421 -0.625476  0.426977  -2.10911  0.244954    1.5289  0.628619
0.250004 0.279999 0.649999 0.25 0.28 0.65 0.264211 -0.62548 0.426978 -2.10911 0.244956   1.5289 0.628622
0.250004 0.279999 0.649998 0.25 0.28 0.65  0.264213 -0.625483  0.426979  -2.10911  0.244958   1.52889  0.628624
0.250004 0.279999 0.649998 0.25 0.28 0.65  0.264215 -0.625487   0.42698  -2.10911  0.244961   1.52889  0.628627
0.250004 0.279999 0.649998 0.25 0.28 0.65 0.264216 -0.62549 0.426981 -2.10911 0.244963  1.52889  0.62863
0.250004 0.279999 0.649998 0.25 0.28 0.65  0.264218 -0.625493  0.426982  -2.10911  0.244965   1.52888  0.628633
0.250004 0.279999 0.649998 0.25 0.28 0.65   0.26422 -0.625497  0.426982  -2.10911  0.244967   1.52888  0.628635
0.250004 0.279999 0.649998 0.25 0.28 0.65 0.264221  -0.6255 0.426983 -2.10911 0.244969  1.52888 0.628638
0.250004 0.279999 0.649998 0.25 0.28 0.65  0.264223 -0.625504  0.426984  -2.10911  0.244971   1.52887  0.628641
0.250004 0.279999 0.649998 0.25 0.28 0.65  0.264225 -0.625507  0.426985  -2.10911  0.244974   1.52887  0.628643
0.250004 0.279999 0.649998 0.25 0.28 0.65 0.264226 -0.62551 0.426986 -2.10911 0.244976  1.52887 0.628646
0.250004 0.279999 0.649998 0.25 0.28 0.65  0.264228 -0.625514  0.426987  -2.10911  0.244978   1.52886  0.628648
0.250004 0.279999 0.649998 0.25 0.28 0.65   0.26423 -0.625517  0.426988  -2.10911   0.24498   1.52886  0.628651
0.250004 0.279999 0.649998 0.25 0.28 0.65  0.264231 -0.625521  0.426989   -2.1091  0.244982   1.52886  0.628654
0.250004 0.279999 0.649998 0.25 0.28 0.65  0.264233 -0.625524  0.426989   -2.1091  0.244984   1.52885  0.628656
0.250004 0.279999 0.649998 0.25 0.28 0.65  0.264234 -0.625527   0.42699   -2.1091  0.244986   1.52885  0.628658
0.250004 0.279999 0.649998 0.25 0.28 0.65 0.264236 -0.62553 0.426991  -2.1091 0.244988  1.52885 0.628661
0.250004 0.279999 0.649998 0.25 0.28 0.65  0.264237 -0.625533  0.426991   -2.1091   0.24499   1.52884  0.628663
0.250004 0.279999 0.649998 0.25 0.28 0.65  0.264239 -0.625537  0.426992   -2.1091  0.244992   1.52884  0.628665
0.250004 0.279999 0.649998 0.25 0.28 0.65  0.26424 -0.62554 0.426993  -2.1091 0.244994  1.52884 0.628668
0.250004 0.279999 0.649998 0.25 0.28 0.65  0.264242 -0.625543  0.426993   -2.1091  0.244996   1.52884   0.62867
0.250004 0.279999 0.649999 0.25 0.28 0.65  0.264243 -0.625546  0.426994   -2.1091  0.244998   1.52883  0.628672
0.250004 0.279999 0.649998 0.25 0.28 0.65  0.264245 -0.625549  0.426995   -2.1091     0.245   1.52883  0.628674
0.250004 0.279999 0.649998 0.25 0.28 0.65  0.264246 -0.625552  0.426996   -2.1091  0.245002   1.52883  0.628677
0.250004 0.279999 0.649998 0.25 0.28 0.65  0.264248 -0.625555  0.426996   -2.1091  0.245003   1.52882  0.628679
0.250004 0.279999 0.649998 0.25 0.28 0.65  0.264249 -0.625558  0.426997   -2.1091  0.245005   1.52882  0.628681
0.250004 0.279999 0.649998 0.25 0.28 0.65   0.26425 -0.625561  0.426997   -2.1091  0.245007   1.52882  0.628683
0.250004 0.279999 0.649999 0.25 0.28 0.65  0.264252 -0.625564  0.426998   -2.1091  0.245009   1.52881  0.628685
0.250004 0.279999 0.649998 0.25 0.28 0.65  0.264253 -0.625567  0.426999   -2.1091  0.245011   1.52881  0.628687
0.250004 0.279999 0.649998 0.25 0.28 0.65 0.264255 -0.62557    0.427 -2.10909 0.245013  1.52881  0.62869
0.250004 0.279999 0.649998 0.25 0.28 0.65  0.264256 -0.625573     0.427  -2.10909  0.245014   1.52881  0.628692
