    0.5665 -0.0119999     0.6521     0.5665 -0.0119999     0.6521       0       0       0 -1.5708       0  1.5708       0
    0.5665 -0.0119999     0.6521   0.566494 -0.0119944     0.6521  1.23147e-05 -4.96486e-05  1.23147e-05     -1.57086  1.15411e-11      1.57081  2.46297e-05
    0.5665 -0.0119999     0.6521   0.566476 -0.0119781     0.6521  4.18069e-05 -0.000168611  4.18069e-05       -1.571  3.94669e-11      1.57083  8.36148e-05
  0.566486 -0.0119883     0.6521   0.566447 -0.0119509     0.6521 8.80523e-05 -0.00035223 8.80571e-05    -1.57123 9.98702e-08     1.57087 0.000176111
  0.566451 -0.0119582   0.652099   0.566406 -0.0119129   0.652099  0.000147563 -0.000584734  0.000147589     -1.57151  2.39622e-07      1.57092  0.000295155
 0.566397 -0.011909  0.652093   0.566353 -0.0118642   0.652099  0.000216525 -0.000852532  0.000216603     -1.57183  3.87471e-07      1.57097  0.000433134
  0.566329 -0.0118443   0.652084   0.566289 -0.0118048   0.652099 0.000292654 -0.00114973 0.000292826    -1.57217 5.37161e-07     1.57102 0.000585488
   0.56625 -0.0117679   0.652074   0.566213 -0.0117348   0.652098 0.000375467 -0.00147749 0.000375789    -1.57254 6.12562e-07     1.57106 0.000751265
  0.566162 -0.0116836   0.652068   0.566125 -0.0116542   0.652097 0.000466105 -0.00184035 0.000466647    -1.57294 6.36222e-07      1.5711 0.000932763
  0.566064 -0.0115918   0.652069   0.566027 -0.0115631   0.652097 0.000565827 -0.00224235  0.00056668     -1.5734 7.30431e-07     1.57115  0.00113252
  0.565954 -0.0114919   0.652075   0.565917 -0.0114615   0.652096 0.000675661 -0.00268494 0.000676943    -1.57391 9.02149e-07     1.57122  0.00135262
  0.565831 -0.0113819   0.652084   0.565795 -0.0113496   0.652095 0.000795693 -0.00316686 0.000797547    -1.57448 1.28015e-06     1.57131  0.00159326
  0.565697 -0.0112604   0.652093   0.565663 -0.0112273   0.652094 0.000925343 -0.00368569 0.000927938    -1.57511  1.8529e-06     1.57142   0.0018533
   0.56555 -0.0111271     0.6521   0.565519 -0.0110947   0.652093  0.00106385 -0.00423921  0.00106738    -1.57579 2.68336e-06     1.57155  0.00213126
  0.565392 -0.0109822   0.652102   0.565364 -0.0109518   0.652092  0.00121054 -0.00482625  0.00121523    -1.57652 3.79066e-06     1.57169  0.00242579
  0.565225 -0.0108265   0.652102   0.565198 -0.0107988   0.652091  0.00136512 -0.00544685  0.00137122    -1.57729 5.17581e-06     1.57184  0.00273636
 0.565047 -0.010661    0.6521   0.565021 -0.0106357    0.65209  0.00152762 -0.00610171  0.00153542    -1.57809 6.82192e-06     1.57199  0.00306305
 0.564859 -0.010486  0.652098   0.564834 -0.0104625   0.652089  0.00169829 -0.00679163  0.00170809    -1.57894 8.83623e-06     1.57215  0.00340638
   0.56466 -0.0103018   0.652097   0.564635 -0.0102792   0.652088   0.0018774 -0.00751693  0.00188957    -1.57984 1.12132e-05     1.57232  0.00376698
   0.56445 -0.0101084   0.652097  0.564426 -0.010086  0.652086  0.00206526 -0.00827752  0.00208021    -1.58077 1.39992e-05      1.5725  0.00414546
  0.564229 -0.0099052   0.652098   0.564205 -0.0098829   0.652085  0.00226184 -0.00907306     0.00228    -1.58176  1.7245e-05     1.57268  0.00454181
   0.563998 -0.00969231    0.652098    0.563975 -0.00966993    0.652083  0.00246715 -0.00990297  0.00248901    -1.58278 2.10066e-05     1.57288  0.00495611
   0.563756 -0.00946942    0.652098    0.563733 -0.00944716    0.652082  0.00268103  -0.0107669  0.00270714    -1.58385 2.52743e-05     1.57308  0.00538808
   0.563503 -0.00923674    0.652096    0.563481 -0.00921465     0.65208  0.00290341  -0.0116645  0.00293435    -1.58496 3.01169e-05     1.57329  0.00583763
   0.563241 -0.00899465    0.652093    0.563219 -0.00897244    0.652078  0.00313434   -0.012596  0.00317074    -1.58611 3.55631e-05     1.57351   0.0063049
   0.562969 -0.00874274    0.652089   0.562946 -0.0087206   0.652076  0.00337368  -0.0135614  0.00341623    -1.58729 4.16481e-05     1.57373  0.00678967
   0.562686 -0.00848157    0.652084    0.562662 -0.00845918    0.652074   0.0036215  -0.0145606  0.00367095    -1.58851 4.83929e-05     1.57395  0.00729213
   0.562394 -0.00821119    0.652078    0.562369 -0.00818823    0.652073  0.00387788  -0.0155939  0.00393504    -1.58977 5.58965e-05     1.57417   0.0078125
   0.562091 -0.00793126    0.652072    0.562065 -0.00790781    0.652071  0.00414272  -0.0166607  0.00420844    -1.59106 6.41443e-05      1.5744  0.00835062
   0.561778 -0.00764185    0.652066    0.561751 -0.00761797    0.652068  0.00441591  -0.0177609  0.00449113    -1.59238 7.32008e-05     1.57462  0.00890637
 0.561455 -0.007343  0.652061    0.561426 -0.00731877    0.652066 0.00469735 -0.0188936 0.00478307   -1.59374  8.316e-05    1.57485 0.00947958
   0.561121 -0.00703468    0.652055    0.561092 -0.00701027    0.652064  0.00498689  -0.0200583  0.00508416    -1.59513 9.40515e-05     1.57507     0.01007
   0.560777 -0.00671676     0.65205    0.560747 -0.00669251    0.652062  0.00528431  -0.0212544  0.00539426    -1.59656 0.000105934      1.5753   0.0106773
   0.560423 -0.00638971    0.652046    0.560393 -0.00636555    0.652059  0.00558955  -0.0224814  0.00571338    -1.59801 0.000118898     1.57553   0.0113014
   0.560059 -0.00605348    0.652042    0.560029 -0.00602945    0.652057  0.00590253  -0.0237388  0.00604152    -1.59951 0.000132993     1.57577   0.0119422
   0.559684 -0.00570813     0.65204    0.559655 -0.00568426    0.652055  0.00622314  -0.0250262  0.00637865    -1.60103 0.000148321     1.57601   0.0125996
  0.559299 -0.0053539   0.652038    0.559271 -0.00533003    0.652052 0.00655138 -0.0263428 0.00672486    -1.6026 0.00016492    1.57625  0.0132737
   0.558905 -0.00499055    0.652038    0.558877 -0.00496683    0.652049   0.0068871  -0.0276883  0.00708009     -1.6042 0.000182855     1.57651   0.0139642
     0.5585 -0.00461824    0.652039    0.558474 -0.00459471    0.652047  0.00723018  -0.0290622  0.00744433    -1.60583 0.000202199     1.57677    0.014671
   0.558085 -0.00423713     0.65204    0.558061 -0.00421371    0.652044  0.00758057   -0.030464  0.00781762     -1.6075 0.000223054     1.57704   0.0153941
  0.557661 -0.0038472   0.652041   0.557638 -0.0038239   0.652041 0.00793819 -0.0318934 0.00819999   -1.60921 0.00024548    1.57732  0.0161334
   0.557227 -0.00344849    0.652042    0.557206 -0.00342533    0.652038  0.00830292    -0.03335  0.00859143    -1.61096 0.000269571     1.57761   0.0168888
   0.556784 -0.00304082    0.652043    0.556765 -0.00301805    0.652035 0.00867456 -0.0348336 0.00899185   -1.61274 0.00029533     1.5779  0.0176601
   0.556332 -0.00262466    0.652043    0.556314 -0.00260213    0.652032  0.00905307  -0.0363441  0.00940137    -1.61455 0.000322844     1.57821   0.0184472
    0.55587 -0.00220001    0.652043   0.555854 -0.0021776   0.652029  0.00943841   -0.037881  0.00982005     -1.6164 0.000352207     1.57852   0.0192502
     0.5554 -0.00176677    0.652042    0.555384 -0.00174454    0.652026 0.00983045 -0.0394445  0.0102479   -1.61828  0.0003835    1.57883  0.0200689
    0.55492 -0.00132478     0.65204    0.554906 -0.00130299    0.652023    0.010229  -0.0410343   0.0106849    -1.62019 0.000416786     1.57916   0.0209031
    0.554432 -0.000874625     0.652037    0.554418 -0.00085301     0.65202    0.010634  -0.0426504   0.0111311    -1.62213 0.000452145     1.57948   0.0217529
    0.553935 -0.000415879     0.652034     0.553921 -0.000394652     0.652016   0.0110452  -0.0442926   0.0115865     -1.6241 0.000489637     1.57981   0.0226181
   0.553429 5.08657e-05     0.65203    0.553415 7.20273e-05    0.652013   0.0114628  -0.0459607   0.0120514    -1.62609 0.000529363     1.58014   0.0234988
 0.552915 0.0005259  0.652025      0.5529 0.000546974     0.65201   0.0118865  -0.0476547   0.0125257    -1.62812 0.000571382     1.58047   0.0243949
  0.552391 0.00100918    0.65202   0.552377 0.00103013   0.652006   0.0123162  -0.0493743   0.0130096    -1.63017 0.000615791     1.58079   0.0253064
  0.551859 0.00150067   0.652014   0.551844 0.00152145   0.652003   0.0127518  -0.0511191   0.0135029    -1.63224 0.000662693     1.58112   0.0262331
  0.551318 0.00200035   0.652008   0.551303 0.00202087   0.651999    0.013193  -0.0528889   0.0140059    -1.63433 0.000712206     1.58145   0.0271749
  0.550769 0.00250817   0.652002   0.550753 0.00252834   0.651995   0.0136398  -0.0546835   0.0145185    -1.63645 0.000764336     1.58178   0.0281316
  0.550211 0.00302361   0.651995  0.550194 0.0030438  0.651992    0.014092  -0.0565025    0.015041     -1.6386 0.000819228      1.5821   0.0291034
  0.549644 0.00354707   0.651989  0.549627 0.0035672  0.651988  0.0145495 -0.0583457  0.0155734   -1.64076 0.00087698    1.58242  0.0300902
  0.549069 0.00407841   0.651983   0.549051 0.00409849   0.651984   0.0150122  -0.0602127   0.0161159    -1.64295 0.000937705     1.58274   0.0310919
  0.548485 0.00461775   0.651978  0.548467 0.0046376   0.65198  0.0154797 -0.0621029  0.0166685   -1.64516 0.00100147    1.58306  0.0321083
  0.547892 0.00516469   0.651972   0.547874 0.00518449   0.651976   0.015952  -0.064016  0.0172313   -1.64739 0.00106837    1.58338  0.0331394
  0.547291 0.00571946   0.651967  0.547273 0.0057391  0.651972  0.0164287 -0.0659516  0.0178045   -1.64964 0.00113851     1.5837  0.0341851
  0.546681 0.00628178   0.651963   0.546663 0.00630137   0.651968  0.0169099 -0.0679092  0.0183882   -1.65192 0.00121198    1.58402  0.0352453
  0.546063 0.00685202   0.651959   0.546046 0.00687125   0.651964   0.017395 -0.0698884  0.0189824   -1.65421 0.00128891    1.58434  0.0363196
  0.545437 0.00742968   0.651955    0.54542 0.00744869    0.65196  0.0178839 -0.0718888  0.0195874   -1.65653 0.00136936    1.58466  0.0374082
  0.544803 0.00801469   0.651951   0.544786 0.00803363   0.651956  0.0183764   -0.07391  0.0202034   -1.65887 0.00145347    1.58498   0.038511
   0.54416 0.00860709   0.651948   0.544144 0.00862602   0.651952  0.0188724 -0.0759517  0.0208306   -1.66124 0.00154132     1.5853  0.0396279
  0.543509 0.00920709   0.651945  0.543493 0.0092258  0.651947  0.0193714 -0.0780133  0.0214691   -1.66362 0.00163304    1.58562  0.0407588
   0.54285 0.00981418   0.651942   0.542835 0.00983291   0.651943  0.0198732 -0.0800945  0.0221192   -1.66602 0.00172872    1.58595  0.0419037
 0.542183 0.0104286  0.651939  0.542169 0.0104473  0.651939  0.0203776 -0.0821951  0.0227811   -1.66845  0.0018285    1.58627  0.0430625
 0.541509 0.0110503  0.651936  0.541496 0.0110689  0.651934  0.0208843 -0.0843147   0.023455   -1.67089 0.00193249     1.5866  0.0442349
 0.540827 0.0116792  0.651933  0.540814 0.0116977   0.65193  0.0213929 -0.0864531   0.024141   -1.67335 0.00204079    1.58692  0.0454209
 0.540137 0.0123153  0.651929  0.540125 0.0123336  0.651925   0.021903 -0.0886102  0.0248395   -1.67584 0.00215357    1.58725  0.0466203
 0.539439 0.0129584  0.651925  0.539428 0.0129766   0.65192  0.0224143 -0.0907853  0.0255507   -1.67834 0.00227092    1.58758  0.0478331
 0.538734 0.0136083  0.651922  0.538723 0.0136266  0.651916  0.0229266 -0.0929785  0.0262749   -1.68085 0.00239302    1.58791  0.0490592
 0.538022 0.0142653  0.651917  0.538011 0.0142835  0.651911  0.0234395 -0.0951894  0.0270124   -1.68339    0.00252    1.58823  0.0502984
 0.537302 0.0149288  0.651913  0.537292 0.0149474  0.651906  0.0239526 -0.0974178  0.0277637   -1.68594 0.00265201    1.58856  0.0515511
 0.536575 0.0155996  0.651908 0.536565 0.015618 0.651901  0.0244655 -0.0996635  0.0285288    -1.6885 0.00278917    1.58888  0.0528167
  0.53584 0.0162773  0.651903  0.535831 0.0162955  0.651896  0.0249777  -0.101926   0.029308   -1.69108 0.00293163     1.5892  0.0540948
 0.535098 0.0169615  0.651897  0.535089 0.0169797  0.651892  0.0254887  -0.104205  0.0301018   -1.69368 0.00307957    1.58952  0.0553856
  0.53435 0.0176522  0.651892   0.53434 0.0176706  0.651887  0.0259983  -0.106501  0.0309105   -1.69629 0.00323319    1.58983  0.0566891
 0.533593 0.0183498  0.651886  0.533584 0.0183681  0.651882  0.0265059  -0.108814  0.0317345   -1.69891 0.00339263    1.59015  0.0580049
 0.53283 0.019054  0.65188  0.532821 0.0190722  0.651877  0.0270109  -0.111142  0.0325742   -1.70154 0.00355806    1.59045  0.0593329
  0.53206 0.0197645  0.651874  0.532051 0.0197828  0.651871  0.0275129  -0.113486  0.0334299   -1.70418 0.00372973    1.59076  0.0606731
 0.531283 0.0204816  0.651868  0.531273 0.0204998  0.651866  0.0280113  -0.115845  0.0343021   -1.70684 0.00390775    1.59106  0.0620251
 0.530499 0.0212052  0.651862  0.530489 0.0212233  0.651861  0.0285056  -0.118219  0.0351911    -1.7095 0.00409235    1.59136  0.0633889
 0.529708 0.0219352  0.651856  0.529698 0.0219531  0.651856   0.028995  -0.120608  0.0360974   -1.71218 0.00428371    1.59165   0.064764
  0.52891 0.0226712   0.65185    0.5289 0.0226892   0.65185  0.0294791  -0.123012  0.0370216   -1.71487 0.00448206    1.59194  0.0661505
 0.528105 0.0234137  0.651844  0.528096 0.0234315  0.651845  0.0299571   -0.12543  0.0379642   -1.71756 0.00468762    1.59222  0.0675482
 0.527294 0.0241622  0.651837  0.527284 0.0241801   0.65184  0.0304285  -0.127862  0.0389256   -1.72027 0.00490058     1.5925  0.0689569
 0.526476 0.0249171  0.651831  0.526466 0.0249347  0.651834  0.0308924  -0.130307  0.0399065   -1.72298 0.00512114    1.59278  0.0703762
0.525651 0.025678 0.651826  0.525642 0.0256955  0.651829  0.0313481  -0.132766  0.0409073   -1.72571 0.00534956    1.59305   0.071806
 0.524819 0.0264451  0.651821  0.524811 0.0264622  0.651823  0.0317947  -0.135237  0.0419287   -1.72844 0.00558604    1.59332  0.0732458
 0.523981 0.0272179  0.651819 0.523973 0.027235 0.651818  0.0322312   -0.13772  0.0429716   -1.73119 0.00583088    1.59359  0.0746957
 0.523135 0.0279961   0.65182  0.523129 0.0280136  0.651812  0.0326566  -0.140216  0.0440374   -1.73395 0.00608449    1.59386  0.0761557
 0.522284 0.0287799  0.651823  0.522279 0.0287981  0.651807  0.0330698  -0.142725  0.0451272   -1.73673 0.00634719    1.59414  0.0776258
 0.521426 0.0295694  0.651822  0.521422 0.0295884  0.651801 0.0334702 -0.145245 0.0462413  -1.73952 0.0066193   1.59443 0.0791058
 0.520563 0.0303661  0.651812  0.520559 0.0303845  0.651795  0.0338578  -0.147776  0.0473786   -1.74232 0.00690085     1.5947  0.0805945
 0.519695 0.0311704  0.651792   0.51969 0.0311862  0.651789  0.0342324  -0.150316  0.0485374    -1.7451 0.00719176    1.59495  0.0820901
 0.518821 0.0319813  0.651767  0.518815 0.0319936  0.651784  0.0345937  -0.152865  0.0497169   -1.74786 0.00749214    1.59517  0.0835915
 0.517942 0.0327966  0.651747  0.517934 0.0328066  0.651778  0.0349405  -0.155424  0.0509194    -1.7506 0.00780254    1.59537  0.0850996
 0.517056 0.0336147  0.651738  0.517047 0.0336251  0.651772  0.0352708  -0.157996  0.0521488   -1.75335 0.00812389    1.59556  0.0866161
 0.516163 0.0344359  0.651743  0.516154 0.0344491  0.651766  0.0355817  -0.160582  0.0534097   -1.75612 0.00845716    1.59576  0.0881425
 0.515263 0.0352615  0.651757  0.515255 0.0352785   0.65176  0.0358706  -0.163181  0.0547051   -1.75893 0.00880303    1.59598  0.0896789
 0.514355 0.0360935  0.651771   0.51435 0.0361132  0.651754  0.0361354  -0.165791  0.0560358   -1.76177 0.00916168    1.59622  0.0912239
 0.513441 0.0369328   0.65178  0.513439 0.0369533  0.651748  0.0363753   -0.16841  0.0574006   -1.76462 0.00953309    1.59648  0.0927755
 0.512521 0.0377794   0.65178  0.512523 0.0377986  0.651742  0.0365902  -0.171035  0.0587977   -1.76749 0.00991708    1.59674  0.0943319
 0.511597 0.0386324  0.651769  0.511601 0.0386492  0.651736 0.0367806 -0.173666 0.0602253  -1.77035 0.0103137   1.59698 0.0958918
  0.51067 0.0394907  0.651752  0.510674 0.0395048   0.65173 0.0369468 -0.176303  0.061683  -1.77319 0.0107232   1.59721 0.0974551
 0.509739 0.0403532  0.651732  0.509741 0.0403656  0.651723 0.0370881 -0.178949  0.063172  -1.77602 0.0111463   1.59741 0.0990223
 0.508804 0.0412195  0.651714  0.508802 0.0412314  0.651717 0.0372033 -0.181606 0.0646944  -1.77884 0.0115838   1.59759  0.100594
 0.507863 0.0420895  0.651701  0.507859 0.0421022  0.651711   0.03729 -0.184273 0.0662533  -1.78165 0.0120365   1.59776  0.102171
 0.506916 0.0429639  0.651692  0.506909 0.0429779  0.651705 0.0373455 -0.186952 0.0678513  -1.78446 0.0125054   1.59792  0.103752
 0.505962 0.0438433  0.651687  0.505955 0.0438585  0.651698 0.0373669  -0.18964 0.0694906  -1.78728  0.012991   1.59808  0.105338
 0.505002 0.0447278  0.651683  0.504995 0.0447439  0.651692  0.037352 -0.192338 0.0711727   -1.7901 0.0134939   1.59823  0.106926
 0.504037 0.0456179   0.65168   0.50403 0.0456341  0.651685 0.0372989 -0.195043 0.0728985  -1.79293 0.0140146   1.59838  0.108516
 0.503066 0.0465133  0.651675  0.50306 0.046529 0.651679 0.0372059 -0.197755 0.0746683  -1.79576 0.0145534   1.59852  0.110107
  0.50209 0.0474138  0.651668  0.502085 0.0474285  0.651673 0.0370715 -0.200474 0.0764831  -1.79858 0.0151109   1.59866  0.111697
 0.501109 0.0483187  0.651661  0.501105 0.0483326  0.651666 0.0368943 -0.203199 0.0783441  -1.80141 0.0156878    1.5988  0.113287
 0.500124 0.0492282  0.651653   0.50012 0.0492413   0.65166 0.0366723 -0.205931 0.0802526  -1.80423 0.0162846   1.59892  0.114875
 0.499134 0.0501414  0.651645  0.499131 0.0501545  0.651653 0.0364034  -0.20867 0.0822109  -1.80704 0.0169023   1.59904  0.116462
  0.49814 0.0510591  0.651639  0.498136 0.0510721  0.651646 0.0360847 -0.211416 0.0842213  -1.80986 0.0175417   1.59915  0.118047
 0.49714 0.051981 0.651634  0.497137 0.0519941   0.65164 0.0357135 -0.214169  0.086286  -1.81267 0.0182038   1.59925  0.119629
 0.496135 0.0529074  0.651629  0.496133 0.0529204  0.651633 0.0352866 -0.216929 0.0884074  -1.81548 0.0188895   1.59935  0.121206
 0.495125 0.0538382  0.651625  0.495124 0.0538509  0.651626 0.0348013 -0.219696 0.0905873   -1.8183 0.0195996   1.59945  0.122779
 0.494111 0.0547736   0.65162  0.494111 0.0547857   0.65162 0.0342548 -0.222469 0.0928277  -1.82111  0.020335   1.59954  0.124345
 0.493093 0.0557128  0.651615  0.493093 0.0557247  0.651613 0.0336449 -0.225248 0.0951303  -1.82392 0.0210966   1.59963  0.125905
  0.49207 0.0566561  0.651609  0.492071 0.0566677  0.651606 0.0329692 -0.228033 0.0974968  -1.82673 0.0218853   1.59971  0.127457
 0.491043 0.0576036  0.651603  0.491044 0.0576149  0.651599 0.0322251 -0.230825 0.0999292  -1.82953  0.022702   1.59978     0.129
 0.490012 0.0585551  0.651596 0.490013 0.058566 0.651592 0.0314094 -0.233624   0.10243  -1.83233 0.0235479   1.59985  0.130533
 0.488977 0.0595105  0.651589 0.488978 0.059521 0.651586 0.0305195 -0.236429     0.105  -1.83512 0.0244241   1.59991  0.132056
 0.487937 0.0604695  0.651581 0.487939  0.06048 0.651579 0.0295524 -0.239242  0.107643  -1.83791 0.0253317   1.59996  0.133567
 0.486894 0.0614325  0.651573  0.486895 0.0614427  0.651572 0.0285045 -0.242062  0.110361  -1.84069 0.0262719       1.6  0.135065
 0.485846 0.0623992  0.651566  0.485848 0.0624093  0.651565 0.0273722  -0.24489  0.113157  -1.84347  0.027246   1.60003  0.136549
 0.484795 0.0633697  0.651558  0.484796 0.0633795  0.651558 0.0261521 -0.247726  0.116033  -1.84623 0.0282554   1.60006  0.138018
0.483739 0.064344  0.65155   0.48374 0.0643535  0.651551 0.0248404  -0.25057  0.118992    -1.849 0.0293014   1.60007   0.13947
  0.48268 0.0653216  0.651542 0.482681 0.065331 0.651544 0.0234336 -0.253422  0.122037  -1.85175 0.0303854   1.60008  0.140904
0.481617 0.066303 0.651534  0.481617 0.0663121  0.651537 0.0219279 -0.256282  0.125169   -1.8545 0.0315088   1.60007  0.142318
  0.48055 0.0672879  0.651526   0.48055 0.0672968   0.65153 0.0203191 -0.259151  0.128393  -1.85723 0.0326732   1.60005  0.143712
 0.479479 0.0682764  0.651517  0.479479 0.0682848  0.651523 0.0186027  -0.26203  0.131711  -1.85996 0.0338802   1.60003  0.145083
 0.478405 0.0692679  0.651509  0.478404 0.0692763  0.651515 0.0167744 -0.264917  0.135127  -1.86268 0.0351314   1.59999  0.146429
0.477327 0.070263 0.651501  0.477326 0.0702711  0.651508 0.0148291 -0.267815  0.138644  -1.86539 0.0364288   1.59994   0.14775
 0.476245 0.0712616  0.651493  0.476244 0.0712692  0.651501 0.0127618 -0.270724  0.142265  -1.86809 0.0377742   1.59988  0.149042
  0.47516 0.0722633  0.651486  0.475159 0.0722705  0.651494 0.0105675 -0.273644  0.145996  -1.87078 0.0391696   1.59981  0.150305
 0.474071 0.0732683  0.651478  0.47407 0.073275 0.651487 0.00824096  -0.276575   0.149837   -1.87347  0.0406167    1.59973   0.151535
 0.472979 0.0742763   0.65147  0.472978 0.0742826  0.651479 0.00577658  -0.279518   0.153795   -1.87614   0.042118    1.59964   0.152731
 0.471884 0.0752874  0.651463  0.471883 0.0752932  0.651472 0.00316817  -0.282475   0.157874    -1.8788  0.0436757    1.59954   0.153891
 0.470785 0.0763017  0.651455  0.470784 0.0763069  0.651465 0.000409744   -0.285446    0.162076    -1.88145   0.0452921     1.59943    0.155012
 0.469683 0.0773189  0.651448  0.469682 0.0773236  0.651458 -0.0025051  -0.288432   0.166408    -1.8841  0.0469697     1.5993   0.156092
 0.468578 0.0783392  0.651441  0.468577 0.0783431   0.65145 -0.0055823  -0.291434   0.170873   -1.88673  0.0487109    1.59916   0.157128
  0.46747 0.0793621  0.651433  0.467469 0.0793655  0.651443 -0.00882828   -0.294453    0.175475    -1.88935   0.0505185     1.59901    0.158118
 0.466359 0.0803879  0.651425  0.466357 0.0803907  0.651436 -0.0122499   -0.29749    0.18022   -1.89196   0.052395    1.59885   0.159058
 0.465245 0.0814164  0.651417  0.465243 0.0814186  0.651428 -0.015854 -0.300547  0.185111  -1.89456 0.0543436   1.59867  0.159947
 0.464128 0.0824478  0.651409  0.464126 0.0824492  0.651421 -0.019648 -0.303626  0.190154  -1.89714 0.0563673   1.59847   0.16078
 0.463009 0.0834819  0.651401  0.463006 0.0834825  0.651413 -0.0236392  -0.306728   0.195354   -1.89972  0.0584691    1.59826   0.161555
 0.461886 0.0845184  0.651393  0.461884 0.0845183  0.651406 -0.0278352  -0.309855   0.200716   -1.90227  0.0606523    1.59803   0.162268
 0.460761 0.0855575  0.651384  0.460758 0.0855566  0.651398 -0.0322439  -0.313009   0.206244   -1.90482  0.0629206    1.59779   0.162916
 0.459634 0.0865992  0.651376   0.45963 0.0865974  0.651391 -0.0368741  -0.316191   0.211946   -1.90735  0.0652776    1.59753   0.163495
 0.458504 0.0876431  0.651367  0.458499 0.0876406  0.651383 -0.041734 -0.319406  0.217825  -1.90987 0.0677273   1.59724  0.164002
 0.457371 0.0886896  0.651358  0.457366 0.0886861  0.651376 -0.0468321  -0.322654   0.223888   -1.91237  0.0702735    1.59694   0.164432
 0.456237 0.0897384  0.651348  0.45623 0.089734 0.651368 -0.0521775  -0.325939    0.23014   -1.91485  0.0729203    1.59661   0.164781
 0.455099 0.0907897  0.651339  0.455092 0.0907841  0.651361 -0.0577796  -0.329263   0.236587   -1.91732  0.0756722    1.59626   0.165045
  0.45396 0.0918428  0.651329  0.453951 0.0918364  0.651353 -0.0636482  -0.332631   0.243235   -1.91977  0.0785341    1.59588   0.165218
 0.452818 0.0928982   0.65132  0.452809 0.0928908  0.651346 -0.0697929  -0.336045    0.25009   -1.92221  0.0815107    1.59548   0.165297
 0.451675 0.0939559   0.65131  0.451663 0.0939473  0.651338 -0.0762238  -0.339509   0.257158   -1.92462   0.084607    1.59505   0.165276
 0.450529 0.0950157    0.6513  0.450516 0.0950058   0.65133 -0.0829522  -0.343028   0.264446   -1.92702  0.0878287    1.59458   0.165149
 0.449381 0.0960776  0.651289  0.449367 0.0960663  0.651323 -0.089988 -0.346605  0.271959  -1.92939 0.0911811   1.59409  0.164911
 0.448231 0.0971414  0.651279  0.448215 0.0971287  0.651315 -0.0973432  -0.350246   0.279703   -1.93175  0.0946706    1.59356   0.164555
 0.447079 0.0982074  0.651268 0.447061 0.098193 0.651307 -0.105029 -0.353957  0.287687  -1.93409 0.0983034   1.59299  0.164075
0.445926 0.099275 0.651257  0.445906 0.0992591    0.6513 -0.113058 -0.357742  0.295914   -1.9364  0.102086   1.59238  0.163464
0.444771 0.100345 0.651246 0.444749 0.100327 0.651292 -0.121439 -0.361608  0.304391  -1.93869  0.106025   1.59173  0.162717
0.443614 0.101416 0.651235 0.443589 0.101396 0.651284 -0.130187 -0.365561  0.313124  -1.94096  0.110128   1.59103  0.161824
0.442456 0.102489 0.651223 0.442428 0.102468 0.651277 -0.139312 -0.369609  0.322118  -1.94321  0.114403   1.59029  0.160778
0.441296 0.103564 0.651212 0.441265  0.10354 0.651269 -0.148827 -0.373759  0.331379  -1.94543  0.118857   1.58949  0.159571
0.440135 0.104641 0.651199 0.440101 0.104615 0.651261 -0.158742  -0.37802   0.34091  -1.94762  0.123498   1.58863  0.158196
0.438972 0.105719 0.651186 0.438935  0.10569 0.651254 -0.169067 -0.382401  0.350714  -1.94978  0.128335   1.58771  0.156643
0.437808 0.106799 0.651173 0.437767 0.106768 0.651246 -0.179812 -0.386911  0.360792  -1.95192  0.133376   1.58672  0.154904
0.436643 0.107881 0.651159 0.436598 0.107846 0.651238 -0.190986  -0.39156  0.371147  -1.95403  0.138629   1.58566   0.15297
0.435478 0.108964 0.651145 0.435428 0.108926  0.65123 -0.202597 -0.396359  0.381778   -1.9561  0.144103   1.58452  0.150832
0.434311 0.110049  0.65113 0.434256 0.110007 0.651223 -0.214654  -0.40132  0.392685  -1.95814  0.149808    1.5833   0.14848
0.433143 0.111135 0.651115 0.433083  0.11109 0.651215 -0.227158 -0.406453  0.403861  -1.96015  0.155752   1.58198  0.145905
0.431975 0.112223 0.651098 0.431908 0.112173 0.651207 -0.240112 -0.411773  0.415301  -1.96211  0.161943   1.58057  0.143098
0.430806 0.113311 0.651082 0.430733 0.113258 0.651199 -0.253519 -0.417291  0.426997  -1.96404  0.168389   1.57905  0.140051
0.429636 0.114401 0.651064 0.429556 0.114343 0.651191 -0.267375 -0.423021  0.438939  -1.96593  0.175099   1.57741  0.136755
0.428466 0.115493 0.651046 0.428378  0.11543 0.651184 -0.281675 -0.428976  0.451111  -1.96778   0.18208   1.57565    0.1332
0.427295 0.116586 0.651027   0.4272 0.116517 0.651176 -0.296406  -0.43517  0.463494  -1.96958  0.189335   1.57376  0.129382
0.426124 0.117679 0.651008  0.42602 0.117606 0.651168 -0.311551 -0.441614  0.476063  -1.97133   0.19687   1.57172  0.125296
0.424948 0.118791 0.650987 0.424839 0.118695  0.65116 -0.327102 -0.448321  0.488788  -1.97304  0.204684   1.56954   0.12092
0.423768 0.119919 0.650966 0.423658 0.119785 0.651152  -0.34305 -0.455302  0.501634  -1.97469  0.212777   1.56719  0.116234
0.422588 0.121044 0.650945 0.422475 0.120876 0.651144 -0.359373 -0.462571  0.514576   -1.9763  0.221151   1.56468  0.111236
 0.42141 0.122156 0.650926 0.421293 0.121967 0.651137 -0.376047 -0.470139  0.527598  -1.97785  0.229814   1.56198  0.105937
0.420235 0.123254 0.650909 0.420109 0.123059 0.651129 -0.393037  -0.47802  0.540674  -1.97935   0.23877   1.55911  0.100347
0.419062 0.124345 0.650893 0.418925 0.124152 0.651121 -0.410296  -0.48622  0.553764   -1.9808  0.248013   1.55604 0.0944815
 0.41789 0.125432 0.650875  0.41774 0.125245 0.651113 -0.427754  -0.49474  0.566808  -1.98219  0.257527   1.55276 0.0883573
0.416719 0.126521 0.650854 0.416555 0.126338 0.651105  -0.44533 -0.503574  0.579735  -1.98352  0.267288   1.54928 0.0819961
0.415548  0.12761 0.650832 0.415369 0.127432 0.651097 -0.462944 -0.512711  0.592481  -1.98479   0.27727   1.54559 0.0754212
0.414377 0.128697  0.65081 0.414183 0.128526 0.651089 -0.480516 -0.522139  0.604982  -1.98599  0.287442   1.54168 0.0686617
0.413206 0.129782 0.650788 0.412997 0.129621 0.651081 -0.497973  -0.53184  0.617184  -1.98713  0.297777   1.53756 0.0617459
0.412033 0.130866 0.650767  0.41181 0.130715 0.651074 -0.515238 -0.541792  0.629031  -1.98821   0.30824   1.53324 0.0547069
0.410859 0.131949 0.650748 0.410624  0.13181 0.651066 -0.532245 -0.551971   0.64048  -1.98923  0.318799   1.52871 0.0475751
0.409684 0.133031  0.65073 0.409437 0.132905 0.651058 -0.548937  -0.56235  0.651493  -1.99019  0.329419   1.52399 0.0403813
0.408506 0.134113 0.650715 0.40825   0.134 0.65105 -0.565265 -0.572903  0.662041   -1.9911  0.340071   1.51909 0.0331539
0.407326 0.135196 0.650702 0.407063 0.135095 0.651042 -0.581193 -0.583605  0.672107  -1.99194  0.350726   1.51402 0.0259171
0.406144 0.136279 0.650691 0.405876  0.13619 0.651034 -0.596695  -0.59443  0.681681  -1.99274  0.361358   1.50879 0.0186935
 0.40496 0.137363 0.650683  0.40469 0.137285 0.651026 -0.611754 -0.605354  0.690758  -1.99349  0.371946   1.50341  0.011502
0.403774 0.138448 0.650677 0.403503 0.138379 0.651018  -0.626356  -0.616355    0.69934    -1.9942   0.382468     1.4979 0.00436029
0.402586 0.139535 0.650673 0.402317 0.139474 0.651011   -0.640501   -0.627413    0.707434    -1.99487    0.392909     1.49226 -0.00271942
0.401395 0.140627 0.650671 0.401131 0.140568 0.651003     -0.6542   -0.638513    0.715055    -1.99549    0.403256      1.4865 -0.00973393
 0.40019 0.141758 0.650671 0.399945 0.141662 0.650995  -0.667518  -0.649645   0.722218   -1.99609   0.413502    1.48064 -0.0167286
0.398983 0.142893 0.650674  0.39876 0.142755 0.650987  -0.680493  -0.660811   0.728954   -1.99666   0.423655    1.47466 -0.0237152
0.397781 0.144011  0.65068 0.397575 0.143848 0.650979   -0.69315  -0.672017   0.735297    -1.9972   0.433725    1.46859 -0.0306845
0.396585 0.145109  0.65069 0.396391 0.144941 0.650971  -0.705505  -0.683268   0.741275   -1.99772   0.443727    1.46241 -0.0376247
0.395395 0.146194   0.6507 0.395208 0.146033 0.650963  -0.717549  -0.694555   0.746901   -1.99821   0.453655    1.45613 -0.0445134
0.394208 0.147275 0.650708 0.394025 0.147124 0.650956  -0.729259  -0.705857   0.752171   -1.99869   0.463488    1.44976 -0.0513266
0.393022 0.148358 0.650713 0.392842 0.148215 0.650948    -0.7406   -0.71714   0.757078   -1.99914   0.473197    1.44332 -0.0580368
0.391836 0.149444 0.650714 0.391661 0.149305  0.65094 -0.751552 -0.728371  0.761617  -1.99957  0.482755   1.43682 -0.064622
0.390649 0.150532 0.650714  0.39048 0.150394 0.650932  -0.762113  -0.739534   0.765799   -1.99998   0.492149    1.43027 -0.0710734
0.389461  0.15162 0.650715 0.389301 0.151483 0.650924  -0.772294  -0.750613    0.76964   -2.00038   0.501372    1.42368 -0.0773857
0.388274 0.152708 0.650717 0.388122  0.15257 0.650916  -0.782109  -0.761601    0.77316   -2.00076   0.510422    1.41706 -0.0835566
0.387088 0.153793 0.650718 0.386944 0.153657 0.650909  -0.791573  -0.772492   0.776376   -2.00112   0.519301    1.41043 -0.0895845
0.385903 0.154876  0.65072 0.385767 0.154742 0.650901  -0.800694  -0.783278   0.779305   -2.00146   0.528004    1.40378 -0.0954646
0.384721 0.155958  0.65072 0.384592 0.155827 0.650893 -0.809483 -0.793955  0.781961   -2.0018  0.536532   1.39711 -0.101195
 0.38354 0.157037 0.650721 0.383417 0.156911 0.650885 -0.817947 -0.804514  0.784359  -2.00212  0.544883   1.39045 -0.106771
0.382361 0.158114 0.650721 0.382244 0.157993 0.650877 -0.826097 -0.814951  0.786514  -2.00242  0.553056   1.38379 -0.112192
0.381183  0.15919  0.65072 0.381072 0.159074  0.65087 -0.833944 -0.825262  0.788439  -2.00272  0.561054   1.37714 -0.117458
0.380006 0.160266 0.650719 0.379902 0.160154 0.650862 -0.841495 -0.835441  0.790147    -2.003  0.568875    1.3705 -0.122567
0.378832  0.16134 0.650718 0.378733 0.161232 0.650854 -0.848765 -0.845486  0.791651  -2.00328  0.576523   1.36389 -0.127523
0.377658 0.162413 0.650717 0.377565  0.16231 0.650846 -0.855764 -0.855398  0.792963  -2.00354  0.583999   1.35729 -0.132328
0.376487 0.163485 0.650716 0.376399 0.163385 0.650839 -0.862504 -0.865173  0.794096   -2.0038  0.591308   1.35073 -0.136983
0.375317 0.164556 0.650714 0.375235  0.16446 0.650831 -0.868997 -0.874814   0.79506  -2.00404  0.598454   1.34419 -0.141493
0.374149 0.165627 0.650712 0.374072 0.165532 0.650823 -0.875256 -0.884322  0.795866  -2.00428  0.605441   1.33768 -0.145863
0.372983 0.166695  0.65071 0.372911 0.166604 0.650816 -0.881289 -0.893695  0.796523  -2.00451  0.612271   1.33121 -0.150094
0.371819 0.167763 0.650708 0.371752 0.167673 0.650808 -0.887106 -0.902936  0.797042  -2.00474   0.61895   1.32477 -0.154191
0.370656 0.168829 0.650705 0.370594 0.168741   0.6508 -0.892717 -0.912045  0.797429  -2.00495   0.62548   1.31837 -0.158156
0.369496 0.169893 0.650703 0.369439 0.169807 0.650792 -0.898129 -0.921022  0.797694  -2.00516  0.631865   1.31201 -0.161992
0.368338 0.170956   0.6507 0.368285 0.170871 0.650785 -0.903351 -0.929868  0.797844  -2.00537  0.638108   1.30569 -0.165702
0.367182 0.172018 0.650697 0.367133 0.171934 0.650777 -0.908388 -0.938582  0.797885  -2.00556  0.644212   1.29941 -0.169286
0.366029 0.173077 0.650694 0.365984 0.172994  0.65077 -0.913249 -0.947168  0.797825  -2.00576  0.650181   1.29318 -0.172751
0.364877 0.174135  0.65069 0.364837 0.174053 0.650762 -0.917936 -0.955621  0.797669  -2.00594  0.656015     1.287 -0.176094
0.363728  0.17519 0.650687 0.363692 0.175109 0.650754 -0.922455 -0.963945  0.797423  -2.00612  0.661718   1.28087 -0.179319
0.362582 0.176244 0.650682 0.362549 0.176164 0.650747 -0.926812 -0.972138  0.797093   -2.0063  0.667292   1.27479 -0.182426
0.361438 0.177295 0.650678 0.361408 0.177216 0.650739 -0.931007 -0.980199  0.796683  -2.00647  0.672738   1.26876 -0.185416
0.360297 0.178343 0.650674  0.36027 0.178266 0.650732 -0.935044 -0.988127    0.7962  -2.00664  0.678057   1.26279 -0.188289
0.359158 0.179389 0.650669 0.359134 0.179314 0.650724 -0.938929 -0.995923  0.795647   -2.0068  0.683253   1.25688 -0.191047
0.358022 0.180433 0.650664 0.358001  0.18036 0.650717 -0.942662  -1.00359  0.795031  -2.00696  0.688327   1.25103  -0.19369
0.356889 0.181474 0.650659  0.35687 0.181403 0.650709 -0.946249  -1.01112  0.794354  -2.00711   0.69328   1.24524 -0.196221
0.355759 0.182513 0.650654 0.355742 0.182444 0.650702 -0.949691  -1.01852  0.793621  -2.00726  0.698116   1.23952 -0.198638
0.354631 0.183549 0.650649 0.354616 0.183482 0.650694 -0.952991  -1.02579  0.792837   -2.0074  0.702834   1.23386 -0.200945
0.353507 0.184583 0.650643 0.353494 0.184518 0.650687 -0.956152  -1.03293  0.792005  -2.00754  0.707439   1.22827 -0.203141
0.352385 0.185614 0.650638 0.352374 0.185551 0.650679 -0.959179  -1.03993  0.791129  -2.00768  0.711932   1.22274 -0.205231
0.351266 0.186641 0.650632 0.351257 0.186581 0.650672 -0.962072  -1.04681  0.790213  -2.00781  0.716314   1.21729 -0.207212
 0.35015 0.187667 0.650627 0.350143 0.187609 0.650664 -0.964836  -1.05356   0.78926  -2.00794  0.720589   1.21191 -0.209088
0.349037  0.18869 0.650621 0.349031 0.188635 0.650657 -0.967474  -1.06018  0.788273  -2.00807  0.724759    1.2066 -0.210862
0.347928  0.18971 0.650616 0.347923 0.189657  0.65065 -0.969991  -1.06668  0.787256  -2.00819  0.728827   1.20136 -0.212535
0.346821 0.190728  0.65061 0.346818 0.190677 0.650642 -0.972391  -1.07306  0.786211   -2.0083  0.732796   1.19618 -0.214113
0.345718 0.191743 0.650604 0.345716 0.191693 0.650635 -0.974674  -1.07931  0.785141  -2.00842  0.736667   1.19109 -0.215593
0.344617 0.192755 0.650599 0.344617 0.192707 0.650628 -0.976845  -1.08544  0.784049  -2.00853  0.740443   1.18606  -0.21698
 0.34352 0.193764 0.650593 0.343522 0.193718 0.650621 -0.978908  -1.09146  0.782937  -2.00864  0.744126    1.1811 -0.218275
0.342427 0.194771 0.650587  0.34243 0.194725 0.650613 -0.980861  -1.09735  0.781807  -2.00874  0.747718   1.17622 -0.219478
0.341337 0.195774 0.650581 0.341341  0.19573 0.650606 -0.982711  -1.10313  0.780662  -2.00884  0.751221   1.17141 -0.220594
 0.34025 0.196774 0.650576 0.340256 0.196731 0.650599  -0.98446   -1.1088  0.779503  -2.00894  0.754638   1.16667 -0.221625
0.339167 0.197771  0.65057 0.339174 0.197729 0.650592  -0.98611  -1.11436  0.778333  -2.00904  0.757971   1.16201 -0.222571
0.338087 0.198765 0.650564 0.338096 0.198724 0.650585 -0.987661   -1.1198  0.777154  -2.00913  0.761219   1.15742 -0.223432
0.337011 0.199755 0.650558 0.337021 0.199715 0.650577 -0.989117  -1.12513  0.775967  -2.00922  0.764387    1.1529 -0.224212
0.335939 0.200743 0.650552  0.33595 0.200703  0.65057  -0.99048  -1.13035  0.774775  -2.00931  0.767477   1.14845 -0.224912
0.334871 0.201726 0.650546 0.334883 0.201688 0.650563 -0.991749  -1.13547  0.773578  -2.00939  0.770487   1.14408 -0.225532
0.333807 0.202706  0.65054 0.333819 0.202669 0.650556 -0.992924  -1.14047  0.772379  -2.00947  0.773419   1.13978 -0.226071
0.332746 0.203683 0.650534  0.33276 0.203647 0.650549 -0.994009  -1.14537  0.771179  -2.00955  0.776276   1.13556 -0.226532
 0.33169 0.204655 0.650528 0.331704 0.204621 0.650542 -0.995007  -1.15016   0.76998  -2.00963   0.77906   1.13141 -0.226918
0.330637 0.205624 0.650522 0.330652 0.205591 0.650535 -0.995916  -1.15484  0.768783   -2.0097   0.78177   1.12734 -0.227227
0.329589  0.20659 0.650516 0.329605 0.206557 0.650528 -0.996737  -1.15942  0.767589  -2.00978  0.784409   1.12334 -0.227461
0.328545 0.207551 0.650509 0.328561  0.20752 0.650521 -0.997473   -1.1639    0.7664  -2.00984  0.786977   1.11942 -0.227621
0.327505 0.208509 0.650503 0.327522 0.208479 0.650514 -0.998127  -1.16828  0.765217  -2.00991  0.789477   1.11557 -0.227709
0.326469 0.209463 0.650497 0.326487 0.209434 0.650507 -0.998699  -1.17255  0.764041  -2.00998  0.791911    1.1118 -0.227727
0.325437 0.210413 0.650491 0.325456 0.210385 0.650501 -0.999189  -1.17673  0.762873  -2.01004  0.794279    1.1081 -0.227675
 0.32441 0.211358 0.650485 0.324429 0.211332 0.650494 -0.999601  -1.18081  0.761714   -2.0101  0.796582   1.10448 -0.227553
0.323388   0.2123 0.650479 0.323407 0.212275 0.650487 -0.999934  -1.18479  0.760566  -2.01015  0.798822   1.10093 -0.227365
0.322369 0.213238 0.650472 0.322389 0.213214  0.65048  -1.00019  -1.18868  0.759428  -2.01021     0.801   1.09745 -0.227111
0.321356 0.214172 0.650466 0.321376 0.214149 0.650474  -1.00037  -1.19247  0.758302  -2.01026  0.803118   1.09405 -0.226791
0.320347 0.215101  0.65046 0.320367  0.21508 0.650467  -1.00048  -1.19617  0.757189  -2.01031  0.805177   1.09072 -0.226408
0.319342 0.216026 0.650454 0.319363 0.216006  0.65046  -1.00052  -1.19977   0.75609  -2.01036  0.807178   1.08747 -0.225963
0.318343 0.216947 0.650448 0.318364 0.216928 0.650454  -1.00048  -1.20329  0.755004  -2.01041  0.809124   1.08428 -0.225459
0.317348 0.217864 0.650442 0.317369 0.217846 0.650447  -1.00038  -1.20672  0.753933  -2.01045  0.811015   1.08116 -0.224896
0.316357 0.218777 0.650436  0.31638 0.218759  0.65044  -1.00022  -1.21007  0.752877  -2.01049  0.812853   1.07812 -0.224276
0.315372 0.219685  0.65043 0.315395 0.219667 0.650434 -0.999982  -1.21332  0.751837  -2.01054  0.814637   1.07514 -0.223599
0.314392 0.220588 0.650424 0.314415 0.220572 0.650427 -0.999685   -1.2165  0.750813  -2.01057  0.816371   1.07224 -0.222868
0.313416 0.221487 0.650418  0.31344 0.221471 0.650421 -0.999325  -1.21959  0.749806  -2.01061  0.818054    1.0694 -0.222083
0.312446 0.222381 0.650412  0.31247 0.222366 0.650414 -0.998905   -1.2226  0.748816  -2.01065  0.819689   1.06663 -0.221246
0.311481 0.223271 0.650406 0.311505 0.223256 0.650408 -0.998425  -1.22552  0.747843  -2.01068  0.821276   1.06393 -0.220358
0.310521 0.224156   0.6504 0.310545 0.224142 0.650402 -0.997885  -1.22837  0.746888  -2.01071  0.822816    1.0613  -0.21942
0.309566 0.225036 0.650394 0.309591 0.225022 0.650395 -0.997289  -1.23114  0.745952  -2.01074  0.824311   1.05873 -0.218434
0.308617 0.225911 0.650388 0.308642 0.225898 0.650389 -0.996635  -1.23384  0.745034  -2.01077   0.82576   1.05623 -0.217398
0.307673 0.226781 0.650382 0.307698 0.226769 0.650383 -0.995926  -1.23645  0.744135  -2.01079  0.827165    1.0538 -0.216316
0.306734 0.227646 0.650376 0.306759 0.227634 0.650377 -0.995163    -1.239  0.743256  -2.01082  0.828528   1.05142 -0.215189
0.305801 0.228507  0.65037 0.305826 0.228495  0.65037 -0.994346  -1.24146  0.742396  -2.01084  0.829847   1.04912 -0.214017
0.304873 0.229362 0.650365 0.304899 0.229351 0.650364 -0.993478  -1.24386  0.741555  -2.01086  0.831125   1.04687 -0.212801
0.303951 0.230212 0.650359 0.303977 0.230201 0.650358  -0.99256  -1.24618  0.740734  -2.01088  0.832363   1.04469 -0.211544
0.303035 0.231057 0.650353 0.303061 0.231047 0.650352 -0.991593  -1.24844  0.739934   -2.0109  0.833562   1.04258 -0.210245
0.302124 0.231896 0.650347  0.30215 0.231887 0.650346 -0.990577  -1.25062  0.739153  -2.01092  0.834721   1.04052 -0.208905
0.301219  0.23273 0.650341 0.301245 0.232722  0.65034 -0.989513  -1.25273  0.738393  -2.01093  0.835843   1.03852 -0.207527
 0.30032 0.233559 0.650335 0.300346 0.233551 0.650334 -0.988403  -1.25478  0.737653  -2.01095  0.836926   1.03659  -0.20611
0.299427 0.234383  0.65033 0.299453 0.234375 0.650328 -0.987249  -1.25676  0.736933  -2.01096  0.837974   1.03471 -0.204656
 0.29854 0.235201 0.650324 0.298566 0.235194 0.650322 -0.986052  -1.25868  0.736234  -2.01097  0.838986    1.0329 -0.203168
0.297659 0.236014 0.650319 0.297685 0.236006 0.650316 -0.984815  -1.26054  0.735554  -2.01098  0.839965   1.03114 -0.201647
0.296784 0.236821 0.650313  0.29681 0.236814 0.650311 -0.983537  -1.26233  0.734895  -2.01099  0.840909   1.02943 -0.200092
0.295915 0.237622 0.650307 0.295941 0.237616 0.650305 -0.982218  -1.26406  0.734256    -2.011   0.84182   1.02779 -0.198505
0.295052 0.238418 0.650302 0.295078 0.238412 0.650299 -0.980862  -1.26573  0.733638    -2.011  0.842699   1.02619 -0.196887
0.294195 0.239208 0.650296 0.294221 0.239202 0.650293 -0.979468  -1.26734  0.733039  -2.01101  0.843545   1.02466 -0.195238
0.293345 0.239992  0.65029 0.293371 0.239986 0.650288 -0.978039  -1.26889  0.732461  -2.01101   0.84436   1.02318 -0.193562
0.292501  0.24077 0.650285 0.292527 0.240765 0.650282 -0.976576  -1.27039  0.731902  -2.01101  0.845147   1.02174 -0.191859
0.291663 0.241543  0.65028 0.291689 0.241538 0.650277 -0.97508 -1.27183 0.731362 -2.01102 0.845903  1.02037 -0.19013
0.290832  0.24231 0.650274 0.290858 0.242305 0.650271 -0.973554  -1.27321  0.730842  -2.01102  0.846631   1.01904 -0.188377
0.290007 0.243071 0.650269 0.290034 0.243065 0.650266 -0.971996  -1.27455  0.730342  -2.01102   0.84733   1.01776   -0.1866
0.289189 0.243825 0.650263 0.289216  0.24382  0.65026  -0.97041  -1.27583   0.72986  -2.01101  0.848003   1.01653 -0.184802
0.288378 0.244574 0.650258 0.288404 0.244569 0.650255 -0.968798  -1.27706  0.729397  -2.01101   0.84865   1.01535 -0.182983
0.287573 0.245316 0.650253   0.2876 0.245311 0.650249 -0.967159  -1.27824  0.728953  -2.01101   0.84927   1.01422 -0.181143
0.286776 0.246051 0.650248 0.286802 0.246047 0.650244 -0.965491  -1.27937  0.728528    -2.011  0.849864   1.01313 -0.179282
0.285985 0.246781 0.650242 0.286011 0.246777 0.650239 -0.963799  -1.28045  0.728121    -2.011  0.850432   1.01209 -0.177403
0.285201 0.247505 0.650237 0.285227   0.2475 0.650234 -0.962084  -1.28148  0.727732  -2.01099  0.850976    1.0111 -0.175508
0.284423 0.248222 0.650232 0.284449 0.248217 0.650229 -0.960349  -1.28247   0.72736  -2.01098  0.851497   1.01015 -0.173597
0.283653 0.248932 0.650227 0.283679 0.248928 0.650223 -0.958592  -1.28341  0.727007  -2.01097  0.851995   1.00924 -0.171671
 0.28289 0.249636 0.650222 0.282916 0.249632 0.650218 -0.956815   -1.2843  0.726671  -2.01097   0.85247   1.00837 -0.169731
0.282134 0.250334 0.650217  0.28216  0.25033 0.650213  -0.95502  -1.28516  0.726351  -2.01096  0.852922   1.00755 -0.167779
0.281385 0.251025 0.650212 0.281411  0.25102 0.650208 -0.953209  -1.28597  0.726048  -2.01094  0.853354   1.00677 -0.165816
0.280644 0.251709 0.650207  0.28067 0.251705 0.650203 -0.951381  -1.28674  0.725762  -2.01093  0.853765   1.00602 -0.163843
 0.27991 0.252386 0.650202 0.279935 0.252382 0.650199 -0.949537  -1.28747  0.725492  -2.01092  0.854154   1.00532 -0.161859
0.279183 0.253057 0.650198 0.279208 0.253053 0.650194 -0.947681  -1.28816  0.725237  -2.01091  0.854523   1.00466 -0.159868
0.278463 0.253721 0.650193 0.278489 0.253717 0.650189 -0.945811  -1.28881  0.724999   -2.0109  0.854873   1.00403 -0.157869
0.277751 0.254378 0.650188 0.277777 0.254374 0.650184 -0.943933  -1.28943  0.724774  -2.01088  0.855205   1.00343 -0.155866
0.277047 0.255028 0.650184 0.277072 0.255023  0.65018 -0.942045  -1.29001  0.724565  -2.01087  0.855519   1.00288 -0.153858
 0.27635 0.255671 0.650179 0.276375 0.255666 0.650175 -0.940148  -1.29055   0.72437  -2.01085  0.855815   1.00235 -0.151846
0.275661 0.256307 0.650174 0.275686 0.256302  0.65017 -0.938243  -1.29106  0.724189  -2.01084  0.856093   1.00186 -0.149831
0.274979 0.256936 0.650169 0.275004 0.256931 0.650166  -0.93633  -1.29154  0.724023  -2.01082  0.856353   1.00141 -0.147814
0.274305 0.257557 0.650165 0.274331 0.257553 0.650161 -0.934414  -1.29198  0.723869   -2.0108  0.856599   1.00098 -0.145798
 0.27364 0.258172 0.650161 0.273665 0.258167 0.650157 -0.932494  -1.29239  0.723729  -2.01079  0.856828   1.00059 -0.143782
0.272981 0.258779 0.650156 0.273007 0.258774 0.650153 -0.930573  -1.29277    0.7236  -2.01077  0.857043   1.00022 -0.141769
0.272331 0.259379 0.650152 0.272357 0.259374 0.650148 -0.928649  -1.29312  0.723484  -2.01075  0.857242  0.999884 -0.139758
0.271689 0.259972 0.650148 0.271714 0.259966 0.650144 -0.926724  -1.29345  0.723381  -2.01073  0.857426  0.999577  -0.13775
0.271056 0.260557 0.650143  0.27108 0.260551  0.65014 -0.924798  -1.29374  0.723289  -2.01071  0.857595  0.999298 -0.135746
 0.27043 0.261134 0.650139 0.270455 0.261129 0.650136 -0.922874  -1.29401  0.723209  -2.01069  0.857751  0.999046 -0.133748
0.269812 0.261704 0.650135 0.269837 0.261699 0.650132 -0.920954  -1.29425  0.723139  -2.01067  0.857894  0.998818 -0.131757
0.269203 0.262267 0.650131 0.269227 0.262261 0.650128 -0.919039  -1.29446  0.723079  -2.01065  0.858025  0.998614 -0.129775
0.268602 0.262821 0.650127 0.268626 0.262816 0.650124 -0.917128  -1.29465   0.72303  -2.01063  0.858143  0.998435 -0.127802
0.268009 0.263369 0.650123 0.268033 0.263363  0.65012 -0.915225  -1.29482   0.72299  -2.01061  0.858249  0.998278 -0.125839
0.267425 0.263908 0.650119 0.267449 0.263902 0.650116 -0.913329  -1.29497   0.72296  -2.01059  0.858344  0.998144 -0.123886
0.266849 0.264439 0.650115 0.266873 0.264433 0.650112 -0.911439  -1.29509  0.722939  -2.01057  0.858427  0.998032 -0.121944
0.266282 0.264963 0.650111 0.266306 0.264956 0.650108 -0.909558  -1.29519  0.722927  -2.01055  0.858499  0.997941 -0.120015
0.265723 0.265479 0.650107 0.265747 0.265472 0.650104 -0.907691  -1.29527  0.722923  -2.01053  0.858561  0.997869 -0.118101
0.265173 0.265986 0.650104 0.265197 0.265979 0.650101 -0.905837  -1.29534  0.722926  -2.01051  0.858615  0.997813 -0.116204
0.264632 0.266486   0.6501 0.264656 0.266479 0.650097 -0.903994  -1.29538  0.722937  -2.01049  0.858659  0.997777 -0.114321
0.264099 0.266977 0.650097 0.264123  0.26697 0.650094 -0.902165  -1.29541  0.722955  -2.01047  0.858694  0.997758 -0.112455
0.263575  0.26746 0.650093   0.2636 0.267453  0.65009 -0.900351  -1.29542   0.72298  -2.01045   0.85872  0.997756 -0.110606
0.263061 0.267936  0.65009 0.263085 0.267928 0.650087 -0.898553  -1.29541  0.723012  -2.01042  0.858738  0.997769 -0.108776
0.262555 0.268403 0.650086 0.262579 0.268395 0.650083 -0.896772  -1.29539   0.72305   -2.0104  0.858747  0.997797 -0.106966
0.262058 0.268861 0.650083 0.262082 0.268853  0.65008 -0.895011  -1.29536  0.723092  -2.01038  0.858751  0.997837 -0.105179
 0.26157 0.269311  0.65008 0.261594 0.269303 0.650077 -0.893269  -1.29531  0.723141  -2.01036  0.858747  0.997891 -0.103412
0.261092 0.269753 0.650076 0.261116 0.269745 0.650074 -0.891546  -1.29525  0.723195  -2.01034  0.858736  0.997958 -0.101668
0.260623 0.270186 0.650073 0.260646 0.270178 0.650071  -0.889845   -1.29518   0.723253   -2.01032   0.858719   0.998036 -0.0999468
0.260162 0.270611  0.65007 0.260186 0.270602 0.650068  -0.888165    -1.2951   0.723316    -2.0103   0.858695   0.998126 -0.0982496
0.259711 0.271027 0.650067 0.259735 0.271018 0.650065   -0.88651     -1.295   0.723382   -2.01028   0.858666   0.998225 -0.0965785
 0.25927 0.271435 0.650064 0.259294 0.271425 0.650062  -0.884879    -1.2949   0.723452   -2.01026   0.858633   0.998332 -0.0949342
0.258838 0.271833 0.650061 0.258862 0.271824 0.650059  -0.883273   -1.29479   0.723526   -2.01024   0.858594   0.998449 -0.0933161
0.258416 0.272223 0.650058 0.258439 0.272214 0.650056  -0.881691   -1.29467   0.723603   -2.01022    0.85855   0.998575 -0.0917242
0.258003 0.272605 0.650056 0.258027 0.272595 0.650053  -0.880137   -1.29454   0.723683    -2.0102   0.858501   0.998709 -0.0901614
0.257599 0.272977 0.650053 0.257623 0.272967 0.650051  -0.878612   -1.29441   0.723764   -2.01018    0.85845   0.998847 -0.0886296
0.257206  0.27334  0.65005 0.257229  0.27333 0.650048 -0.877114  -1.29427  0.723848  -2.01016  0.858395  0.998992 -0.087127
0.256822 0.273695 0.650048 0.256846 0.273684 0.650045  -0.875648   -1.29412   0.723934   -2.01014   0.858336   0.999141 -0.0856564
0.256448  0.27404 0.650045 0.256471  0.27403 0.650043  -0.874212   -1.29397   0.724021   -2.01012   0.858276   0.999294 -0.0842184
0.256083 0.274377 0.650043 0.256107 0.274366 0.650041   -0.87281   -1.29382   0.724109    -2.0101   0.858213    0.99945 -0.0828142
0.255729 0.274704  0.65004 0.255753 0.274693 0.650038  -0.871439   -1.29366   0.724198   -2.01008   0.858147   0.999611 -0.0814425
0.255384 0.275022 0.650038 0.255408  0.27501 0.650036  -0.870099    -1.2935   0.724287   -2.01006   0.858079   0.999775 -0.0801043
 0.25505  0.27533 0.650036 0.255074 0.275319 0.650034  -0.868794   -1.29334   0.724378   -2.01005   0.858009   0.999941 -0.0788005
0.254726  0.27563 0.650033  0.25475 0.275618 0.650032  -0.867523   -1.29317   0.724468   -2.01003   0.857937    1.00011 -0.0775332
0.254412  0.27592 0.650031 0.254435 0.275908 0.650029   -0.86629   -1.29301   0.724558   -2.01001   0.857866    1.00027 -0.0763034
0.254108   0.2762 0.650029 0.254131 0.276188 0.650027  -0.865091   -1.29285   0.724648      -2.01   0.857792    1.00044 -0.0751097
0.253814 0.276472 0.650028 0.253838 0.276459 0.650025  -0.863932   -1.29268   0.724737   -2.00998   0.857719    1.00061 -0.0739549
 0.25353 0.276733 0.650026 0.253554 0.276721 0.650024  -0.862809   -1.29252   0.724825   -2.00996   0.857645    1.00078 -0.0728387
0.253257 0.276986 0.650024 0.253281 0.276973 0.650022  -0.861727   -1.29236   0.724911   -2.00995   0.857572    1.00094 -0.0717628
0.252995 0.277228 0.650022 0.253019 0.277215  0.65002  -0.860685    -1.2922   0.724996   -2.00993   0.857499     1.0011 -0.0707274
0.252743 0.277461  0.65002 0.252767 0.277447 0.650018  -0.859682   -1.29204    0.72508   -2.00992   0.857427    1.00126 -0.0697315
0.252501 0.277684 0.650019 0.252525  0.27767 0.650017  -0.858718   -1.29188   0.725162   -2.00991   0.857354    1.00142 -0.0687758
 0.25227 0.277897 0.650017 0.252295 0.277883 0.650015  -0.857796   -1.29173   0.725242   -2.00989   0.857282    1.00157 -0.0678622
 0.25205   0.2781 0.650015 0.252074 0.278086 0.650014  -0.856916   -1.29158    0.72532   -2.00988   0.857211    1.00172 -0.0669912
0.251841 0.278293 0.650014 0.251865 0.278279 0.650012   -0.85608   -1.29144   0.725396   -2.00987   0.857142    1.00187 -0.0661639
0.251642 0.278477 0.650013 0.251666 0.278463 0.650011  -0.855289    -1.2913   0.725468   -2.00986   0.857075    1.00201 -0.0653817
0.251454  0.27865 0.650011 0.251479 0.278636  0.65001 -0.854539  -1.29116  0.725539  -2.00985  0.857009   1.00215 -0.064642
0.251277 0.278814  0.65001 0.251302 0.278799 0.650009 -0.853836  -1.29104  0.725606  -2.00984  0.856945   1.00228 -0.063948
0.251111 0.278967 0.650009 0.251136 0.278952 0.650008  -0.853176   -1.29091   0.725671   -2.00983   0.856882     1.0024 -0.0632981
0.250957  0.27911 0.650008 0.250981 0.279095 0.650007  -0.852562   -1.29079   0.725732   -2.00982   0.856822    1.00252 -0.0626941
0.250813 0.279243 0.650007 0.250837 0.279227 0.650006 -0.851995  -1.29068  0.725789  -2.00981  0.856764   1.00264 -0.062137
 0.25068 0.279365 0.650006 0.250705  0.27935 0.650005  -0.851475   -1.29058   0.725844    -2.0098    0.85671    1.00274 -0.0616269
0.250559 0.279477 0.650006 0.250584 0.279462 0.650004  -0.851003   -1.29048   0.725894    -2.0098   0.856658    1.00284 -0.0611639
0.250448 0.279579 0.650005 0.250473 0.279563 0.650003  -0.850578   -1.29039   0.725941   -2.00979   0.856609    1.00293 -0.0607485
 0.25035  0.27967 0.650004 0.250375 0.279654 0.650002  -0.850201   -1.29031   0.725985   -2.00979   0.856562    1.00302 -0.0603806
0.250262 0.279751 0.650004 0.250287 0.279735 0.650002  -0.849873   -1.29023   0.726024   -2.00978   0.856518     1.0031 -0.0600622
0.250186 0.279822 0.650003 0.250212 0.279805 0.650001  -0.849594   -1.29017    0.72606   -2.00978   0.856478    1.00317 -0.0597927
0.250122 0.279881 0.650003 0.250147 0.279864 0.650001 -0.849364  -1.29011  0.726091  -2.00977  0.856441   1.00323 -0.059572
0.250069  0.27993 0.650002 0.250094 0.279913 0.650001  -0.849185   -1.29006   0.726119   -2.00977   0.856407    1.00328 -0.0594012
0.250027 0.279968 0.650002 0.250053 0.279951     0.65  -0.849053   -1.29001   0.726142   -2.00977   0.856375    1.00333 -0.0592789
0.249998 0.279996 0.650002 0.250024 0.279978     0.65  -0.848972   -1.28998   0.726162   -2.00977   0.856347    1.00337 -0.0592071
 0.24998 0.280012 0.650001 0.250006 0.279995     0.65  -0.848941   -1.28995   0.726177   -2.00977   0.856321     1.0034 -0.0591845
0.249974 0.280018 0.650002 0.25 0.28 0.65  -0.848962   -1.28993   0.726188   -2.00977     0.8563    1.00342 -0.0592138
 0.24998 0.280012 0.650002 0.25 0.28 0.65  -0.848971   -1.28991     0.7262   -2.00976   0.856278    1.00344 -0.0592317
0.249997 0.279996 0.650002 0.25 0.28 0.65  -0.848946   -1.28989   0.726214   -2.00976   0.856255    1.00347 -0.0592138
0.250015 0.279978 0.650001 0.25 0.28 0.65  -0.848867   -1.28985   0.726235   -2.00976   0.856223    1.00351 -0.0591457
0.250027 0.279965     0.65 0.25 0.28 0.65  -0.848734   -1.28977   0.726267   -2.00976   0.856173    1.00358 -0.0590288
0.250031 0.279959 0.649997 0.25 0.28 0.65 -0.848558  -1.28967   0.72631  -2.00976  0.856103   1.00369 -0.058876
0.250028 0.279959 0.649996 0.25 0.28 0.65  -0.848362   -1.28954    0.72636   -2.00975   0.856019    1.00381 -0.0587088
0.250022 0.279965 0.649996 0.25 0.28 0.65  -0.848173    -1.2894   0.726411   -2.00975   0.855931    1.00393 -0.0585507
0.250016 0.279972 0.649996 0.25 0.28 0.65  -0.848013   -1.28929   0.726456   -2.00975   0.855851    1.00405 -0.0584189
0.250011 0.279979 0.649998 0.25 0.28 0.65 -0.847895   -1.2892  0.726491  -2.00974  0.855787   1.00413 -0.058324
0.250007 0.279986 0.650001 0.25 0.28 0.65   -0.84782   -1.28915   0.726516   -2.00974   0.855741    1.00418 -0.0582656
0.250004 0.279991 0.650002 0.25 0.28 0.65  -0.847782   -1.28913   0.726531   -2.00974   0.855712    1.00421 -0.0582377
0.250003 0.279994 0.650004 0.25 0.28 0.65  -0.847769   -1.28912    0.72654   -2.00974   0.855696    1.00422 -0.0582311
0.250002 0.279996 0.650004 0.25 0.28 0.65  -0.847772   -1.28913   0.726544   -2.00974   0.855689    1.00422 -0.0582375
    0.25 0.279998 0.650005 0.25 0.28 0.65  -0.847785   -1.28915   0.726546   -2.00974   0.855686    1.00421 -0.0582509
0.249999     0.28 0.650004 0.25 0.28 0.65  -0.847802   -1.28917   0.726547   -2.00974   0.855686     1.0042 -0.0582681
0.249997 0.280001 0.650004 0.25 0.28 0.65  -0.847822   -1.28919   0.726547   -2.00974   0.855687    1.00418 -0.0582877
0.249996 0.280001 0.650004 0.25 0.28 0.65  -0.847845    -1.2892   0.726547   -2.00974   0.855691    1.00417 -0.0583097
0.249996 0.280002 0.650004 0.25 0.28 0.65   -0.84787   -1.28922   0.726546   -2.00974   0.855695    1.00416 -0.0583318
0.249997 0.280001 0.650004 0.25 0.28 0.65  -0.847889   -1.28924   0.726547   -2.00974   0.855699    1.00415 -0.0583498
0.249998 0.279999 0.650004 0.25 0.28 0.65  -0.847901   -1.28925   0.726549   -2.00974     0.8557    1.00414 -0.0583603
    0.25 0.279997 0.650003 0.25 0.28 0.65  -0.8479 -1.28925 0.726554 -2.00974 0.855696  1.00415 -0.05836
0.250002 0.279994 0.650003 0.25 0.28 0.65  -0.847886   -1.28925   0.726562   -2.00974   0.855687    1.00416 -0.0583481
0.250004 0.279991 0.650002 0.25 0.28 0.65  -0.847858   -1.28923   0.726573   -2.00974   0.855674    1.00417 -0.0583244
0.250006 0.279988 0.650002 0.25 0.28 0.65 -0.847817  -1.28921  0.726587  -2.00974  0.855654    1.0042 -0.058289
0.250008 0.279986 0.650001 0.25 0.28 0.65  -0.847763   -1.28917   0.726605   -2.00974   0.855629    1.00424 -0.0582426
0.250009 0.279985 0.650001 0.25 0.28 0.65  -0.847699   -1.28913   0.726624   -2.00974     0.8556    1.00428 -0.0581886
0.250009 0.279984     0.65 0.25 0.28 0.65  -0.847629   -1.28909   0.726645   -2.00974   0.855567    1.00432 -0.0581295
0.250009 0.279984     0.65 0.25 0.28 0.65  -0.847557   -1.28904   0.726666   -2.00974   0.855532    1.00437 -0.0580693
0.250009 0.279984     0.65 0.25 0.28 0.65  -0.847485   -1.28899   0.726688   -2.00973   0.855497    1.00442 -0.0580093
0.250009 0.279985 0.650001 0.25 0.28 0.65  -0.847419   -1.28895   0.726708   -2.00973   0.855465    1.00446 -0.0579545
0.250008 0.279986 0.650001 0.25 0.28 0.65  -0.847359   -1.28891   0.726727   -2.00973   0.855434     1.0045 -0.0579041
0.250007 0.279987 0.650001 0.25 0.28 0.65  -0.847303   -1.28888   0.726744   -2.00973   0.855405    1.00454 -0.0578583
0.250007 0.279988 0.650001 0.25 0.28 0.65  -0.847254   -1.28885    0.72676   -2.00973   0.855379    1.00457 -0.0578185
0.250006  0.27999 0.650002 0.25 0.28 0.65  -0.847212   -1.28882   0.726775   -2.00973   0.855355     1.0046 -0.0577847
0.250005 0.279991 0.650002 0.25 0.28 0.65  -0.847179    -1.2888   0.726787   -2.00973   0.855335    1.00462 -0.0577579
0.250004 0.279992 0.650002 0.25 0.28 0.65 -0.847151  -1.28879  0.726798  -2.00973  0.855317   1.00464 -0.057736
0.250003 0.279993 0.650002 0.25 0.28 0.65  -0.847127   -1.28877   0.726808   -2.00973   0.855302    1.00465 -0.0577179
0.250002 0.279994 0.650003 0.25 0.28 0.65  -0.847109   -1.28877   0.726817   -2.00973   0.855288    1.00467 -0.0577034
0.250002 0.279994 0.650003 0.25 0.28 0.65  -0.847092   -1.28876   0.726826   -2.00973   0.855276    1.00468 -0.0576911
0.250002 0.279995 0.650003 0.25 0.28 0.65   -0.84708   -1.28875   0.726833   -2.00973   0.855266    1.00469 -0.0576815
0.250002 0.279995 0.650003 0.25 0.28 0.65  -0.847068   -1.28875    0.72684   -2.00973   0.855257     1.0047 -0.0576724
0.250002 0.279995 0.650002 0.25 0.28 0.65  -0.847052   -1.28874   0.726848   -2.00972   0.855246    1.00471 -0.0576605
0.250002 0.279994 0.650002 0.25 0.28 0.65  -0.847034   -1.28873   0.726857   -2.00972   0.855234    1.00472 -0.0576461
0.250003 0.279993 0.650002 0.25 0.28 0.65 -0.847012  -1.28872  0.726866  -2.00972  0.855221   1.00474 -0.057628
0.250003 0.279993 0.650002 0.25 0.28 0.65  -0.846987    -1.2887   0.726876   -2.00972   0.855207    1.00475 -0.0576078
0.250004 0.279992 0.650002 0.25 0.28 0.65   -0.84696   -1.28869   0.726887   -2.00972   0.855192    1.00477 -0.0575851
0.250004 0.279991 0.650002 0.25 0.28 0.65  -0.846929   -1.28867   0.726898   -2.00972   0.855175    1.00479 -0.0575593
0.250005 0.279991 0.650002 0.25 0.28 0.65  -0.846895   -1.28865    0.72691   -2.00972   0.855158    1.00482 -0.0575309
0.250005  0.27999 0.650001 0.25 0.28 0.65  -0.846857   -1.28863   0.726923   -2.00972   0.855138    1.00484 -0.0574996
0.250005  0.27999 0.650001 0.25 0.28 0.65  -0.846818    -1.2886   0.726936   -2.00972   0.855118    1.00487 -0.0574676
0.250005  0.27999 0.650001 0.25 0.28 0.65  -0.846779   -1.28858    0.72695   -2.00972   0.855098    1.00489 -0.0574348
0.250005  0.27999 0.650001 0.25 0.28 0.65  -0.846737   -1.28855   0.726963   -2.00972   0.855076    1.00492 -0.0574002
0.250005  0.27999 0.650001 0.25 0.28 0.65  -0.846696   -1.28853   0.726977   -2.00972   0.855055    1.00495 -0.0573663
0.250005  0.27999 0.650001 0.25 0.28 0.65  -0.846658    -1.2885    0.72699   -2.00972   0.855034    1.00497 -0.0573347
0.250005 0.279991 0.650002 0.25 0.28 0.65  -0.846622   -1.28848   0.727003   -2.00972   0.855015      1.005 -0.0573053
0.250005 0.279991 0.650001 0.25 0.28 0.65  -0.846587   -1.28846   0.727015   -2.00972   0.854996    1.00502 -0.0572762
0.250004 0.279991 0.650001 0.25 0.28 0.65  -0.846554   -1.28844   0.727027   -2.00971   0.854977    1.00504 -0.0572493
0.250004 0.279992 0.650002 0.25 0.28 0.65  -0.846522   -1.28842   0.727038   -2.00971    0.85496    1.00506 -0.0572235
0.250004 0.279992 0.650002 0.25 0.28 0.65  -0.846491    -1.2884   0.727049   -2.00971   0.854942    1.00508 -0.0571983
0.250004 0.279993 0.650002 0.25 0.28 0.65  -0.846464   -1.28839   0.727059   -2.00971   0.854927     1.0051 -0.0571771
0.250003 0.279992 0.650002 0.25 0.28 0.65  -0.846438   -1.28837    0.72707   -2.00971   0.854911    1.00512 -0.0571558
0.250003 0.279993 0.650002 0.25 0.28 0.65 -0.846415  -1.28836  0.727079  -2.00971  0.854898   1.00513 -0.057137
0.250003 0.279993 0.650002 0.25 0.28 0.65  -0.846392   -1.28835   0.727088   -2.00971   0.854884    1.00515 -0.0571183
0.250003 0.279993 0.650002 0.25 0.28 0.65   -0.84637   -1.28834   0.727097   -2.00971   0.854871    1.00517 -0.0571006
0.250003 0.279993 0.650002 0.25 0.28 0.65  -0.846347   -1.28832   0.727106   -2.00971   0.854857    1.00518 -0.0570818
0.250003 0.279993 0.650002 0.25 0.28 0.65  -0.846323   -1.28831   0.727116   -2.00971   0.854843     1.0052 -0.0570621
0.250003 0.279993 0.650002 0.25 0.28 0.65  -0.846297   -1.28829   0.727126   -2.00971   0.854829    1.00521 -0.0570416
0.250003 0.279993 0.650002 0.25 0.28 0.65  -0.846272   -1.28828   0.727135   -2.00971   0.854814    1.00523 -0.0570209
0.250004 0.279993 0.650002 0.25 0.28 0.65  -0.846246   -1.28826   0.727145   -2.00971     0.8548    1.00525 -0.0569992
0.250004 0.279992 0.650001 0.25 0.28 0.65  -0.846217   -1.28825   0.727156   -2.00971   0.854784    1.00527 -0.0569756
0.250004 0.279992 0.650001 0.25 0.28 0.65  -0.846187   -1.28823   0.727166   -2.00971   0.854768    1.00529 -0.0569512
0.250004 0.279992 0.650002 0.25 0.28 0.65 -0.846159  -1.28821  0.727176  -2.00971  0.854752   1.00531 -0.056928
0.250004 0.279992 0.650002 0.25 0.28 0.65  -0.846131   -1.28819   0.727187   -2.00971   0.854737    1.00533 -0.0569047
0.250004 0.279992 0.650002 0.25 0.28 0.65  -0.846102   -1.28818   0.727197   -2.00971   0.854722    1.00535 -0.0568809
0.250004 0.279992 0.650002 0.25 0.28 0.65  -0.846073   -1.28816   0.727208    -2.0097   0.854706    1.00536 -0.0568568
0.250004 0.279992 0.650001 0.25 0.28 0.65 -0.846042  -1.28814  0.727218   -2.0097  0.854689   1.00539 -0.056832
0.250004 0.279992 0.650001 0.25 0.28 0.65  -0.846012   -1.28812   0.727229    -2.0097   0.854673    1.00541 -0.0568072
0.250004 0.279992 0.650001 0.25 0.28 0.65  -0.845982   -1.28811   0.727239    -2.0097   0.854656    1.00543 -0.0567826
0.250004 0.279992 0.650001 0.25 0.28 0.65  -0.845952   -1.28809    0.72725    -2.0097    0.85464    1.00545 -0.0567581
0.250004 0.279992 0.650002 0.25 0.28 0.65  -0.845924   -1.28807    0.72726    -2.0097   0.854625    1.00546 -0.0567353
0.250004 0.279993 0.650002 0.25 0.28 0.65 -0.845898  -1.28806   0.72727   -2.0097   0.85461   1.00548 -0.056714
0.250003 0.279993 0.650002 0.25 0.28 0.65  -0.845873   -1.28804   0.727279    -2.0097   0.854596     1.0055 -0.0566937
0.250004 0.279993 0.650001 0.25 0.28 0.65  -0.845848   -1.28803   0.727288    -2.0097   0.854582    1.00551 -0.0566733
0.250003 0.279993 0.650002 0.25 0.28 0.65  -0.845824   -1.28801   0.727298    -2.0097   0.854568    1.00553 -0.0566534
0.250003 0.279993 0.650002 0.25 0.28 0.65    -0.8458     -1.288   0.727307    -2.0097   0.854554    1.00555 -0.0566333
0.250003 0.279993 0.650001 0.25 0.28 0.65  -0.845773   -1.28798   0.727317    -2.0097   0.854539    1.00557 -0.0566113
0.250003 0.279993 0.650001 0.25 0.28 0.65  -0.845748   -1.28797   0.727326    -2.0097   0.854526    1.00558 -0.0565916
0.250003 0.279993 0.650002 0.25 0.28 0.65  -0.845725   -1.28795   0.727335    -2.0097   0.854512     1.0056 -0.0565723
0.250003 0.279993 0.650002 0.25 0.28 0.65  -0.845702   -1.28794   0.727344    -2.0097   0.854499    1.00561 -0.0565534
0.250003 0.279994 0.650001 0.25 0.28 0.65  -0.845678   -1.28793   0.727352    -2.0097   0.854486    1.00563 -0.0565341
0.250003 0.279993 0.650001 0.25 0.28 0.65  -0.845654   -1.28791   0.727361    -2.0097   0.854472    1.00565 -0.0565142
0.250003 0.279993 0.650001 0.25 0.28 0.65  -0.845629    -1.2879    0.72737    -2.0097   0.854458    1.00566 -0.0564941
0.250003 0.279993 0.650001 0.25 0.28 0.65  -0.845604   -1.28788    0.72738   -2.00969   0.854445    1.00568 -0.0564739
0.250003 0.279993 0.650001 0.25 0.28 0.65   -0.84558   -1.28787   0.727388   -2.00969   0.854431    1.00569 -0.0564538
0.250003 0.279993 0.650001 0.25 0.28 0.65  -0.845555   -1.28785   0.727397   -2.00969   0.854417    1.00571 -0.0564335
0.250003 0.279993 0.650002 0.25 0.28 0.65  -0.845533   -1.28784   0.727406   -2.00969   0.854405    1.00573 -0.0564149
0.250003 0.279993 0.650001 0.25 0.28 0.65  -0.845508   -1.28783   0.727415   -2.00969   0.854391    1.00574 -0.0563948
0.250003 0.279993 0.650001 0.25 0.28 0.65  -0.845483   -1.28781   0.727424   -2.00969   0.854377    1.00576 -0.0563741
0.250003 0.279993 0.650001 0.25 0.28 0.65  -0.845458    -1.2878   0.727433   -2.00969   0.854363    1.00578 -0.0563535
