  0.566547 -0.0119966   0.651965   0.566547 -0.0119966   0.651965       0       0       0 -1.5708       0  1.5708       0
  0.566547 -0.0119966   0.651966   0.566541 -0.0119911   0.651965  9.84987e-06 -3.97532e-05  9.84701e-06     -1.57084  3.86815e-09      1.57081  1.97096e-05
  0.566546 -0.0119966   0.651966   0.566523 -0.0119748   0.651965 2.95002e-05 -0.00011906 2.94917e-05    -1.57094 1.15429e-08     1.57082 5.90302e-05
  0.566534 -0.0119872   0.651967   0.566494 -0.0119476   0.651965  5.89008e-05 -0.000237718  5.88863e-05     -1.57109  2.52155e-08      1.57085  0.000117863
  0.566511 -0.0119669   0.651966   0.566452 -0.0119096   0.651964  9.80004e-05 -0.000395516  9.79846e-05     -1.57128  4.97183e-08      1.57088  0.000196112
  0.566476 -0.0119355   0.651963     0.5664 -0.0118609   0.651964  0.000146747 -0.000592243  0.000146742     -1.57152  9.23954e-08      1.57093   0.00029368
  0.566429 -0.0118932   0.651958   0.566335 -0.0118015   0.651964  0.000205089 -0.000827679  0.000205116     -1.57181  1.63035e-07      1.57098  0.000410471
  0.566372 -0.0118399   0.651951   0.566259 -0.0117315   0.651963 0.000272971  -0.0011016 0.000273065    -1.57214 2.73657e-07     1.57104  0.00054639
 0.566303 -0.011776  0.651943   0.566172 -0.0116509   0.651963 0.000350341 -0.00141378 0.000350548    -1.57252  4.3844e-07     1.57111 0.000701343
  0.566222 -0.0117013   0.651936   0.566073 -0.0115598   0.651962 0.000437142 -0.00176399 0.000437528    -1.57295 6.73373e-07     1.57118 0.000875237
  0.566129 -0.0116162   0.651929   0.565963 -0.0114582   0.651961  0.00053332   -0.002152 0.000533967    -1.57342 9.96385e-07     1.57127  0.00106798
  0.566026 -0.0115205   0.651923   0.565842 -0.0113463   0.651961 0.000638817 -0.00257755 0.000639831    -1.57394 1.42702e-06     1.57136  0.00127948
   0.56591 -0.0114141   0.651918  0.565709 -0.011224   0.65196 0.000753578 -0.00304042 0.000755086     -1.5745 1.98709e-06     1.57146  0.00150964
 0.565782 -0.011297  0.651915   0.565566 -0.0110914   0.651959 0.000877543 -0.00354034 0.000879699    -1.57511 2.69991e-06     1.57157  0.00175838
  0.565643 -0.0111692   0.651913   0.565411 -0.0109486   0.651958  0.00101066 -0.00407708  0.00101364    -1.57576 3.59077e-06     1.57169   0.0020256
 0.565493 -0.011031  0.651912   0.565245 -0.0107955   0.651957  0.00115285 -0.00465037  0.00115688    -1.57646  4.6867e-06     1.57181  0.00231122
   0.56533 -0.0108818   0.651912   0.565068 -0.0106324   0.651956  0.00130408 -0.00525995  0.00130939     -1.5772 6.01682e-06     1.57195  0.00261515
 0.565157 -0.010722  0.651913    0.56488 -0.0104592   0.651955  0.00146428 -0.00590556  0.00147114    -1.57799 7.61211e-06     1.57208   0.0029373
  0.564971 -0.0105516   0.651915   0.564681 -0.0102759   0.651953  0.00163338 -0.00658694  0.00164212    -1.57882 9.50507e-06     1.57223  0.00327758
  0.564775 -0.0103707   0.651918   0.564472 -0.0100827   0.651952  0.00181133 -0.00730381  0.00182228    -1.57969 1.17298e-05     1.57239  0.00363591
  0.564567 -0.0101795   0.651922    0.564252 -0.00987963    0.651951  0.00199806  -0.0080559  0.00201162     -1.5806 1.43227e-05     1.57255  0.00401221
   0.564348 -0.00997808    0.651926    0.564021 -0.00966666    0.651949  0.00219352 -0.00884294  0.00221011    -1.58156 1.73208e-05     1.57272  0.00440638
   0.564119 -0.00976649    0.651931    0.563779 -0.00944389    0.651948  0.00239763 -0.00966464  0.00241773    -1.58255 2.07641e-05     1.57289  0.00481835
  0.563878 -0.0095452   0.651937    0.563527 -0.00921138    0.651946  0.00261034  -0.0105207  0.00263445    -1.58359 2.46933e-05     1.57307  0.00524803
   0.563626 -0.00931397    0.651942    0.563265 -0.00896918    0.651945  0.00283158  -0.0114109  0.00286027    -1.58467 2.91512e-05     1.57326  0.00569533
   0.563365 -0.00907294    0.651948    0.562992 -0.00871734    0.651943  0.00306129  -0.0123349  0.00309516    -1.58579 3.41822e-05     1.57346  0.00616018
   0.563092 -0.00882274    0.651953    0.562708 -0.00845592    0.651941 0.00329941 -0.0132924 0.00333911   -1.58695 3.9832e-05    1.57366 0.00664248
    0.56281 -0.00856304    0.651957    0.562415 -0.00818498    0.651939  0.00354587  -0.0142832  0.00359209    -1.58815 4.61484e-05     1.57387  0.00714216
   0.562518 -0.00829397    0.651961    0.562111 -0.00790456    0.651937   0.0038006  -0.0153068   0.0038541    -1.58938 5.31808e-05     1.57408  0.00765914
   0.562216 -0.00801551    0.651963    0.561797 -0.00761473    0.651935 0.00406354 -0.0163632 0.00412512   -1.59066 6.0981e-05     1.5743 0.00819333
   0.561904 -0.00772797    0.651964    0.561472 -0.00731553    0.651933  0.00433463  -0.0174518  0.00440513    -1.59197 6.96011e-05     1.57453  0.00874464
   0.561582 -0.00743122    0.651964    0.561138 -0.00700703    0.651931 0.00461381 -0.0185725 0.00469412   -1.59332 7.9096e-05    1.57476 0.00931301
   0.561251 -0.00712502    0.651961    0.560793 -0.00668927    0.651929  0.00490099   -0.019725  0.00499208    -1.59471 8.95218e-05     1.57499  0.00989834
    0.56091 -0.00680983    0.651957    0.560439 -0.00636232    0.651927  0.00519613  -0.0209089    0.005299    -1.59614 0.000100936     1.57524   0.0105006
   0.560559 -0.00648536    0.651952    0.560074 -0.00602622    0.651925  0.00549915  -0.0221239  0.00561486     -1.5976 0.000113397     1.57548   0.0111196
   0.560199 -0.00615187    0.651945      0.5597 -0.00568103    0.651922  0.00580999  -0.0233697  0.00593966     -1.5991 0.000126966     1.57574   0.0117553
   0.559829 -0.00580937    0.651938    0.559316 -0.00532681     0.65192  0.00612859  -0.0246461  0.00627339    -1.60063 0.000141702     1.57599   0.0124077
   0.559449 -0.00545769    0.651931    0.558923 -0.00496362    0.651918  0.00645487  -0.0259526  0.00661603     -1.6022 0.000157668     1.57626   0.0130767
   0.559059 -0.00509721    0.651924    0.558519 -0.00459149    0.651915  0.00678877   -0.027289  0.00696758     -1.6038 0.000174926     1.57652   0.0137621
   0.558659 -0.00472799    0.651917   0.558106 -0.0042105   0.651913 0.00713023  -0.028655 0.00732803   -1.60544 0.00019354    1.57679   0.014464
   0.558249 -0.00434972    0.651911   0.557684 -0.0038207    0.65191  0.00747918  -0.0300503  0.00769739    -1.60711 0.000213573     1.57707   0.0151822
   0.557829 -0.00396274    0.651906    0.557251 -0.00342213    0.651907 0.00783554 -0.0314745 0.00807563   -1.60881 0.00023509    1.57735  0.0159166
   0.557399 -0.00356699    0.651903     0.55681 -0.00301486    0.651905  0.00819927  -0.0329273  0.00846276    -1.61055 0.000258157     1.57763   0.0166672
   0.556958 -0.00316246    0.651901    0.556359 -0.00259894    0.651902 0.00857029 -0.0344085 0.00885878   -1.61232 0.00028284    1.57792  0.0174339
   0.556508 -0.00274929      0.6519    0.555899 -0.00217442    0.651899  0.00894853  -0.0359176  0.00926367    -1.61412 0.000309208     1.57821   0.0182167
   0.556048 -0.00232765      0.6519    0.555429 -0.00174136    0.651896  0.00933392  -0.0374544  0.00967744    -1.61595 0.000337327      1.5785   0.0190153
   0.555578 -0.00189715    0.651902    0.554951 -0.00129982    0.651893  0.00972642  -0.0390186   0.0101001    -1.61781 0.000367268      1.5788   0.0198299
   0.555099 -0.00145835    0.651904    0.554463 -0.00084984     0.65189   0.0101259  -0.0406098   0.0105316     -1.6197 0.000399101      1.5791   0.0206602
    0.55461 -0.00101085    0.651907     0.553966 -0.000391488     0.651887   0.0105324  -0.0422277    0.010972    -1.62162 0.000432897      1.5794   0.0215062
    0.554111 -0.000555078     0.651911     0.55346 7.51868e-05    0.651884   0.0109458   -0.043872   0.0114212    -1.62357 0.000468728     1.57971   0.0223679
    0.553604 -9.07654e-05     0.651915    0.552945 0.000550128    0.651881    0.011366  -0.0455423   0.0118794    -1.62555 0.000506669     1.58002   0.0232451
   0.553087 0.000381912     0.65192   0.552421 0.00103328   0.651877    0.011793  -0.0472384   0.0123463    -1.62755 0.000546793     1.58033   0.0241378
   0.552561 0.000862683    0.651924   0.551889 0.00152459   0.651874   0.0122267  -0.0489599   0.0128222    -1.62959 0.000589177     1.58064    0.025046
  0.552026 0.00135195   0.651928   0.551347 0.00202401   0.651871    0.012667  -0.0507065   0.0133069    -1.63165 0.000633897     1.58096   0.0259694
  0.551483 0.00184912   0.651931   0.550797 0.00253147   0.651867  0.0131139 -0.0524779  0.0138004   -1.63373 0.00068103    1.58127  0.0269081
  0.550931 0.00235448   0.651934   0.550238 0.00304693   0.651864   0.0135674  -0.0542738   0.0143029    -1.63585 0.000730654     1.58159    0.027862
  0.550371 0.00286785   0.651935   0.549671 0.00357032    0.65186  0.0140273 -0.0560938  0.0148141   -1.63799 0.00078285    1.58191   0.028831
  0.549802 0.00338922   0.651936  0.549095 0.0041016  0.651857   0.0144936  -0.0579376   0.0153343    -1.64015 0.000837697     1.58224    0.029815
  0.549225 0.00391833   0.651936   0.548511 0.00464071   0.651853   0.0149662  -0.0598049   0.0158633    -1.64234 0.000895275     1.58256   0.0308139
  0.548639 0.00445565   0.651935   0.547918 0.00518759   0.651849   0.0154451  -0.0616953   0.0164011    -1.64456 0.000955667     1.58288   0.0318277
  0.548046 0.00500038   0.651933   0.547317 0.00574219   0.651846  0.0159302 -0.0636086  0.0169478   -1.64679 0.00101895    1.58321  0.0328563
  0.547444 0.00555291   0.651931   0.546707 0.00630446   0.651842  0.0164215 -0.0655445  0.0175033   -1.64905 0.00108522    1.58353  0.0338996
  0.546834 0.00611347   0.651927   0.546089 0.00687434   0.651838  0.0169189 -0.0675025  0.0180677   -1.65134 0.00115454    1.58386  0.0349576
  0.546216 0.00668149   0.651923   0.545463 0.00745177   0.651834  0.0174223 -0.0694824  0.0186409   -1.65364   0.001227    1.58419  0.0360301
   0.54559 0.00725672   0.651918  0.544829 0.0080367   0.65183  0.0179317 -0.0714839   0.019223   -1.65597  0.0013027    1.58451  0.0371171
  0.544956 0.00783977   0.651913   0.544187 0.00862908   0.651826   0.018447 -0.0735067  0.0198139   -1.65832  0.0013817    1.58484  0.0382184
  0.544314 0.00842999   0.651907   0.543537 0.00922885   0.651822  0.0189682 -0.0755503  0.0204137   -1.66069 0.00146409    1.58517  0.0393342
  0.543664 0.00902784   0.651901   0.542879 0.00983596   0.651818  0.0194952 -0.0776146  0.0210223   -1.66308 0.00154996     1.5855  0.0404641
  0.543005 0.00963279   0.651896  0.542213 0.0104503  0.651814  0.0200279 -0.0796992  0.0216397   -1.66549  0.0016394    1.58582  0.0416083
 0.542339 0.0102453   0.65189 0.541539 0.011072  0.65181  0.0205664 -0.0818038   0.022266   -1.66791 0.00173247    1.58615  0.0427665
 0.541665 0.0108648  0.651885  0.540857 0.0117007  0.651806  0.0211105 -0.0839281  0.0229011   -1.67036 0.00182928    1.58647  0.0439388
 0.540982 0.0114912   0.65188  0.540168 0.0123367  0.651801  0.0216602 -0.0860716  0.0235451   -1.67283 0.00192989     1.5868   0.045125
 0.540292 0.0121249  0.651876  0.539471 0.0129796  0.651797  0.0222155 -0.0882343  0.0241978   -1.67531 0.00203441    1.58712   0.046325
 0.539594 0.0127658  0.651872  0.538766 0.0136296  0.651793  0.0227762 -0.0904157  0.0248595   -1.67781  0.0021429    1.58744  0.0475389
 0.538887 0.0134133  0.651868  0.538054 0.0142865  0.651788  0.0233424 -0.0926154  0.0255299   -1.68033 0.00225546    1.58777  0.0487664
 0.538174 0.0140681  0.651865  0.537334 0.0149504  0.651784   0.023914 -0.0948333  0.0262092   -1.68287 0.00237216    1.58808  0.0500076
 0.537452 0.0147294  0.651862 0.536607 0.015621 0.651779 0.0244909 -0.097069 0.0268973  -1.68542 0.0024931    1.5884 0.0512624
 0.536723 0.0153978   0.65186  0.535873 0.0162985  0.651775  0.0250731 -0.0993222  0.0275943   -1.68798 0.00261836    1.58872  0.0525306
 0.535986 0.0160727  0.651858  0.535131 0.0169827   0.65177  0.0256605  -0.101593  0.0283001   -1.69056 0.00274801    1.58903  0.0538123
 0.535242 0.0167547  0.651856  0.534382 0.0176735  0.651765  0.0262532   -0.10388  0.0290146   -1.69316 0.00288216    1.58935  0.0551072
  0.53449 0.0174429  0.651854 0.533626 0.018371 0.651761   0.026851  -0.106184   0.029738   -1.69577 0.00302087    1.58966  0.0564154
 0.533731 0.0181378  0.651853  0.532863 0.0190751  0.651756  0.0274538  -0.108504  0.0304703    -1.6984 0.00316423    1.58996  0.0577368
 0.532965 0.0188394  0.651851  0.532092 0.0197857  0.651751  0.0280618   -0.11084  0.0312113   -1.70103 0.00331234    1.59027  0.0590712
 0.532191 0.0195474  0.651849  0.531315 0.0205027  0.651746  0.0286747  -0.113191  0.0319611   -1.70368 0.00346526    1.59057  0.0604187
 0.531411 0.0202616  0.651847  0.530531 0.0212262  0.651741  0.0292926  -0.115558  0.0327197   -1.70635 0.00362309    1.59087  0.0617791
 0.530624 0.0209826  0.651845  0.52974 0.021956 0.651737  0.0299154  -0.117941  0.0334872   -1.70902 0.00378592    1.59117  0.0631524
  0.52983 0.0217095  0.651842  0.528942 0.0226921  0.651732  0.0305431  -0.120337  0.0342634   -1.71171 0.00395382    1.59146  0.0645384
 0.529029 0.0224429  0.651839  0.528137 0.0234344  0.651727  0.0311757  -0.122749  0.0350484   -1.71441 0.00412688    1.59175  0.0659371
 0.528221 0.0231826  0.651836  0.527325 0.0241829  0.651722   0.031813  -0.125174  0.0358421   -1.71711 0.00430518    1.59204  0.0673485
0.527407 0.023928 0.651832  0.526507 0.0249376  0.651716  0.0324551  -0.127614  0.0366447   -1.71983 0.00448881    1.59233  0.0687723
 0.526586 0.0246802  0.651827  0.525683 0.0256983  0.651711   0.033102  -0.130067  0.0374559   -1.72256 0.00467784    1.59261  0.0702087
0.525759 0.025438 0.651822  0.524851 0.0264651  0.651706  0.0337535  -0.132533   0.038276    -1.7253 0.00487237    1.59289  0.0716574
 0.524925 0.0262019  0.651817  0.524014 0.0272378  0.651701  0.0344096  -0.135012  0.0391047   -1.72804 0.00507247    1.59316  0.0731184
 0.524084 0.0269717  0.651815   0.52317 0.0280165  0.651696  0.0350703  -0.137504  0.0399423    -1.7308 0.00527821    1.59343  0.0745917
 0.523236 0.0277471  0.651815  0.522319 0.0288009   0.65169  0.0357357  -0.140008  0.0407885   -1.73356 0.00548968    1.59369  0.0760771
 0.522382 0.0285276  0.651818  0.521462 0.0295912  0.651685  0.0364055  -0.142525  0.0416434   -1.73633 0.00570694    1.59396  0.0775745
0.521521 0.029314 0.651821  0.520599 0.0303873   0.65168  0.0370798  -0.145053  0.0425071   -1.73911 0.00593006    1.59421   0.079084
 0.520655 0.0301069  0.651818  0.51973 0.031189 0.651674  0.0377586  -0.147593  0.0433794    -1.7419 0.00615914    1.59447  0.0806054
 0.519782 0.0309066  0.651808  0.518855 0.0319964  0.651669  0.0384419  -0.150144  0.0442605   -1.74469 0.00639429    1.59472  0.0821385
0.518905 0.031713 0.651792  0.517974 0.0328094  0.651663 0.0391295 -0.152707 0.0451502  -1.74749 0.0066356   1.59496 0.0836835
 0.518021 0.0325251  0.651775  0.517086 0.0336279  0.651658  0.0398215   -0.15528  0.0460485   -1.75029 0.00688314     1.5952  0.0852401
0.517131 0.033342 0.651761  0.516193 0.0344518  0.651652  0.0405179  -0.157863  0.0469555    -1.7531 0.00713698    1.59543  0.0868083
 0.516235 0.0341634  0.651752  0.515294 0.0352812  0.651647  0.0412186  -0.160456  0.0478711   -1.75592 0.00739718    1.59566   0.088388
 0.515333 0.0349893   0.65175 0.514389 0.036116 0.651641 0.0419235  -0.16306 0.0487953  -1.75874 0.0076638   1.59589 0.0899791
 0.514424 0.0358201  0.651751 0.513478 0.036956 0.651636 0.0426327 -0.165673 0.0497282  -1.76156 0.0079369   1.59611 0.0915816
 0.513508 0.0366561  0.651755  0.512562 0.0378014   0.65163  0.0433461  -0.168295  0.0506696   -1.76439 0.00821653    1.59633  0.0931954
 0.512586 0.0374975  0.651759   0.51164 0.0386519  0.651624  0.0440637  -0.170926  0.0516196   -1.76722 0.00850278    1.59654  0.0948203
 0.511659 0.0383445  0.651762  0.510712 0.0395076  0.651618  0.0447854  -0.173566  0.0525782   -1.77005 0.00879571    1.59674  0.0964564
 0.510726 0.0391971  0.651763  0.509779 0.0403683  0.651613  0.0455113  -0.176215  0.0535453   -1.77289 0.00909541    1.59694  0.0981035
 0.509788 0.0400549  0.651762  0.508841 0.0412341  0.651607  0.0462413  -0.178872  0.0545209   -1.77572 0.00940194    1.59713  0.0997616
0.508844 0.040918 0.651758  0.507897 0.0421049  0.651601  0.0469753  -0.181537  0.0555051   -1.77856 0.00971539    1.59732   0.101431
 0.507896 0.0417859  0.651753  0.506947 0.0429806  0.651595 0.0477135 -0.184209 0.0564977  -1.78141 0.0100358    1.5975   0.10311
 0.506942 0.0426586  0.651747  0.505993 0.0438612  0.651589 0.0484556 -0.186889 0.0574988  -1.78425 0.0103633   1.59768  0.104801
0.505984 0.043536  0.65174  0.505033 0.0447466  0.651583 0.0492018 -0.189576 0.0585084  -1.78709 0.0106979   1.59785  0.106502
 0.505021 0.0444181  0.651732  0.504068 0.0456367  0.651577 0.0499519  -0.19227 0.0595263  -1.78994 0.0110397   1.59802  0.108214
 0.504052 0.0453048  0.651724  0.503098 0.0465316  0.651571 0.0507061 -0.194971 0.0605527  -1.79278 0.0113887   1.59818  0.109936
0.503079 0.046196 0.651717  0.502123 0.0474311  0.651565 0.0514641 -0.197678 0.0615875  -1.79563  0.011745   1.59833  0.111668
0.502101 0.047092 0.651709  0.501142 0.0483353  0.651559 0.0522261 -0.200391 0.0626306  -1.79847 0.0121086   1.59848  0.113411
 0.501117 0.0479923  0.651701  0.500157 0.0492439  0.651553  0.052992  -0.20311 0.0636821  -1.80131 0.0124797   1.59862  0.115164
 0.500129 0.0488974  0.651693  0.499167 0.0501571  0.651547 0.0537618 -0.205835 0.0647418  -1.80416 0.0128583   1.59876  0.116927
 0.499135 0.0498069  0.651685  0.498173 0.0510747  0.651541 0.0545355 -0.208565 0.0658099    -1.807 0.0132444   1.59889  0.118701
 0.498137 0.0507211  0.651677  0.497173 0.0519966  0.651534 0.0553129   -0.2113 0.0668862  -1.80984  0.013638   1.59901  0.120484
 0.497134 0.0516394  0.651669  0.496169 0.0529229  0.651528 0.0560942  -0.21404 0.0679708  -1.81267 0.0140393   1.59913  0.122277
 0.496126 0.0525619  0.651662   0.49516 0.0538535  0.651522 0.0568793 -0.216785 0.0690636  -1.81551 0.0144483   1.59924   0.12408
0.495113 0.053489 0.651655  0.494147 0.0547883  0.651516 0.0576682 -0.219534 0.0701645  -1.81834 0.0148651   1.59934  0.125893
 0.494095 0.0544201  0.651648  0.493129 0.0557272  0.651509 0.0584609 -0.222287 0.0712737  -1.82117 0.0152896   1.59944  0.127716
 0.493073 0.0553553  0.651641  0.492107 0.0566703  0.651503 0.0592573 -0.225044  0.072391  -1.82399 0.0157219   1.59953  0.129548
 0.492046 0.0562949  0.651635   0.49108 0.0576174  0.651497 0.0600574 -0.227804 0.0735163  -1.82681 0.0161622   1.59961   0.13139
 0.491014 0.0572382   0.65163  0.490049 0.0585685   0.65149 0.0608612 -0.230568 0.0746498  -1.82963 0.0166103   1.59969  0.133241
 0.489978 0.0581856  0.651624  0.489014 0.0595235  0.651484 0.0616687 -0.233335 0.0757914  -1.83245 0.0170664   1.59976  0.135101
 0.488938 0.0591369  0.651619  0.487974 0.0604824  0.651477 0.0624799 -0.236105 0.0769409  -1.83525 0.0175305   1.59983  0.136971
0.487893 0.060092 0.651614   0.48693 0.0614452  0.651471 0.0632948 -0.238877 0.0780985  -1.83806 0.0180027   1.59989   0.13885
 0.486844 0.0610511   0.65161  0.485882 0.0624117  0.651464 0.0641132 -0.241652  0.079264  -1.84086 0.0184829   1.59994  0.140738
 0.485791 0.0620138  0.651605 0.484831 0.063382 0.651458 0.0649353 -0.244429 0.0804374  -1.84365 0.0189713   1.59998  0.142635
 0.484733 0.0629802    0.6516  0.483775 0.0643559  0.651451  0.065761 -0.247207 0.0816188  -1.84644 0.0194678   1.60002  0.144542
 0.483672 0.0639504  0.651595  0.482715 0.0653335  0.651445 0.0665903 -0.249988  0.082808  -1.84922 0.0199725   1.60005  0.146457
 0.482607 0.0649239   0.65159  0.481652 0.0663146  0.651438 0.0674232  -0.25277 0.0840051  -1.85199 0.0204854   1.60007   0.14838
 0.481538 0.0659013  0.651584  0.480584 0.0672992  0.651431 0.0682596 -0.255553   0.08521  -1.85476 0.0210065   1.60009  0.150313
 0.480465 0.0668819  0.651579  0.479513 0.0682872  0.651425 0.0690995 -0.258337 0.0864226  -1.85752  0.021536    1.6001  0.152254
 0.479389 0.0678661  0.651573  0.478438 0.0692787  0.651418  0.069943 -0.261121 0.0876429  -1.86028 0.0220737   1.60011  0.154204
 0.478309 0.0688534  0.651567   0.47736 0.0702734  0.651411 0.0707899 -0.263906  0.088871  -1.86302 0.0226198    1.6001  0.156162
 0.477225 0.0698441   0.65156  0.476278 0.0712715  0.651405 0.0716404 -0.266692 0.0901067  -1.86576 0.0231743   1.60009  0.158129
 0.476138 0.0708379  0.651553  0.475192 0.0722728  0.651398 0.0724943 -0.269477   0.09135  -1.86849 0.0237371   1.60007  0.160104
 0.475048 0.0718352  0.651546  0.474103 0.0732773  0.651391 0.0733516 -0.272262 0.0926009  -1.87122 0.0243083   1.60005  0.162088
 0.473954 0.0728353  0.651539  0.473011 0.0742849  0.651384 0.0742124 -0.275047 0.0938594  -1.87393 0.0248879   1.60002  0.164079
 0.472856 0.0738386  0.651531  0.471915 0.0752956  0.651378 0.0750766 -0.277831 0.0951253  -1.87664  0.025476   1.59998  0.166079
 0.471756 0.0748451  0.651523  0.470817 0.0763092  0.651371 0.0759442 -0.280614 0.0963987  -1.87933 0.0260725   1.59994  0.168087
 0.470652 0.0758545  0.651516  0.469714 0.0773259  0.651364 0.0768152 -0.283395 0.0976796  -1.88202 0.0266775   1.59988  0.170102
 0.469545 0.0768667  0.651508  0.468609 0.0783454  0.651357 0.0776896 -0.286176 0.0989678   -1.8847  0.027291   1.59983  0.172126
 0.468435 0.0778819    0.6515  0.467501 0.0793678   0.65135 0.0785673 -0.288955  0.100263  -1.88737 0.0279129   1.59976  0.174157
0.467322   0.0789 0.651492  0.466389 0.0803929  0.651343 0.0794483 -0.291732  0.101566  -1.89003 0.0285434   1.59969  0.176196
 0.466205 0.0799208  0.651484  0.465275 0.0814209  0.651336 0.0803326 -0.294507  0.102876  -1.89268 0.0291823   1.59961  0.178243
 0.465086 0.0809444  0.651476  0.464158 0.0824515  0.651329 0.0812203  -0.29728  0.104194  -1.89532 0.0298298   1.59952  0.180297
 0.463963 0.0819704  0.651469  0.463038 0.0834847  0.651322 0.0821112 -0.300051  0.105518  -1.89794 0.0304857   1.59943  0.182358
 0.462838 0.0829994  0.651461  0.461915 0.0845205  0.651315 0.0830053 -0.302818   0.10685  -1.90056 0.0311502   1.59933  0.184427
  0.46171 0.0840306  0.651454  0.460789 0.0855588  0.651308 0.0839026 -0.305583  0.108188  -1.90317 0.0318231   1.59922  0.186504
 0.460578 0.0850645  0.651446  0.459661 0.0865996  0.651301 0.0848032 -0.308345  0.109534  -1.90576 0.0325046   1.59911  0.188587
0.459445 0.086101 0.651439   0.45853 0.0876427  0.651294  0.085707 -0.311103  0.110887  -1.90835 0.0331946   1.59899  0.190678
 0.458308 0.0871396  0.651432  0.457397 0.0886883  0.651287 0.0866139 -0.313858  0.112246  -1.91092  0.033893   1.59886  0.192776
 0.457169 0.0881808  0.651425  0.456261 0.0897361   0.65128 0.0875239 -0.316609  0.113613  -1.91348 0.0345999   1.59872   0.19488
 0.456028 0.0892242  0.651418  0.455122 0.0907862  0.651273 0.0884371 -0.319356  0.114986  -1.91603 0.0353153   1.59858  0.196992
 0.454883 0.0902697  0.651411  0.453982 0.0918385  0.651266 0.0893533 -0.322099  0.116367  -1.91856 0.0360391   1.59844  0.199111
 0.453737 0.0913176  0.651403  0.452839 0.0928929  0.651259 0.0902726 -0.324837  0.117753  -1.92108 0.0367713   1.59828  0.201236
 0.452588 0.0923674  0.651396  0.451693 0.0939494  0.651252  0.091195 -0.327571  0.119147   -1.9236  0.037512   1.59812  0.203368
 0.451437 0.0934193  0.651389  0.450546 0.0950079  0.651245 0.0921204   -0.3303  0.120547  -1.92609 0.0382611   1.59795  0.205506
 0.450284 0.0944734  0.651382  0.449396 0.0960684  0.651238 0.0930488 -0.333024  0.121954  -1.92858 0.0390185   1.59778  0.207651
 0.449128 0.0955293  0.651374  0.448244 0.0971308  0.651231 0.0939801 -0.335743  0.123367  -1.93105 0.0397844    1.5976  0.209803
0.447971 0.096587 0.651367 0.447091 0.098195 0.651223 0.0949144 -0.338457  0.124787  -1.93351 0.0405585   1.59741   0.21196
 0.446811 0.0976469  0.651359  0.445935 0.0992611  0.651216 0.0958515 -0.341164  0.126214  -1.93595  0.041341   1.59722  0.214124
  0.44565 0.0987083  0.651352 0.444777 0.100329 0.651209 0.0967916 -0.343866  0.127646  -1.93838 0.0421317   1.59702  0.216295
 0.444487 0.0997714  0.651344 0.443618 0.101398 0.651202 0.0977345 -0.346562  0.129085   -1.9408 0.0429307   1.59681  0.218471
0.443322 0.100836 0.651336 0.442457  0.10247 0.651195 0.0986802 -0.349252   0.13053   -1.9432 0.0437379    1.5966  0.220653
0.442155 0.101903 0.651328 0.441294 0.103542 0.651187 0.0996287 -0.351935  0.131982  -1.94559 0.0445532   1.59638  0.222841
0.440986 0.102971  0.65132 0.440129 0.104617  0.65118   0.10058 -0.354612  0.133439  -1.94797 0.0453767   1.59615  0.225035
0.439816  0.10404 0.651312 0.438963 0.105692 0.651173  0.101534 -0.357282  0.134903  -1.95033 0.0462084   1.59592  0.227235
0.438644 0.105112 0.651303 0.437795  0.10677 0.651166  0.102491 -0.359944  0.136373  -1.95267 0.0470481   1.59569  0.229441
0.437471 0.106184 0.651295 0.436626 0.107848 0.651158   0.10345   -0.3626  0.137848    -1.955 0.0478958   1.59544  0.231652
0.436296 0.107258 0.651287 0.435455 0.108928 0.651151  0.104412 -0.365248   0.13933  -1.95732 0.0487515   1.59519  0.233868
0.435119 0.108333 0.651279 0.434283 0.110009 0.651144  0.105377 -0.367889  0.140817  -1.95962 0.0496151   1.59494   0.23609
0.433942 0.109409  0.65127  0.43311 0.111091 0.651137  0.106344 -0.370522  0.142311   -1.9619 0.0504867   1.59468  0.238318
0.432763 0.110487 0.651262 0.431935 0.112175 0.651129  0.107313 -0.373147   0.14381  -1.96417  0.051366   1.59441   0.24055
0.431582 0.111566 0.651254  0.43076  0.11326 0.651122  0.108285 -0.375763  0.145314  -1.96643 0.0522532   1.59414  0.242788
0.430401 0.112646 0.651246 0.429583 0.114345 0.651115   0.10926 -0.378372  0.146824  -1.96867 0.0531481   1.59386  0.245031
0.429218 0.113726 0.651237 0.428405 0.115432 0.651107  0.110237 -0.380972   0.14834  -1.97089 0.0540507   1.59357  0.247279
0.428034 0.114808 0.651229 0.427226 0.116519   0.6511  0.111216 -0.383563  0.149861  -1.97309 0.0549609   1.59329  0.249531
 0.42685 0.115891 0.651221 0.426046 0.117608 0.651093  0.112198 -0.386145  0.151388  -1.97529 0.0558786   1.59299  0.251789
0.425664 0.116975 0.651213 0.424865 0.118697 0.651085  0.113182 -0.388719   0.15292  -1.97746 0.0568039   1.59269  0.254051
0.424477 0.118059 0.651204 0.423683 0.119787 0.651078  0.114168 -0.391283  0.154457  -1.97962 0.0577366   1.59238  0.256318
 0.42329 0.119145 0.651196 0.422501 0.120878 0.651071  0.115156 -0.393837     0.156  -1.98176 0.0586767   1.59207  0.258589
0.422101 0.120231 0.651188 0.421318 0.121969 0.651063  0.116146 -0.396383  0.157547  -1.98388 0.0596241   1.59176  0.260865
0.420912 0.121317  0.65118 0.420134 0.123061 0.651056  0.117139 -0.398918    0.1591  -1.98599 0.0605787   1.59143  0.263145
0.419722 0.122405 0.651172  0.41895 0.124153 0.651049  0.118133 -0.401443  0.160657  -1.98808 0.0615405   1.59111  0.265429
0.418532 0.123493 0.651163 0.417765 0.125246 0.651041   0.11913 -0.403959   0.16222  -1.99016 0.0625094   1.59078  0.267718
0.417341 0.124581 0.651155 0.416579  0.12634 0.651034  0.120128 -0.406464  0.163787  -1.99222 0.0634854   1.59044  0.270011
 0.41615  0.12567 0.651147 0.415394 0.127434 0.651027  0.121128 -0.408959   0.16536  -1.99426 0.0644682    1.5901  0.272307
0.414958 0.126759 0.651138 0.414207 0.128528 0.651019  0.122131 -0.411443  0.166936  -1.99628  0.065458   1.58975  0.274608
0.413766 0.127849  0.65113 0.413021 0.129622 0.651012  0.123135 -0.413916  0.168518  -1.99829 0.0664546    1.5894  0.276912
0.412574 0.128938 0.651122 0.411834 0.130717 0.651005   0.12414 -0.416379  0.170104  -2.00027 0.0674579   1.58905   0.27922
0.411381 0.130028 0.651113 0.410647 0.131812 0.650997  0.125147  -0.41883  0.171695  -2.00225 0.0684678   1.58869  0.281531
0.410188 0.131119 0.651105  0.40946 0.132907  0.65099  0.126156 -0.421271   0.17329   -2.0042 0.0694843   1.58832  0.283846
0.408995 0.132209 0.651096 0.408273 0.134002 0.650982  0.127167   -0.4237  0.174889  -2.00614 0.0705072   1.58796  0.286165
0.407802 0.133299 0.651088 0.407086 0.135097 0.650975  0.128179 -0.426117  0.176492  -2.00806 0.0715366   1.58758  0.288487
0.406609  0.13439 0.651079 0.405899 0.136192 0.650968  0.129192 -0.428523    0.1781  -2.00996 0.0725722   1.58721  0.290812
0.405416  0.13548 0.651071 0.404713 0.137286  0.65096  0.130207 -0.430917  0.179712  -2.01184  0.073614   1.58683   0.29314
0.404224 0.136571 0.651062 0.403526 0.138381 0.650953  0.131223 -0.433298  0.181328  -2.01371  0.074662   1.58644  0.295471
0.403031 0.137661 0.651053 0.402339 0.139475 0.650946  0.132241 -0.435668  0.182948  -2.01555 0.0757159   1.58605  0.297805
0.401839 0.138751 0.651045 0.401153  0.14057 0.650938  0.133259 -0.438026  0.184571  -2.01738 0.0767758   1.58566  0.300141
0.400647  0.13984 0.651036 0.399967 0.141663 0.650931  0.134279 -0.440371  0.186199  -2.01919 0.0778416   1.58526  0.302481
0.399455  0.14093 0.651028 0.398782 0.142757 0.650924    0.1353 -0.442704   0.18783  -2.02099  0.078913   1.58486  0.304823
0.398264 0.142019 0.651019 0.397597  0.14385 0.650916  0.136322 -0.445024  0.189464  -2.02276 0.0799901   1.58446  0.307167
0.397073 0.143107  0.65101 0.396413 0.144942 0.650909  0.137344 -0.447331  0.191103  -2.02452 0.0810728   1.58405  0.309514
0.395882 0.144196 0.651002 0.395229 0.146034 0.650902  0.138368 -0.449625  0.192744  -2.02626 0.0821608   1.58364  0.311863
0.394693 0.145283 0.650993 0.394046 0.147126 0.650894  0.139392 -0.451906  0.194389  -2.02798 0.0832542   1.58323  0.314214
0.393504  0.14637 0.650984 0.392863 0.148216 0.650887  0.140417 -0.454174  0.196037  -2.02968 0.0843528   1.58281  0.316567
0.392315 0.147457 0.650976 0.391682 0.149306 0.650879  0.141443 -0.456429  0.197689  -2.03136 0.0854566   1.58239  0.318923
0.391127 0.148542 0.650968 0.390501 0.150396 0.650872   0.14247  -0.45867  0.199343  -2.03303 0.0865653   1.58197   0.32128
0.389941 0.149627 0.650959 0.389321 0.151484 0.650865  0.143497 -0.460898  0.201001  -2.03468  0.087679   1.58155  0.323638
0.388755 0.150712  0.65095 0.388142 0.152572 0.650858  0.144524 -0.463112  0.202661  -2.03631 0.0887974   1.58112  0.325999
 0.38757 0.151795 0.650942 0.386964 0.153658  0.65085  0.145552 -0.465312  0.204324  -2.03792 0.0899205   1.58069   0.32836
0.386386 0.152877 0.650933 0.385787 0.154744 0.650843   0.14658 -0.467498   0.20599  -2.03951 0.0910482   1.58025  0.330723
0.385203 0.153959 0.650925 0.384612 0.155828 0.650836  0.147608  -0.46967  0.207659  -2.04108 0.0921804   1.57982  0.333088
0.384021 0.155039 0.650916 0.383437 0.156912 0.650828  0.148636 -0.471828   0.20933  -2.04264 0.0933169   1.57938  0.335453
0.382841 0.156119 0.650907 0.382264 0.157994 0.650821  0.149665 -0.473972  0.211004  -2.04417 0.0944576   1.57894   0.33782
0.381661 0.157197 0.650899 0.381092 0.159075 0.650814  0.150693 -0.476101  0.212679  -2.04569 0.0956024    1.5785  0.340187
0.380483 0.158274  0.65089 0.379921 0.160155 0.650806  0.151722 -0.478216  0.214358  -2.04719 0.0967512   1.57805  0.342555
0.379307  0.15935 0.650882 0.378752 0.161234 0.650799   0.15275 -0.480317  0.216038  -2.04867 0.0979039   1.57761  0.344924
0.378132 0.160425 0.650873 0.377584 0.162311 0.650792  0.153778 -0.482402   0.21772  -2.05013 0.0990604   1.57716  0.347294
0.376958 0.161498 0.650864 0.376418 0.163387 0.650785  0.154805 -0.484473  0.219404  -2.05158   0.10022   1.57671  0.349663
0.375786  0.16257 0.650856 0.375253 0.164461 0.650778 0.155833 -0.48653 0.221091   -2.053 0.101384  1.57625 0.352033
0.374615  0.16364 0.650847  0.37409 0.165534  0.65077  0.156859 -0.488571  0.222778  -2.05441  0.102551    1.5758  0.354404
0.373446  0.16471 0.650839 0.372929 0.166605 0.650763  0.157886 -0.490597  0.224468   -2.0558  0.103721   1.57535  0.356774
0.372279 0.165777  0.65083  0.37177 0.167674 0.650756  0.158911 -0.492608  0.226159  -2.05717  0.104895   1.57489  0.359144
0.371114 0.166843 0.650821 0.370612 0.168742 0.650749  0.159936 -0.494604  0.227852  -2.05852  0.106071   1.57443  0.361514
 0.36995 0.167907 0.650813 0.369456 0.169808 0.650742   0.16096 -0.496585  0.229545  -2.05985   0.10725   1.57397  0.363884
0.368789 0.168969 0.650804 0.368302 0.170873 0.650734 0.161983 -0.49855 0.231241 -2.06117 0.108432  1.57351 0.366253
0.367629  0.17003 0.650795 0.367151 0.171935 0.650727 0.163005  -0.5005 0.232937 -2.06246 0.109617  1.57305 0.368621
0.366471 0.171089 0.650787 0.366001 0.172996  0.65072  0.164027 -0.502434  0.234634  -2.06374  0.110804   1.57259  0.370989
0.365316 0.172146 0.650778 0.364854 0.174054 0.650713  0.165046 -0.504353  0.236332    -2.065  0.111993   1.57212  0.373356
0.364162 0.173201  0.65077 0.363708 0.175111 0.650706  0.166065 -0.506256  0.238031  -2.06624  0.113185   1.57166  0.375722
0.363011 0.174254 0.650761 0.362565 0.176165 0.650699  0.167083 -0.508143  0.239731  -2.06746  0.114379   1.57119  0.378086
0.361862 0.175305 0.650753 0.361424 0.177217 0.650692  0.168099 -0.510015  0.241431  -2.06867  0.115575   1.57073   0.38045
0.360716 0.176354 0.650744 0.360286 0.178267 0.650685  0.169113 -0.511871  0.243132  -2.06986  0.116772   1.57026  0.382812
0.359571 0.177401 0.650736  0.35915 0.179315 0.650678  0.170126 -0.513711  0.244833  -2.07103  0.117972    1.5698  0.385172
 0.35843 0.178446 0.650727 0.358017 0.180361 0.650671  0.171137 -0.515535  0.246535  -2.07218  0.119173   1.56933  0.387531
 0.35729 0.179488 0.650719 0.356886 0.181404 0.650664  0.172147 -0.517343  0.248236  -2.07331  0.120375   1.56886  0.389888
0.356154 0.180528  0.65071 0.355758 0.182445 0.650656  0.173154 -0.519135  0.249938  -2.07442  0.121579    1.5684  0.392242
0.355019 0.181566 0.650702 0.354632 0.183483  0.65065   0.17416 -0.520911  0.251639  -2.07552  0.122783   1.56793  0.394595
0.353888 0.182601 0.650693 0.353509 0.184519 0.650643  0.175164 -0.522671  0.253341   -2.0766  0.123989   1.56746  0.396946
0.352759 0.183634 0.650685 0.352389 0.185552 0.650636  0.176165 -0.524414  0.255042  -2.07766  0.125196     1.567  0.399294
0.351633 0.184664 0.650677 0.351272 0.186583 0.650629  0.177165 -0.526142  0.256742   -2.0787  0.126403   1.56653  0.401639
 0.35051 0.185692 0.650668 0.350157  0.18761 0.650622  0.178162 -0.527853  0.258443  -2.07973  0.127612   1.56606  0.403982
 0.34939 0.186717  0.65066 0.349046 0.188636 0.650615  0.179157 -0.529548  0.260142  -2.08074   0.12882    1.5656  0.406322
0.348273  0.18774 0.650652 0.347938 0.189658 0.650608  0.180149 -0.531227  0.261841  -2.08173  0.130029   1.56513  0.408659
0.347159 0.188759 0.650643 0.346832 0.190678 0.650601  0.181139 -0.532889  0.263538   -2.0827  0.131238   1.56467  0.410993
0.346048 0.189776 0.650635  0.34573 0.191694 0.650594  0.182126 -0.534535  0.265235  -2.08366  0.132448   1.56421  0.413323
 0.34494  0.19079 0.650627 0.344631 0.192708 0.650587   0.18311 -0.536165  0.266931   -2.0846  0.133657   1.56374   0.41565
0.343835 0.191801 0.650618 0.343536 0.193719 0.650581  0.184092 -0.537778  0.268625  -2.08552  0.134866   1.56328  0.417974
0.342734  0.19281  0.65061 0.342443 0.194726 0.650574  0.185071 -0.539375  0.270318  -2.08643  0.136074   1.56282  0.420294
0.341636 0.193815 0.650602 0.341355 0.195731 0.650567  0.186046 -0.540956  0.272009  -2.08731  0.137282   1.56236   0.42261
0.340541 0.194817 0.650593 0.340269 0.196732  0.65056 0.187019 -0.54252 0.273699 -2.08819  0.13849   1.5619 0.424921
 0.33945 0.195816 0.650585 0.339187  0.19773 0.650554  0.187989 -0.544067  0.275387  -2.08904  0.139697   1.56144  0.427229
0.338363 0.196812 0.650577 0.338109 0.198725 0.650547  0.188955 -0.545599  0.277073  -2.08988  0.140903   1.56098  0.429532
0.337279 0.197804 0.650569 0.337034 0.199716  0.65054  0.189918 -0.547114  0.278758   -2.0907  0.142107   1.56053  0.431831
0.336198 0.198794 0.650561 0.335963 0.200704 0.650534  0.190877 -0.548612   0.28044   -2.0915  0.143311   1.56007  0.434125
0.335121  0.19978 0.650552 0.334895 0.201689 0.650527  0.191834 -0.550094  0.282119  -2.09229  0.144513   1.55962  0.436414
0.334048 0.200762 0.650544 0.333832  0.20267  0.65052 0.192786 -0.55156 0.283797 -2.09306 0.145714  1.55917 0.438698
0.332979 0.201741 0.650536 0.332772 0.203647 0.650514  0.193735 -0.553009  0.285471  -2.09382  0.146913   1.55872  0.440977
0.331914 0.202717 0.650528 0.331716 0.204621 0.650507   0.19468 -0.554442  0.287144  -2.09456  0.148111   1.55827   0.44325
0.330852 0.203689  0.65052 0.330664 0.205592 0.650501  0.195621 -0.555858  0.288813  -2.09528  0.149307   1.55782  0.445519
0.329795 0.204657 0.650512 0.329617 0.206558 0.650494  0.196558 -0.557258  0.290479  -2.09599    0.1505   1.55738  0.447781
0.328742 0.205622 0.650504 0.328573 0.207521 0.650488  0.197492 -0.558642  0.292143  -2.09668  0.151692   1.55694  0.450038
0.327693 0.206583 0.650496 0.327533  0.20848 0.650481 0.198421 -0.56001 0.293803 -2.09736 0.152881  1.55649 0.452288
0.326648 0.207541 0.650488 0.326498 0.209435 0.650475  0.199346 -0.561361   0.29546  -2.09802  0.154068   1.55606  0.454533
0.325607 0.208494  0.65048 0.325467 0.210386 0.650468  0.200267 -0.562696  0.297114  -2.09867  0.155252   1.55562  0.456771
 0.32457 0.209444 0.650472  0.32444 0.211333 0.650462  0.201183 -0.564015  0.298763   -2.0993  0.156433   1.55518  0.459003
0.323538 0.210389 0.650464 0.323418 0.212276 0.650456  0.202095 -0.565317   0.30041  -2.09992  0.157612   1.55475  0.461228
 0.32251 0.211331 0.650457   0.3224 0.213215 0.650449  0.203003 -0.566604  0.302052  -2.10052  0.158788   1.55432  0.463446
0.321487 0.212269 0.650449 0.321387  0.21415 0.650443  0.203906 -0.567874   0.30369   -2.1011  0.159961   1.55389  0.465658
0.320468 0.213202 0.650441 0.320378  0.21508 0.650437  0.204804 -0.569129  0.305324  -2.10167   0.16113   1.55347  0.467862
0.319454 0.214132 0.650433 0.319374 0.216007 0.650431  0.205698 -0.570367  0.306954  -2.10223  0.162296   1.55304  0.470059
0.318445 0.215057 0.650425 0.318374 0.216929 0.650424  0.206587 -0.571589   0.30858  -2.10277  0.163458   1.55262  0.472248
 0.31744 0.215978 0.650418 0.317379 0.217846 0.650418   0.20747 -0.572796  0.310201   -2.1033  0.164617   1.55221   0.47443
 0.31644 0.216894  0.65041 0.316389 0.218759 0.650412  0.208349 -0.573986  0.311817  -2.10382  0.165772   1.55179  0.476603
0.315445 0.217806 0.650402 0.315404 0.219668 0.650406  0.209223 -0.575161  0.313428  -2.10432  0.166924   1.55138  0.478769
0.314454 0.218714 0.650395 0.314424 0.220572   0.6504 0.210092 -0.57632 0.315035  -2.1048 0.168071  1.55097 0.480927
0.313469 0.219617 0.650387 0.313449 0.221472 0.650394  0.210956 -0.577463  0.316636  -2.10528  0.169214   1.55056  0.483076
0.312489 0.220516 0.650379 0.312479 0.222367 0.650388  0.211815 -0.578591  0.318232  -2.10574  0.170352   1.55015  0.485217
0.311513  0.22141 0.650372 0.311514 0.223257 0.650382  0.212668 -0.579703  0.319823  -2.10618  0.171487   1.54975  0.487349
0.310543   0.2223 0.650364 0.310554 0.224142 0.650376  0.213515 -0.580799  0.321408  -2.10661  0.172616   1.54935  0.489472
0.309578 0.223184 0.650357   0.3096 0.225023  0.65037 0.214358 -0.58188 0.322987 -2.10703 0.173741  1.54896 0.491587
0.308619 0.224065  0.65035  0.30865 0.225899 0.650364  0.215195 -0.582946  0.324561  -2.10744  0.174862   1.54856  0.493692
0.307664  0.22494 0.650342 0.307706 0.226769 0.650358  0.216026 -0.583997  0.326129  -2.10783  0.175977   1.54817  0.495787
0.306715  0.22581 0.650335 0.306768 0.227635 0.650352  0.216851 -0.585032   0.32769  -2.10822  0.177087   1.54779  0.497873
0.305772 0.226675 0.650327 0.305834 0.228496 0.650347  0.217671 -0.586052  0.329245  -2.10858  0.178192    1.5474  0.499949
0.304834 0.227536  0.65032 0.304907 0.229352 0.650341  0.218485 -0.587057  0.330794  -2.10894  0.179292   1.54702  0.502016
0.303901 0.228391 0.650313 0.303985 0.230202 0.650335  0.219293 -0.588047  0.332337  -2.10928  0.180386   1.54664  0.504072
0.302974 0.229242 0.650306 0.303068 0.231047 0.650329  0.220096 -0.589022  0.333872  -2.10962  0.181475   1.54627  0.506118
0.302053 0.230087 0.650298 0.302158 0.231887 0.650324  0.220892 -0.589983  0.335401  -2.10994  0.182558    1.5459  0.508153
0.301137 0.230927 0.650291 0.301253 0.232722 0.650318  0.221682 -0.590928  0.336922  -2.11025  0.183635   1.54553  0.510178
0.300227 0.231762 0.650284 0.300354 0.233552 0.650313  0.222467 -0.591859  0.338437  -2.11054  0.184706   1.54516  0.512192
0.299324 0.232591 0.650277  0.29946 0.234376 0.650307  0.223245 -0.592776  0.339944  -2.11083  0.185771    1.5448  0.514195
0.298426 0.233415  0.65027 0.298573 0.235194 0.650302  0.224016 -0.593678  0.341444  -2.11111   0.18683   1.54444  0.516186
0.297533 0.234234 0.650263 0.297692 0.236007 0.650296  0.224782 -0.594566  0.342936  -2.11137  0.187883   1.54409  0.518167
0.296647 0.235047 0.650256 0.296817 0.236814 0.650291  0.225541 -0.595439   0.34442  -2.11162  0.188929   1.54373  0.520135
0.295767 0.235855 0.650249 0.295947 0.237616 0.650285  0.226294 -0.596298  0.345897  -2.11187  0.189969   1.54339  0.522093
0.294894 0.236657 0.650242 0.295084 0.238412  0.65028  0.227041 -0.597143  0.347365   -2.1121  0.191002   1.54304  0.524038
0.294026 0.237454 0.650236 0.294228 0.239202 0.650275  0.227781 -0.597974  0.348825  -2.11232  0.192028    1.5427  0.525971
0.293165 0.238244 0.650229 0.293377 0.239987 0.650269  0.228514 -0.598792  0.350277  -2.11253  0.193048   1.54236  0.527892
 0.29231 0.239029 0.650222 0.292533 0.240766 0.650264  0.229241 -0.599595   0.35172  -2.11274  0.194061   1.54203    0.5298
0.291461 0.239809 0.650215 0.291695 0.241538 0.650259  0.229961 -0.600385  0.353155  -2.11293  0.195066    1.5417  0.531696
0.290619 0.240582 0.650209 0.290864 0.242305 0.650254  0.230675 -0.601162  0.354581  -2.11311  0.196064   1.54137  0.533579
0.289783  0.24135 0.650202  0.29004 0.243066 0.650249  0.231381 -0.601925  0.355998  -2.11329  0.197055   1.54105  0.535449
0.288954 0.242111 0.650195 0.289221  0.24382 0.650243  0.232082 -0.602674  0.357405  -2.11345  0.198039   1.54073  0.537305
0.288132 0.242866 0.650189  0.28841 0.244569 0.650238 0.232775 -0.60341 0.358804  -2.1136 0.199015  1.54041 0.539149
0.287316 0.243616 0.650182 0.287605 0.245311 0.650233  0.233461 -0.604134  0.360192  -2.11375  0.199983    1.5401  0.540978
0.286507 0.244359 0.650176 0.286807 0.246047 0.650228  0.234141 -0.604844  0.361572  -2.11389  0.200944   1.53979  0.542794
0.285704 0.245096 0.650169 0.286016 0.246777 0.650224  0.234813 -0.605541  0.362941  -2.11402  0.201896   1.53948  0.544597
0.284909 0.245827 0.650163 0.285232 0.247501 0.650219  0.235479 -0.606226  0.364301  -2.11414  0.202841   1.53918  0.546385
 0.28412 0.246552 0.650156 0.284454 0.248218 0.650214  0.236137 -0.606898   0.36565  -2.11425  0.203778   1.53888  0.548158
0.283339  0.24727  0.65015 0.283684 0.248928 0.650209  0.236788 -0.607557   0.36699  -2.11436  0.204706   1.53859  0.549918
0.282564 0.247982 0.650144 0.282921 0.249632 0.650204  0.237433 -0.608204  0.368319  -2.11446  0.205627    1.5383  0.551662
0.281797 0.248687 0.650138 0.282165  0.25033   0.6502   0.23807 -0.608839  0.369637  -2.11455  0.206539   1.53801  0.553392
0.281037 0.249386 0.650132 0.281416 0.251021 0.650195    0.2387 -0.609462  0.370945  -2.11463  0.207442   1.53773  0.555107
0.280284 0.250078 0.650125 0.280674 0.251705  0.65019  0.239323 -0.610072  0.372242   -2.1147  0.208337   1.53745  0.556807
0.279538 0.250764 0.650119  0.27994 0.252382 0.650186 0.239938 -0.61067 0.373527 -2.11477 0.209224  1.53717 0.558491
  0.2788 0.251443 0.650113 0.279213 0.253053 0.650181  0.240547 -0.611257  0.374802  -2.11483  0.210101    1.5369   0.56016
0.278069 0.252115 0.650107 0.278493 0.253717 0.650177  0.241147 -0.611832  0.376065  -2.11489   0.21097   1.53663  0.561812
0.277345 0.252781 0.650101 0.277781 0.254374 0.650172  0.241741 -0.612396  0.377317  -2.11494   0.21183   1.53636  0.563449
0.276629 0.253439 0.650095 0.277076 0.255024 0.650168  0.242327 -0.612948  0.378557  -2.11498  0.212681    1.5361   0.56507
0.275921 0.254091  0.65009 0.276379 0.255667 0.650164  0.242906 -0.613488  0.379786  -2.11501  0.213522   1.53585  0.566675
 0.27522 0.254736 0.650084  0.27569 0.256303 0.650159  0.243477 -0.614018  0.381002  -2.11504  0.214355   1.53559  0.568263
0.274527 0.255374 0.650078 0.275008 0.256931 0.650155  0.244041 -0.614536  0.382206  -2.11507  0.215178   1.53534  0.569834
0.273841 0.256004 0.650072 0.274334 0.257553 0.650151  0.244598 -0.615043  0.383398  -2.11509  0.215992    1.5351  0.571389
0.273164 0.256628 0.650067 0.273668 0.258167 0.650147 0.245147 -0.61554 0.384578  -2.1151 0.216796  1.53485 0.572927
0.272494 0.257244 0.650061  0.27301 0.258775 0.650143  0.245688 -0.616026  0.385745  -2.11511   0.21759   1.53462  0.574447
0.271832 0.257853 0.650056  0.27236 0.259374 0.650139  0.246222 -0.616501  0.386899  -2.11511  0.218376   1.53438   0.57595
0.271178 0.258455  0.65005 0.271718 0.259967 0.650135  0.246748 -0.616966   0.38804  -2.11511  0.219151   1.53415  0.577435
0.270533  0.25905 0.650045 0.271084 0.260552 0.650131 0.247266 -0.61742 0.389168  -2.1151 0.219916  1.53392 0.578903
0.269895 0.259637 0.650039 0.270458 0.261129 0.650127  0.247777 -0.617864  0.390283  -2.11509  0.220672    1.5337  0.580353
0.269266 0.260217 0.650034  0.26984 0.261699 0.650123   0.24828 -0.618298  0.391385  -2.11508  0.221417   1.53348  0.581784
0.268645 0.260789 0.650029  0.26923 0.262261 0.650119  0.248776 -0.618722  0.392473  -2.11506  0.222153   1.53326  0.583198
0.268032 0.261354 0.650023 0.268629 0.262816 0.650116  0.249264 -0.619137  0.393547  -2.11504  0.222878   1.53305  0.584592
0.267427 0.261911 0.650018 0.268036 0.263363 0.650112  0.249744 -0.619541  0.394608  -2.11501  0.223593   1.53284  0.585969
0.266831  0.26246 0.650013 0.267452 0.263902 0.650108  0.250216 -0.619936  0.395654  -2.11498  0.224298   1.53264  0.587326
0.266243 0.263002 0.650008 0.266876 0.264433 0.650105  0.250681 -0.620322  0.396686  -2.11495  0.224993   1.53244  0.588664
0.265664 0.263535 0.650003 0.266308 0.264956 0.650101  0.251138 -0.620698  0.397704  -2.11491  0.225676   1.53224  0.589983
0.265093 0.264061 0.649998  0.26575 0.265472 0.650098  0.251587 -0.621065  0.398708  -2.11487   0.22635   1.53204  0.591283
0.264531 0.264579 0.649993 0.265199 0.265979 0.650094  0.252028 -0.621422  0.399696  -2.11483  0.227012   1.53185  0.592563
0.263978  0.26509 0.649989 0.264658 0.266479 0.650091  0.252461 -0.621771   0.40067  -2.11478  0.227665   1.53167  0.593824
0.263433 0.265592 0.649984 0.264125  0.26697 0.650088  0.252887 -0.622111  0.401629  -2.11473  0.228306   1.53148  0.595064
0.262898 0.266086 0.649979 0.263602 0.267453 0.650084  0.253304 -0.622442  0.402573  -2.11468  0.228936    1.5313  0.596285
0.262371 0.266572 0.649974 0.263087 0.267928 0.650081  0.253714 -0.622764  0.403502  -2.11463  0.229556   1.53113  0.597485
0.261853  0.26705 0.649969 0.262581 0.268395 0.650078  0.254116 -0.623078  0.404415  -2.11458  0.230164   1.53096  0.598665
0.261344 0.267519 0.649965 0.262084 0.268853 0.650075   0.25451 -0.623383  0.405312  -2.11452  0.230761   1.53079  0.599824
0.260844 0.267981  0.64996 0.261596 0.269303 0.650072 0.254896 -0.62368 0.406194 -2.11446 0.231348  1.53063 0.600962
0.260354 0.268434 0.649956 0.261117 0.269745 0.650069  0.255274 -0.623969   0.40706   -2.1144  0.231923   1.53046  0.602079
0.259872 0.268878 0.649951 0.260648 0.270178 0.650066 0.255644 -0.62425  0.40791 -2.11434 0.232486  1.53031 0.603175
  0.2594 0.269314 0.649947 0.260188 0.270602 0.650063  0.256006 -0.624523  0.408744  -2.11428  0.233039   1.53015   0.60425
0.258937 0.269742 0.649943 0.259737 0.271018  0.65006   0.25636 -0.624788  0.409561  -2.11421  0.233579      1.53  0.605304
0.258483 0.270161 0.649938 0.259295 0.271426 0.650058  0.256706 -0.625045  0.410362  -2.11415  0.234109   1.52986  0.606335
0.258039 0.270572 0.649934 0.258863 0.271824 0.650055  0.257044 -0.625294  0.411146  -2.11409  0.234627   1.52971  0.607345
0.257604 0.270973  0.64993 0.258441 0.272214 0.650052  0.257374 -0.625536  0.411913  -2.11402  0.235133   1.52958  0.608333
0.257179 0.271367 0.649926 0.258028 0.272595  0.65005 0.257695 -0.62577 0.412663 -2.11395 0.235627  1.52944 0.609298
0.256763 0.271751 0.649922 0.257624 0.272967 0.650047  0.258009 -0.625997  0.413396  -2.11389   0.23611   1.52931  0.610241
0.256357 0.272126 0.649918 0.257231  0.27333 0.650045  0.258315 -0.626217  0.414112  -2.11382  0.236581   1.52918  0.611162
0.255961 0.272493 0.649914 0.256847 0.273684 0.650043 0.258612 -0.62643  0.41481 -2.11375  0.23704  1.52905  0.61206
0.255574 0.272851  0.64991 0.256472  0.27403  0.65004  0.258902 -0.626635  0.415491  -2.11369  0.237487   1.52893  0.612935
0.255198 0.273199 0.649906 0.256108 0.274366 0.650038  0.259183 -0.626834  0.416154  -2.11362  0.237922   1.52882  0.613787
0.254831 0.273539 0.649903 0.255754 0.274693 0.650036  0.259456 -0.627025  0.416799  -2.11355  0.238344    1.5287  0.614616
0.254474 0.273869 0.649899 0.255409  0.27501 0.650034 0.259721 -0.62721 0.417427 -2.11349 0.238755  1.52859 0.615421
0.254127 0.274191 0.649895 0.255075 0.275319 0.650032  0.259978 -0.627388  0.418036  -2.11342  0.239153   1.52848  0.616203
 0.25379 0.274503 0.649892  0.25475 0.275618 0.650029  0.260227 -0.627559  0.418626  -2.11336  0.239539   1.52838  0.616961
0.253463 0.274806 0.649888 0.254436 0.275908 0.650028  0.260467 -0.627724  0.419199   -2.1133  0.239913   1.52828  0.617695
0.253147 0.275099 0.649885 0.254132 0.276188 0.650026  0.260699 -0.627882  0.419752  -2.11323  0.240274   1.52818  0.618405
0.252841 0.275383 0.649881 0.253838 0.276459 0.650024  0.260923 -0.628033  0.420287  -2.11317  0.240623   1.52809  0.619091
0.252545 0.275658 0.649878 0.253555 0.276721 0.650022  0.261138 -0.628179  0.420803  -2.11311  0.240959     1.528  0.619753
0.252259 0.275923 0.649875 0.253282 0.276973  0.65002  0.261345 -0.628318    0.4213  -2.11306  0.241282   1.52792   0.62039
0.251984 0.276179 0.649871 0.253019 0.277215 0.650019  0.261544 -0.628451  0.421778    -2.113  0.241593   1.52783  0.621002
0.251719 0.276425 0.649868 0.252767 0.277447 0.650017  0.261735 -0.628577  0.422236  -2.11294  0.241891   1.52776  0.621589
0.251465 0.276661 0.649865 0.252526  0.27767 0.650016  0.261917 -0.628698  0.422675  -2.11289  0.242176   1.52768  0.622151
0.251221 0.276888 0.649862 0.252295 0.277883 0.650014  0.262091 -0.628812  0.423094  -2.11284  0.242448   1.52761  0.622688
0.250988 0.277104 0.649859 0.252075 0.278086 0.650013  0.262256 -0.628921  0.423494  -2.11279  0.242707   1.52754    0.6232
0.250766 0.277312 0.649856 0.251865 0.278279 0.650012  0.262413 -0.629024  0.423874  -2.11274  0.242954   1.52748  0.623686
0.250554 0.277509 0.649853 0.251667 0.278463  0.65001 0.262562 -0.62912 0.424233 -2.11269 0.243187  1.52742 0.624146
0.250354 0.277696  0.64985 0.251479 0.278636 0.650009  0.262702 -0.629211  0.424573  -2.11265  0.243407   1.52736  0.624581
0.250164 0.277873 0.649848 0.251302 0.278799 0.650008  0.262833 -0.629296  0.424892  -2.11261  0.243613    1.5273  0.624989
0.249985  0.27804 0.649845 0.251136 0.278952 0.650007  0.262956 -0.629375  0.425191  -2.11257  0.243807   1.52725  0.625372
0.249817 0.278197 0.649842 0.250981 0.279095 0.650006  0.263071 -0.629449   0.42547  -2.11253  0.243987   1.52721  0.625728
 0.24966 0.278344  0.64984 0.250838 0.279227 0.650005  0.263176 -0.629516  0.425727   -2.1125  0.244153   1.52716  0.626057
0.249514 0.278481 0.649837 0.250705  0.27935 0.650004  0.263274 -0.629578  0.425964  -2.11247  0.244306   1.52712   0.62636
 0.24938 0.278607 0.649835 0.250584 0.279462 0.650004  0.263362 -0.629635   0.42618  -2.11244  0.244446   1.52709  0.626636
0.249257 0.278723 0.649832 0.250474 0.279563 0.650003  0.263442 -0.629685  0.426375  -2.11241  0.244572   1.52705  0.626886
0.249145 0.278829  0.64983 0.250375 0.279654 0.650002  0.263513 -0.629731  0.426549  -2.11239  0.244684   1.52703  0.627108
0.249044 0.278924 0.649828 0.250287 0.279735 0.650002 0.263575 -0.62977 0.426701 -2.11237 0.244782    1.527 0.627303
0.248955 0.279009 0.649825 0.250212 0.279805 0.650001  0.263629 -0.629804  0.426832  -2.11235  0.244867   1.52698   0.62747
0.248877 0.279083 0.649823 0.250147 0.279864 0.650001  0.263674 -0.629832  0.426942  -2.11233  0.244937   1.52696   0.62761
0.248811 0.279146 0.649821 0.250094 0.279913 0.650001   0.26371 -0.629855   0.42703  -2.11232  0.244994   1.52695  0.627722
0.248756 0.279199 0.649819 0.250053 0.279951     0.65  0.263736 -0.629872  0.427096  -2.11231  0.245036   1.52693  0.627807
0.248713 0.279241 0.649817 0.250024 0.279978     0.65  0.263754 -0.629883   0.42714  -2.11231  0.245065   1.52693  0.627863
0.248682 0.279273 0.649815 0.250006 0.279995     0.65  0.263764 -0.629889  0.427162   -2.1123  0.245079   1.52692  0.627891
0.248662 0.279293 0.649813 0.25 0.28 0.65  0.263764 -0.629889  0.427162   -2.1123  0.245079   1.52692  0.627891
0.248654 0.279303 0.649811 0.25 0.28 0.65  0.263764 -0.629889  0.427162   -2.1123  0.245079   1.52692  0.627891
0.248658 0.279302 0.649809 0.25 0.28 0.65  0.263764 -0.629889  0.427162   -2.1123  0.245079   1.52692  0.627891
0.248664   0.2793 0.649806 0.25 0.28 0.65  0.263764 -0.629889  0.427162   -2.1123  0.245079   1.52692  0.627891
 0.24867 0.279298 0.649803 0.25 0.28 0.65  0.263764 -0.629889  0.427162   -2.1123  0.245079   1.52692  0.627891
0.248676 0.279296 0.649799 0.25 0.28 0.65  0.263764 -0.629889  0.427162   -2.1123  0.245079   1.52692  0.627891
0.248682 0.279294 0.649794 0.25 0.28 0.65  0.263764 -0.629889  0.427162   -2.1123  0.245079   1.52692  0.627891
0.248689 0.279292  0.64979 0.25 0.28 0.65  0.263764 -0.629889  0.427162   -2.1123  0.245079   1.52692  0.627891
0.248695  0.27929 0.649786 0.25 0.28 0.65  0.263764 -0.629889  0.427162   -2.1123  0.245079   1.52692  0.627891
0.248701 0.279288 0.649782 0.25 0.28 0.65  0.263764 -0.629889  0.427162   -2.1123  0.245079   1.52692  0.627891
0.248706 0.279287 0.649779 0.25 0.28 0.65  0.263764 -0.629889  0.427162   -2.1123  0.245079   1.52692  0.627891
0.248711 0.279285 0.649776 0.25 0.28 0.65  0.263764 -0.629889  0.427162   -2.1123  0.245079   1.52692  0.627891
0.248716 0.279284 0.649774 0.25 0.28 0.65  0.263764 -0.629889  0.427162   -2.1123  0.245079   1.52692  0.627891
 0.24872 0.279283 0.649773 0.25 0.28 0.65  0.263764 -0.629889  0.427162   -2.1123  0.245079   1.52692  0.627891
0.248723 0.279282 0.649772 0.25 0.28 0.65  0.263764 -0.629889  0.427162   -2.1123  0.245079   1.52692  0.627891
0.248726 0.279281 0.649771 0.25 0.28 0.65  0.263764 -0.629889  0.427162   -2.1123  0.245079   1.52692  0.627891
0.248728  0.27928 0.649771 0.25 0.28 0.65  0.263764 -0.629889  0.427162   -2.1123  0.245079   1.52692  0.627891
 0.24873  0.27928 0.649771 0.25 0.28 0.65  0.263764 -0.629889  0.427162   -2.1123  0.245079   1.52692  0.627891
0.248731  0.27928 0.649772 0.25 0.28 0.65  0.263764 -0.629889  0.427162   -2.1123  0.245079   1.52692  0.627891
0.248733  0.27928 0.649772 0.25 0.28 0.65  0.263764 -0.629889  0.427162   -2.1123  0.245079   1.52692  0.627891
0.248734  0.27928 0.649772 0.25 0.28 0.65  0.263764 -0.629889  0.427162   -2.1123  0.245079   1.52692  0.627891
0.248735  0.27928 0.649773 0.25 0.28 0.65  0.263764 -0.629889  0.427162   -2.1123  0.245079   1.52692  0.627891
0.248736  0.27928 0.649773 0.25 0.28 0.65  0.263764 -0.629889  0.427162   -2.1123  0.245079   1.52692  0.627891
0.248738  0.27928 0.649773 0.25 0.28 0.65  0.263764 -0.629889  0.427162   -2.1123  0.245079   1.52692  0.627891
0.248739  0.27928 0.649772 0.25 0.28 0.65  0.263764 -0.629889  0.427162   -2.1123  0.245079   1.52692  0.627891
0.248741  0.27928 0.649772 0.25 0.28 0.65  0.263764 -0.629889  0.427162   -2.1123  0.245079   1.52692  0.627891
0.248743  0.27928 0.649771 0.25 0.28 0.65  0.263764 -0.629889  0.427162   -2.1123  0.245079   1.52692  0.627891
0.248745 0.279279  0.64977 0.25 0.28 0.65  0.263764 -0.629889  0.427162   -2.1123  0.245079   1.52692  0.627891
0.248748 0.279279 0.649768 0.25 0.28 0.65  0.263764 -0.629889  0.427162   -2.1123  0.245079   1.52692  0.627891
 0.24875 0.279279 0.649766 0.25 0.28 0.65  0.263764 -0.629889  0.427162   -2.1123  0.245079   1.52692  0.627891
0.248753 0.279278 0.649764 0.25 0.28 0.65  0.263764 -0.629889  0.427162   -2.1123  0.245079   1.52692  0.627891
0.248756 0.279278 0.649762 0.25 0.28 0.65  0.263764 -0.629889  0.427162   -2.1123  0.245079   1.52692  0.627891
 0.24876 0.279277  0.64976 0.25 0.28 0.65  0.263764 -0.629889  0.427162   -2.1123  0.245079   1.52692  0.627891
0.248763 0.279276 0.649758 0.25 0.28 0.65  0.263764 -0.629889  0.427162   -2.1123  0.245079   1.52692  0.627891
0.248766 0.279276 0.649756 0.25 0.28 0.65  0.263764 -0.629889  0.427162   -2.1123  0.245079   1.52692  0.627891
 0.24877 0.279275 0.649754 0.25 0.28 0.65  0.263764 -0.629889  0.427162   -2.1123  0.245079   1.52692  0.627891
0.248773 0.279274 0.649752 0.25 0.28 0.65  0.263764 -0.629889  0.427162   -2.1123  0.245079   1.52692  0.627891
0.248776 0.279273 0.649751 0.25 0.28 0.65  0.263764 -0.629889  0.427162   -2.1123  0.245079   1.52692  0.627891
0.248779 0.279273 0.649749 0.25 0.28 0.65  0.263764 -0.629889  0.427162   -2.1123  0.245079   1.52692  0.627891
0.248782 0.279272 0.649748 0.25 0.28 0.65  0.263764 -0.629889  0.427162   -2.1123  0.245079   1.52692  0.627891
0.248785 0.279271 0.649747 0.25 0.28 0.65  0.263764 -0.629889  0.427162   -2.1123  0.245079   1.52692  0.627891
0.248788  0.27927 0.649746 0.25 0.28 0.65  0.263764 -0.629889  0.427162   -2.1123  0.245079   1.52692  0.627891
 0.24879  0.27927 0.649745 0.25 0.28 0.65  0.263764 -0.629889  0.427162   -2.1123  0.245079   1.52692  0.627891
0.248793 0.279269 0.649744 0.25 0.28 0.65  0.263764 -0.629889  0.427162   -2.1123  0.245079   1.52692  0.627891
0.248795 0.279268 0.649744 0.25 0.28 0.65  0.263764 -0.629889  0.427162   -2.1123  0.245079   1.52692  0.627891
0.248798 0.279268 0.649743 0.25 0.28 0.65  0.263764 -0.629889  0.427162   -2.1123  0.245079   1.52692  0.627891
  0.2488 0.279267 0.649743 0.25 0.28 0.65  0.263764 -0.629889  0.427162   -2.1123  0.245079   1.52692  0.627891
0.248802 0.279267 0.649742 0.25 0.28 0.65  0.263764 -0.629889  0.427162   -2.1123  0.245079   1.52692  0.627891
0.248804 0.279266 0.649742 0.25 0.28 0.65  0.263764 -0.629889  0.427162   -2.1123  0.245079   1.52692  0.627891
0.248807 0.279265 0.649741 0.25 0.28 0.65  0.263764 -0.629889  0.427162   -2.1123  0.245079   1.52692  0.627891
0.248809 0.279265  0.64974 0.25 0.28 0.65  0.263764 -0.629889  0.427162   -2.1123  0.245079   1.52692  0.627891
0.248811 0.279265  0.64974 0.25 0.28 0.65  0.263764 -0.629889  0.427162   -2.1123  0.245079   1.52692  0.627891
0.248813 0.279264 0.649739 0.25 0.28 0.65  0.263764 -0.629889  0.427162   -2.1123  0.245079   1.52692  0.627891
0.248815 0.279264 0.649738 0.25 0.28 0.65  0.263764 -0.629889  0.427162   -2.1123  0.245079   1.52692  0.627891
0.248818 0.279263 0.649737 0.25 0.28 0.65  0.263764 -0.629889  0.427162   -2.1123  0.245079   1.52692  0.627891
 0.24882 0.279263 0.649736 0.25 0.28 0.65  0.263764 -0.629889  0.427162   -2.1123  0.245079   1.52692  0.627891
0.248822 0.279262 0.649735 0.25 0.28 0.65  0.263764 -0.629889  0.427162   -2.1123  0.245079   1.52692  0.627891
0.248825 0.279262 0.649733 0.25 0.28 0.65  0.263764 -0.629889  0.427162   -2.1123  0.245079   1.52692  0.627891
0.248827 0.279262 0.649732 0.25 0.28 0.65  0.263764 -0.629889  0.427162   -2.1123  0.245079   1.52692  0.627891
 0.24883 0.279261 0.649731 0.25 0.28 0.65  0.263764 -0.629889  0.427162   -2.1123  0.245079   1.52692  0.627891
0.248832 0.279261  0.64973 0.25 0.28 0.65  0.263764 -0.629889  0.427162   -2.1123  0.245079   1.52692  0.627891
0.248834  0.27926 0.649728 0.25 0.28 0.65  0.263764 -0.629889  0.427162   -2.1123  0.245079   1.52692  0.627891
0.248837  0.27926 0.649727 0.25 0.28 0.65  0.263764 -0.629889  0.427162   -2.1123  0.245079   1.52692  0.627891
0.248839 0.279259 0.649726 0.25 0.28 0.65  0.263764 -0.629889  0.427162   -2.1123  0.245079   1.52692  0.627891
0.248841 0.279259 0.649725 0.25 0.28 0.65  0.263764 -0.629889  0.427162   -2.1123  0.245079   1.52692  0.627891
0.248844 0.279259 0.649724 0.25 0.28 0.65  0.263764 -0.629889  0.427162   -2.1123  0.245079   1.52692  0.627891
0.248846 0.279258 0.649722 0.25 0.28 0.65  0.263764 -0.629889  0.427162   -2.1123  0.245079   1.52692  0.627891
0.248848 0.279257 0.649721 0.25 0.28 0.65  0.263764 -0.629889  0.427162   -2.1123  0.245079   1.52692  0.627891
 0.24885 0.279257 0.649721 0.25 0.28 0.65  0.263764 -0.629889  0.427162   -2.1123  0.245079   1.52692  0.627891
0.248853 0.279257  0.64972 0.25 0.28 0.65  0.263764 -0.629889  0.427162   -2.1123  0.245079   1.52692  0.627891
0.248855 0.279256 0.649719 0.25 0.28 0.65  0.263764 -0.629889  0.427162   -2.1123  0.245079   1.52692  0.627891
0.248857 0.279256 0.649718 0.25 0.28 0.65  0.263764 -0.629889  0.427162   -2.1123  0.245079   1.52692  0.627891
0.248859 0.279255 0.649717 0.25 0.28 0.65  0.263764 -0.629889  0.427162   -2.1123  0.245079   1.52692  0.627891
0.248861 0.279255 0.649716 0.25 0.28 0.65  0.263764 -0.629889  0.427162   -2.1123  0.245079   1.52692  0.627891
0.248863 0.279254 0.649716 0.25 0.28 0.65  0.263764 -0.629889  0.427162   -2.1123  0.245079   1.52692  0.627891
0.248865 0.279254 0.649715 0.25 0.28 0.65  0.263764 -0.629889  0.427162   -2.1123  0.245079   1.52692  0.627891
0.248868 0.279253 0.649714 0.25 0.28 0.65  0.263764 -0.629889  0.427162   -2.1123  0.245079   1.52692  0.627891
 0.24887 0.279253 0.649714 0.25 0.28 0.65  0.263764 -0.629889  0.427162   -2.1123  0.245079   1.52692  0.627891
0.248872 0.279252 0.649713 0.25 0.28 0.65  0.263764 -0.629889  0.427162   -2.1123  0.245079   1.52692  0.627891
0.248874 0.279252 0.649712 0.25 0.28 0.65  0.263764 -0.629889  0.427162   -2.1123  0.245079   1.52692  0.627891
0.248876 0.279251 0.649711 0.25 0.28 0.65  0.263764 -0.629889  0.427162   -2.1123  0.245079   1.52692  0.627891
0.248878 0.279251  0.64971 0.25 0.28 0.65  0.263764 -0.629889  0.427162   -2.1123  0.245079   1.52692  0.627891
 0.24888  0.27925 0.649709 0.25 0.28 0.65  0.263764 -0.629889  0.427162   -2.1123  0.245079   1.52692  0.627891
0.248882  0.27925 0.649708 0.25 0.28 0.65  0.263764 -0.629889  0.427162   -2.1123  0.245079   1.52692  0.627891
0.248884 0.279249 0.649708 0.25 0.28 0.65  0.263764 -0.629889  0.427162   -2.1123  0.245079   1.52692  0.627891
0.248887 0.279249 0.649707 0.25 0.28 0.65  0.263764 -0.629889  0.427162   -2.1123  0.245079   1.52692  0.627891
0.248889 0.279249 0.649706 0.25 0.28 0.65  0.263764 -0.629889  0.427162   -2.1123  0.245079   1.52692  0.627891
0.248891 0.279248 0.649705 0.25 0.28 0.65  0.263764 -0.629889  0.427162   -2.1123  0.245079   1.52692  0.627891
0.248893 0.279248 0.649704 0.25 0.28 0.65  0.263764 -0.629889  0.427162   -2.1123  0.245079   1.52692  0.627891
0.248895 0.279247 0.649703 0.25 0.28 0.65  0.263764 -0.629889  0.427162   -2.1123  0.245079   1.52692  0.627891
0.248897 0.279247 0.649702 0.25 0.28 0.65  0.263764 -0.629889  0.427162   -2.1123  0.245079   1.52692  0.627891
0.248899 0.279247 0.649701 0.25 0.28 0.65  0.263764 -0.629889  0.427162   -2.1123  0.245079   1.52692  0.627891
0.248901 0.279246   0.6497 0.25 0.28 0.65  0.263764 -0.629889  0.427162   -2.1123  0.245079   1.52692  0.627891
0.248903 0.279246 0.649699 0.25 0.28 0.65  0.263764 -0.629889  0.427162   -2.1123  0.245079   1.52692  0.627891
0.248905 0.279245 0.649698 0.25 0.28 0.65  0.263764 -0.629889  0.427162   -2.1123  0.245079   1.52692  0.627891
0.248907 0.279245 0.649697 0.25 0.28 0.65  0.263764 -0.629889  0.427162   -2.1123  0.245079   1.52692  0.627891
0.248908 0.279245 0.649697 0.25 0.28 0.65  0.263764 -0.629889  0.427162   -2.1123  0.245079   1.52692  0.627891
 0.24891 0.279244 0.649696 0.25 0.28 0.65  0.263764 -0.629889  0.427162   -2.1123  0.245079   1.52692  0.627891
0.248912 0.279244 0.649695 0.25 0.28 0.65  0.263764 -0.629889  0.427162   -2.1123  0.245079   1.52692  0.627891
0.248914 0.279244 0.649694 0.25 0.28 0.65  0.263764 -0.629889  0.427162   -2.1123  0.245079   1.52692  0.627891
