  0.566623 -0.0120932   0.651919   0.125033 -0.0266198   0.698355   0.566623 -0.0120932   0.651919   0.125033 -0.0266198   0.698355       0       0       0 -1.5708       0  1.5708       0
  0.566623 -0.0120928    0.65192   0.125032 -0.0266197   0.698355   0.566617 -0.0120878   0.651919   0.125031 -0.0266221   0.698353  1.07183e-05 -2.73575e-05  1.08333e-05     -1.57082  1.83976e-05      1.57076  3.77274e-06
  0.566622 -0.0120924   0.651921   0.125032 -0.0266197   0.698355     0.5666 -0.0120714   0.651919   0.125023 -0.0266291   0.698348  3.94383e-05 -0.000101366  3.98576e-05     -1.57089   6.7372e-05      1.57065  1.38213e-05
   0.56661 -0.0120799   0.651921   0.125023 -0.0266172   0.698358    0.56657 -0.0120442   0.651918   0.125012 -0.0266406   0.698338  8.32493e-05 -0.000214026   8.4195e-05     -1.57099  0.000156168      1.57046  3.09329e-05
  0.566578 -0.0120455   0.651917      0.125 -0.0266105   0.698364   0.566529 -0.0120062   0.651918   0.124996 -0.0266566   0.698326  0.000130933 -0.000339014  0.000132542     -1.57109   0.00029171      1.57021  5.47068e-05
  0.566529 -0.0119903    0.65191   0.124967 -0.0265998   0.698374   0.566476 -0.0119574   0.651918   0.124975 -0.0266772   0.698309  0.000172199 -0.000456178  0.000174383     -1.57116  0.000481043       1.5699  8.46662e-05
  0.566471 -0.0119252   0.651899    0.12493 -0.0265878   0.698384   0.566412  -0.011898   0.651917   0.124949 -0.0267023   0.698289   0.00020609 -0.000568077  0.000208474      -1.5712  0.000733382      1.56953  0.000120947
   0.56641 -0.0118617    0.65189   0.124895 -0.0265772   0.698395   0.566336  -0.011828   0.651917   0.124919 -0.0267319   0.698266 0.000241516 -0.00069399 0.000243456    -1.57123  0.00106009     1.56907 0.000164195
  0.566346 -0.0118017   0.651887   0.124859 -0.0265683   0.698407   0.566249 -0.0117474   0.651916   0.124885 -0.0267659   0.698238  0.000288912 -0.000849162  0.000289457     -1.57127   0.00147265      1.56851  0.000214953
  0.566271 -0.0117357   0.651891   0.124818 -0.0265595   0.698421    0.56615 -0.0116563   0.651916   0.124846 -0.0268044   0.698208 0.000350748 -0.00102952 0.000348422    -1.57133  0.00198038     1.56784 0.000272942
  0.566178 -0.0116516   0.651897   0.124766 -0.0265481   0.698438    0.56604 -0.0115547   0.651915   0.124802 -0.0268473   0.698174  0.00041938 -0.00121529 0.000411848    -1.57141  0.00258995     1.56708 0.000337128
  0.566067 -0.0115444   0.651897   0.124706 -0.0265333   0.698458   0.565918 -0.0114427   0.651914   0.124754 -0.0268946   0.698136 0.000482929 -0.00138948 0.000466784    -1.57146  0.00330681     1.56623 0.000406254
 0.565946 -0.011421  0.651887   0.124643 -0.0265168   0.698479   0.565786 -0.0113203   0.651914   0.124702 -0.0269463   0.698095 0.000535454 -0.00155347 0.000506271    -1.57148  0.00413755     1.56529 0.000479582
   0.56582 -0.0112946   0.651869   0.124583 -0.0265015   0.698499   0.565642 -0.0111877   0.651913   0.124645 -0.0270023    0.69805 0.000582094  -0.0017256 0.000534657    -1.57146  0.00509102     1.56427 0.000556987
  0.565692 -0.0111728   0.651852   0.124524 -0.0264893    0.69852   0.565487 -0.0110448   0.651912   0.124584 -0.0270627   0.698002 0.000634476 -0.00192371 0.000562802    -1.57144  0.00617732     1.56315 0.000638592
  0.565554 -0.0110507   0.651845   0.124462 -0.0264792   0.698542   0.565321 -0.0108918   0.651911   0.124519 -0.0271273    0.69795 0.000700263  -0.0021487 0.000597229    -1.57142   0.0074055     1.56192 0.000724152
  0.565399 -0.0109164   0.651847   0.124389 -0.0264689   0.698568   0.565144 -0.0107286    0.65191   0.124449 -0.0271963   0.697895 0.000777204 -0.00238318 0.000633917    -1.57141  0.00878222     1.56059 0.000812816
  0.565227 -0.0107599   0.651851   0.124306 -0.0264562   0.698598   0.564956 -0.0105553   0.651909   0.124375 -0.0272695   0.697837 0.000854718 -0.00260746 0.000660137    -1.57139   0.0103122     1.55915 0.000903446
 0.565042 -0.010583  0.651847    0.12422 -0.0264418   0.698628   0.564758  -0.010372   0.651907   0.124296 -0.0273469   0.697775 0.000923574 -0.00281675 0.000664688    -1.57134   0.0120004     1.55762 0.000995075
 0.564851 -0.010397  0.651831   0.124135 -0.0264282   0.698659   0.564548 -0.0101787   0.651906   0.124213 -0.0274285    0.69771 0.000983968 -0.00302493 0.000646337    -1.57126   0.0138533       1.556  0.00108723
  0.564657 -0.0102136   0.651808   0.124054 -0.0264182   0.698688    0.564328 -0.00997554    0.651905    0.124126  -0.0275143    0.697642  0.00104595 -0.00325224 0.000614026    -1.57116   0.0158793     1.55429  0.00117977
  0.564456 -0.0100335    0.65179  0.123972 -0.026412  0.698719    0.564097 -0.00976251    0.651903    0.124035  -0.0276043     0.69757  0.00112041 -0.00350714 0.000577138    -1.57104   0.0180869     1.55247  0.00127247
   0.564241 -0.00984694    0.651781   0.123883 -0.0264076   0.698752    0.563855 -0.00953967    0.651902     0.12394  -0.0276985    0.697495  0.00121027 -0.00377932 0.000536216    -1.57093   0.0204827     1.55053  0.00136466
    0.56401 -0.00964151    0.651779   0.123783 -0.0264026   0.698789    0.563603 -0.00930708      0.6519     0.12384  -0.0277967    0.697417  0.00130812 -0.00404946 0.000480708     -1.5708   0.0230711      1.5485  0.00145543
   0.563763 -0.00941399    0.651777   0.123677 -0.0263964   0.698829   0.563341 -0.0090648   0.651899   0.123737  -0.027899   0.697335  0.00140375  -0.0043053 0.000397345    -1.57066   0.0258561     1.54636  0.00154377
   0.563507 -0.00917243    0.651767    0.12357 -0.0263909   0.698868    0.563068 -0.00881288    0.651897    0.123629  -0.0280055     0.69725  0.00149346 -0.00455165 0.000280116     -1.5705   0.0288426     1.54414    0.001629
   0.563247 -0.00892895    0.651747   0.123466 -0.0263888   0.698907    0.562784 -0.00855137    0.651895    0.123517  -0.0281159    0.697162  0.00158355 -0.00480565 0.000133811     -1.5703   0.0320372     1.54181   0.0017107
   0.562981 -0.00868924    0.651724   0.123364 -0.0263916   0.698946     0.56249 -0.00828034    0.651894    0.123401  -0.0282304    0.697071    0.0016852  -0.00508124 -3.19217e-05     -1.57009    0.0354472      1.53938   0.00178853
   0.562706 -0.00844753    0.651705   0.123257 -0.0263982   0.698986    0.562186 -0.00799983    0.651892    0.123281  -0.0283489    0.696977   0.00180512  -0.00537779 -0.000212861     -1.56986    0.0390792      1.53684   0.00186193
   0.562415 -0.00819221    0.651696   0.123143 -0.0264062   0.699029   0.561872 -0.0077099    0.65189   0.123157 -0.0284714   0.696879   0.00194053   -0.0056812 -0.000415338     -1.56963    0.0429376      1.53419   0.00193007
   0.562108 -0.00791558     0.65169   0.123021 -0.0264141   0.699076   0.561548 -0.0074106   0.651888   0.123028 -0.0285978   0.696778   0.00208221  -0.00597618 -0.000652532     -1.56938    0.0470255      1.53144   0.00199198
    0.56179 -0.00762125    0.651683   0.122895 -0.0264229   0.699123   0.561213  -0.007102   0.651886   0.122896 -0.0287281   0.696674   0.00222367  -0.00625861 -0.000934196     -1.56912    0.0513466       1.5286   0.00204681
   0.561464 -0.00732004    0.651668   0.12277 -0.026435  0.699171    0.560868 -0.00678413    0.651884     0.12276  -0.0288624    0.696567  0.00236716 -0.00653792 -0.00126022    -1.56883   0.0559059     1.52565  0.00209392
   0.561134 -0.00702058    0.651647   0.122647 -0.0264526   0.699217    0.560514 -0.00645707    0.651882     0.12262  -0.0290005    0.696457  0.00252206 -0.00682819 -0.00162276    -1.56852   0.0607094      1.5226  0.00213275
   0.560795 -0.00672191    0.651626   0.122524 -0.0264755   0.699264    0.560149 -0.00612086    0.651879    0.122476  -0.0291426    0.696344  0.00269717 -0.00713642  -0.0020151     -1.5682   0.0657629     1.51944   0.0021627
   0.560444 -0.00641444    0.651609   0.122395 -0.0265019   0.699313    0.559775 -0.00577556    0.651877    0.122329  -0.0292884    0.696228  0.00289363 -0.00745663 -0.00243937    -1.56787   0.0710708     1.51618  0.00218295
   0.560079 -0.00608864    0.651597    0.12226 -0.0265298   0.699364    0.559391 -0.00542123    0.651875    0.122177  -0.0294381    0.696108  0.00310477 -0.00777622 -0.00290638    -1.56753   0.0766357     1.51281  0.00219258
     0.5597 -0.00574347    0.651589   0.122119 -0.0265593   0.699418    0.558997 -0.00505791    0.651872    0.122021  -0.0295916    0.695986  0.00332287 -0.00808597 -0.00342779    -1.56718     0.08246     1.50934  0.00219062
   0.559312 -0.00538708    0.651577   0.121976 -0.0265923   0.699471    0.558594 -0.00468566     0.65187    0.121862  -0.0297488    0.695861   0.0035467 -0.00838764 -0.00400763    -1.56681    0.088547     1.50577  0.00217623
   0.558916 -0.00502915     0.65156  0.121835 -0.026631  0.699525    0.558181 -0.00430455    0.651868    0.121699  -0.0299098    0.695732  0.00378283 -0.00869108 -0.00464105    -1.56643   0.0949013     1.50209  0.00214868
   0.558514 -0.00467269    0.651539   0.121694 -0.0266763   0.699577    0.557758 -0.00391461    0.651865    0.121532  -0.0300745    0.695601  0.00404035 -0.00900591 -0.00532053    -1.56604    0.101528     1.49832  0.00210723
   0.558102 -0.00431122    0.651518   0.121551 -0.0267269   0.699631    0.557326 -0.00351591    0.651862    0.121361  -0.0302429    0.695467  0.00432323 -0.00933309 -0.00604462    -1.56565     0.10843     1.49443  0.00205107
   0.557677 -0.00393523    0.651502   0.121403 -0.0267809   0.699686    0.556884 -0.00310851     0.65186    0.121187   -0.030415     0.69533  0.00462772 -0.00966564 -0.00682064    -1.56525     0.11561     1.49045  0.00197929
   0.557239 -0.00354038    0.651489   0.121249 -0.0268376   0.699742    0.556433 -0.00269245    0.651857    0.121009  -0.0305907    0.695189  0.00494649 -0.00999457 -0.00765985    -1.56484    0.123068     1.48636  0.00189088
    0.55679 -0.00313106    0.651477   0.121093 -0.0268982     0.6998    0.555973 -0.00226779    0.651854    0.120827  -0.0307701    0.695046  0.00527565  -0.0103167 -0.00856934    -1.56443    0.130808     1.48217   0.0017849
   0.556332 -0.00271681    0.651461   0.120936 -0.0269647   0.699857    0.555503 -0.00183459    0.651851    0.120642  -0.0309531    0.694901  0.00561896  -0.0106363 -0.00954738    -1.56402    0.138831     1.47788  0.00166047
   0.555867 -0.00230317    0.651443   0.120779 -0.0270387   0.699913   0.555024 -0.0013929   0.651848   0.120452 -0.0311397   0.694752 0.00598465 -0.0109616 -0.0105871   -1.56361    0.14714     1.4735  0.0015168
   0.555393 -0.00188678    0.651422   0.120621 -0.0271195    0.69997     0.554537 -0.000942771     0.651845      0.12026   -0.0313298       0.6946 0.00637826 -0.0112971 -0.0116845    -1.5632   0.155739    1.46901 0.00135303
   0.554908 -0.00145957    0.651403    0.12046 -0.0272055   0.700027      0.55404 -0.000484267     0.651842     0.120064   -0.0315235     0.694446 0.00679879  -0.011641 -0.0128435    -1.5628   0.164628    1.46442 0.00116831
   0.554412 -0.00101522    0.651386   0.120295 -0.0272956   0.700084     0.553533 -1.74383e-05     0.651839     0.119864   -0.0317206     0.694289   0.0072401  -0.0119875  -0.0140735    -1.56241    0.173807     1.45973 0.000961659
    0.553903 -0.000554959     0.651371   0.120127 -0.0273902   0.700142   0.553018 0.00045766   0.651836    0.11966 -0.0319213   0.694129 0.00769701 -0.0123318 -0.0153827   -1.56203   0.183277    1.45495 0.00073218
    0.553385 -8.69438e-05     0.651356   0.119956 -0.0274911     0.7002    0.552495 0.000940974    0.651833    0.119453  -0.0321255    0.693966  0.00817101  -0.0126747   -0.016772    -1.56165    0.193038     1.45008 0.000478971
   0.552858 0.000382645    0.651339   0.119785 -0.0275998   0.700258   0.551962 0.00143245    0.65183   0.119243 -0.0323331   0.693801  0.00866858  -0.0130204  -0.0182364     -1.5613    0.203091     1.44511 0.000201194
   0.552323 0.000853792     0.65132   0.119612 -0.0277164   0.700315    0.55142 0.00193203   0.651827   0.119029 -0.0325441   0.693632  0.00919613  -0.0133744  -0.0197707    -1.56097    0.213438     1.44005 -0.00010194
  0.551779 0.00133265     0.6513   0.119438 -0.0278398   0.700371    0.55087 0.00243966   0.651823   0.118812 -0.0327585   0.693461   0.00975503   -0.0137379   -0.0213754     -1.56065     0.224079       1.4349 -0.000431244
  0.551224 0.00182628   0.651281   0.119261 -0.0279685   0.700427   0.550311 0.00295529    0.65182   0.118591 -0.0329763   0.693288   0.0103409  -0.0141087  -0.0230575    -1.56037    0.235011     1.42966 -0.00078751
  0.550658 0.00233596   0.651264    0.11908 -0.0281024   0.700483   0.549744 0.00347885   0.651816   0.118367 -0.0331975   0.693111   0.0109484  -0.0144831  -0.0248253    -1.56012    0.246235     1.42433 -0.00117153
  0.550082 0.00285587   0.651248   0.118897 -0.0282428   0.700539   0.549167 0.00401031   0.651813    0.11814  -0.033422   0.692932    0.011577  -0.0148598  -0.0266816     -1.5599    0.257747     1.41892 -0.00158414
  0.549496 0.00337913   0.651231   0.118711 -0.0283913   0.700594   0.548583 0.00454959   0.651809   0.117909 -0.0336498   0.692751   0.0122319  -0.0152413   -0.028623    -1.55971    0.269549     1.41343 -0.00202606
  0.548903 0.00390379   0.651212   0.118524 -0.0285483   0.700647    0.54799 0.00509666   0.651806   0.117675 -0.0338808   0.692567   0.0129198  -0.0156311  -0.0306441    -1.55957    0.281639     1.40785 -0.00249799
  0.548301 0.00443406   0.651193  0.118335 -0.028713    0.7007   0.547389 0.00565144   0.651802   0.117437 -0.0341152    0.69238   0.0136439  -0.0160319  -0.0327434    -1.55948    0.294016      1.4022 -0.00300057
  0.547689 0.00497672   0.651175  0.118144 -0.028884  0.700751   0.546779  0.0062139   0.651798   0.117196 -0.0343528    0.69219   0.014402 -0.0164438 -0.0349254   -1.55944   0.306678    1.39647 -0.0035344
  0.547067 0.00553465   0.651157    0.11795 -0.0290607   0.700802   0.546161 0.00678396   0.651795   0.116952 -0.0345936   0.691999   0.0151892  -0.0168648  -0.0371975    -1.55945    0.319621     1.39066 -0.00410013
 0.546435 0.0061041  0.651139  0.117753 -0.029244  0.700852   0.545535 0.00736158   0.651791   0.116705 -0.0348375   0.691804   0.0160042  -0.0172941  -0.0395637    -1.55953    0.332843     1.38478 -0.00469834
  0.545794 0.00667893   0.651121   0.117553 -0.0294351     0.7009     0.5449 0.00794671   0.651787   0.116455 -0.0350847   0.691607   0.0168509  -0.0177322  -0.0420225    -1.55966    0.346342     1.37884 -0.00532963
  0.545145 0.00725554   0.651103   0.117351 -0.0296349   0.700947   0.544258 0.00853929   0.651783   0.116201  -0.035335   0.691407    0.017736  -0.0181819  -0.0445688    -1.55987    0.360116     1.37283 -0.00599453
  0.544488 0.00783611   0.651084   0.117146 -0.0298428   0.700992   0.543608 0.00913926   0.651779   0.115944 -0.0355884   0.691205   0.0186645  -0.0186455  -0.0471997    -1.56015    0.374162     1.36675 -0.00669349
 0.543822 0.0084267  0.651065   0.116939 -0.0300575   0.701035   0.542949 0.00974656   0.651775   0.115684  -0.035845   0.691001   0.0196364  -0.0191245  -0.0499176    -1.56051    0.388478     1.36061 -0.00742693
  0.543147 0.00903109   0.651046   0.116729 -0.0302782   0.701077   0.542283  0.0103612   0.651771   0.115421 -0.0361046   0.690794   0.0206486  -0.0196186  -0.0527288    -1.56096    0.403059     1.35441 -0.00819525
  0.542463 0.00964807   0.651027   0.116516 -0.0305052   0.701116   0.541609   0.010983   0.651767   0.115155 -0.0363672   0.690585    0.021699  -0.0201272  -0.0556381     -1.5615    0.417903     1.34816 -0.00899885
 0.54177 0.010272 0.651009   0.116299 -0.0307394   0.701154   0.540927   0.011612   0.651763   0.114886 -0.0366329   0.690373   0.0227906  -0.0206509  -0.0586458    -1.56213    0.433005     1.34186 -0.00983815
 0.541069 0.0108954  0.650989    0.11608 -0.0309823   0.701189   0.540238  0.0122481   0.651759   0.114613 -0.0369016   0.690159  0.0239327 -0.0211917 -0.0617452   -1.56286   0.448364     1.3355 -0.0107136
  0.54036 0.0115202  0.650968   0.115858 -0.0312335   0.701222   0.539541  0.0128913   0.651755   0.114338 -0.0371733   0.689942  0.0251334 -0.0217521 -0.0649314   -1.56369   0.463979     1.3291 -0.0116257
 0.539644 0.0121549  0.650947   0.115632 -0.0314911   0.701253   0.538836  0.0135415    0.65175    0.11406 -0.0374479   0.689723   0.026393 -0.0223337  -0.068207   -1.56463   0.479845    1.32265 -0.0125745
 0.538919 0.0128064  0.650927   0.115404 -0.0317535   0.701281   0.538124  0.0141986   0.651746   0.113778 -0.0377255   0.689502  0.0277062 -0.0229369 -0.0715813   -1.56569   0.495959    1.31616 -0.0135602
 0.538185 0.0134724  0.650908   0.115172 -0.0320213   0.701307  0.537404 0.0148626  0.651742  0.113494 -0.038006  0.689278  0.0290698 -0.0235613 -0.0750614   -1.56687   0.512315    1.30963  -0.014583
 0.537443 0.0141446   0.65089   0.114936 -0.0322961   0.701329   0.536677  0.0155335   0.651737   0.113207 -0.0382894   0.689052  0.0304882 -0.0242066 -0.0786472   -1.56819   0.528911    1.30307 -0.0156432
 0.536693 0.0148165   0.65087   0.114696 -0.0325791   0.701349   0.535942  0.0162112   0.651733   0.112917 -0.0385756   0.688824  0.0319713 -0.0248741 -0.0823327   -1.56963   0.545745    1.29647 -0.0167411
 0.535936 0.0154887  0.650849 0.114453 -0.03287 0.701366     0.5352  0.0168956   0.651728   0.112624 -0.0388647   0.688594  0.0335287 -0.0255661 -0.0861124   -1.57121   0.562816    1.28984 -0.0178772
 0.535172 0.0161678  0.650827   0.114206 -0.0331674   0.701379   0.534451  0.0175867   0.651724   0.112328 -0.0391567   0.688361  0.0351639 -0.0262852 -0.0899867   -1.57293    0.58012    1.28318 -0.0190515
   0.5344 0.0168606  0.650805   0.113956 -0.0334695   0.701389   0.533695  0.0182845   0.651719   0.112029 -0.0394514   0.688126  0.0368749 -0.0270327 -0.0939625    -1.5748   0.597654    1.27649 -0.0202644
  0.53362 0.0175672  0.650783   0.113702 -0.0337763   0.701395   0.532931  0.0189888   0.651715   0.111728 -0.0397489   0.687889  0.0386597 -0.0278092  -0.098047   -1.57682   0.615415    1.26978 -0.0215158
 0.532833 0.0182823  0.650763   0.113444 -0.0340887   0.701398   0.532161  0.0196996    0.65171   0.111424 -0.0400491    0.68765  0.0405211 -0.0286146  -0.102243     -1.579   0.633401    1.26306  -0.022806
 0.532038 0.0189991  0.650742  0.113181 -0.034408  0.701397   0.531383  0.0204169   0.651705   0.111117 -0.0403521   0.687408  0.0424681 -0.0294493  -0.106546   -1.58134   0.651609    1.25631 -0.0241354
0.531236 0.019716 0.650721   0.112914 -0.0347346   0.701392   0.530599  0.0211406     0.6517   0.110807 -0.0406578   0.687164  0.0445113 -0.0303145  -0.110952   -1.58385   0.670039    1.24955 -0.0255043
 0.530427 0.0204374  0.650698   0.112642 -0.0350672   0.701383   0.529807  0.0218706   0.651696   0.110494 -0.0409662   0.686918  0.0466572 -0.0312122   -0.11546   -1.58654   0.688691    1.24277 -0.0269132
 0.529611 0.0211693  0.650674   0.112367 -0.0354043   0.701369   0.529009  0.0226069   0.651691   0.110179 -0.0412772   0.686671  0.0489071 -0.0321444  -0.120074   -1.58941   0.707562    1.23598 -0.0283622
 0.528789 0.0219146   0.65065   0.112088 -0.0357453    0.70135   0.528204  0.0233495   0.651686   0.109861 -0.0415909   0.686421    0.05126 -0.0331129  -0.124802   -1.59245    0.72665    1.22918 -0.0298515
 0.527958 0.0226694  0.650626   0.111804 -0.0360907   0.701327   0.527392  0.0240983   0.651681   0.109541 -0.0419071   0.686168  0.0537183 -0.0341181  -0.129648   -1.59569   0.745953    1.22238 -0.0313816
 0.527121 0.0234275  0.650603  0.111515 -0.036442  0.701299  0.526574 0.0248532  0.651676  0.109218 -0.042226  0.685914  0.0562905 -0.0351605   -0.13461   -1.59912   0.765471    1.21557 -0.0329528
 0.526277 0.0241857   0.65058   0.111221 -0.0367994   0.701266   0.525749  0.0256142   0.651671   0.108892 -0.0425474   0.685658  0.0589878 -0.0362405  -0.139684   -1.60275   0.785205    1.20875 -0.0345656
 0.525426 0.0249469  0.650556   0.110922 -0.0371624   0.701228   0.524918  0.0263812   0.651666   0.108564 -0.0428714     0.6854  0.0618189 -0.0373593  -0.144868   -1.60658   0.805153    1.20194 -0.0362206
 0.524569 0.0257163  0.650531   0.110619 -0.0375297   0.701183    0.52408  0.0271542   0.651661   0.108233 -0.0431979   0.685139  0.0647881 -0.0385188  -0.150166   -1.61062   0.825317    1.19512 -0.0379182
 0.523705 0.0264976  0.650504   0.110311 -0.0379001   0.701133   0.523236  0.0279331   0.651656   0.107899 -0.0435269   0.684877 0.0678962 -0.039721 -0.155584  -1.61486  0.845694   1.18831 -0.039659
 0.522834 0.0272889  0.650478   0.109999 -0.0382741   0.701077   0.522385  0.0287178   0.651651   0.107563 -0.0438584   0.684613   0.071146 -0.0409674  -0.161127   -1.61933   0.866284    1.18151 -0.0414432
0.521956 0.028085 0.650452   0.109681 -0.0386527   0.701014   0.521528  0.0295084   0.651645   0.107225 -0.0441924   0.684347   0.074545 -0.0422592  -0.166794   -1.62401   0.887087    1.17471 -0.0432716
 0.521072 0.0288819  0.650425   0.109358 -0.0390366   0.700945   0.520665  0.0303047    0.65164   0.106884 -0.0445287   0.684079  0.0781049 -0.0435968  -0.172584   -1.62892   0.908103    1.16792 -0.0451447
 0.520182 0.0296805  0.650399   0.109029 -0.0394255    0.70087   0.519796  0.0311067   0.651635   0.106541 -0.0448675   0.683808  0.0818363 -0.0449808  -0.178494   -1.63405   0.929333    1.16114 -0.0470633
 0.519285 0.0304854  0.650371   0.108696 -0.0398183   0.700786    0.51892  0.0319143    0.65163   0.106195 -0.0452086   0.683537  0.0857461 -0.0464131  -0.184525   -1.63942   0.950777    1.15438 -0.0490281
 0.518382 0.0313007   0.65034   0.108358 -0.0402138   0.700696   0.518039  0.0327276   0.651624   0.105847 -0.0455521   0.683263  0.0898369 -0.0478969  -0.190682   -1.64501   0.972434    1.14762 -0.0510397
 0.517472 0.0321252  0.650311   0.108015 -0.0406123   0.700597  0.517151 0.0335463  0.651619  0.105496 -0.045898  0.682987  0.0941132 -0.0494333  -0.196971   -1.65085   0.994303    1.14089 -0.0530987
 0.516554 0.0329573   0.65029   0.107665 -0.0410141   0.700492   0.516258  0.0343706   0.651613   0.105144 -0.0462461   0.682709  0.0985813 -0.0510183  -0.203394   -1.65693    1.01638    1.13417 -0.0552054
  0.51563 0.0337914  0.650264   0.107309 -0.0414203   0.700378   0.515358  0.0352003   0.651608   0.104788 -0.0465966    0.68243   0.103252  -0.052654   -0.20995   -1.66325    1.03866    1.12748 -0.0573608
 0.514701 0.0346228  0.650231   0.106949 -0.0418317   0.700255   0.514453  0.0360353   0.651603   0.104431 -0.0469493   0.682149   0.108142 -0.0543448  -0.216632   -1.66982    1.06116     1.1208  -0.059566
0.513767 0.035457 0.650196   0.106585 -0.0422469   0.700123   0.513542  0.0368756   0.651597   0.104071 -0.0473043   0.681866    0.11326 -0.0560945  -0.223438   -1.67662    1.08386    1.11416 -0.0618218
 0.512827 0.0363017  0.650164   0.106215 -0.0426642   0.699982   0.512625  0.0377212   0.651591   0.103709 -0.0476615   0.681581    0.11861 -0.0579043  -0.230374   -1.68366    1.10677    1.10754 -0.0641283
 0.511879 0.0371597  0.650137   0.105839 -0.0430829   0.699832   0.511703   0.038572   0.651586   0.103345 -0.0480208   0.681295   0.124194  -0.059773  -0.237448   -1.69095    1.12988    1.10095 -0.0664859
 0.510924 0.0380268  0.650112  0.105457 -0.043504  0.699673   0.510775   0.039428    0.65158   0.102979 -0.0483824   0.681006   0.130017 -0.0616994  -0.244666    -1.6985    1.15318    1.09439  -0.068895
 0.509962 0.0388949  0.650086   0.105069 -0.0439291   0.699503   0.509842   0.040289   0.651575    0.10261 -0.0487461   0.680717   0.136093 -0.0636833  -0.252023    -1.7063    1.17667    1.08787 -0.0713564
 0.508996 0.0397604  0.650056   0.104676 -0.0443589   0.699323   0.508903  0.0411551   0.651569   0.102239 -0.0491119   0.680425   0.142436 -0.0657283  -0.259514   -1.71434    1.20035    1.08139 -0.0738707
 0.508025 0.0406265  0.650019   0.104279 -0.0447924   0.699132   0.507959  0.0420262   0.651563   0.101867 -0.0494799   0.680132    0.14906 -0.0678401  -0.267134   -1.72261     1.2242    1.07495 -0.0764386
 0.507049 0.0415007  0.649979   0.103879 -0.0452279   0.698929   0.507009  0.0429022   0.651557   0.101492 -0.0498499   0.679837    0.15597 -0.0700249  -0.274885   -1.73111    1.24824    1.06856 -0.0790602
 0.506067 0.0423878  0.649938   0.103475 -0.0456643   0.698715  0.506055  0.043783  0.651552  0.101115 -0.050222   0.67954   0.163168 -0.0722861  -0.282774   -1.73982    1.27243    1.06222 -0.0817354
 0.505077 0.0432845  0.649908   0.103061 -0.0461028   0.698491   0.505095  0.0446687   0.651546   0.100735 -0.0505961   0.679242    0.17066 -0.0746156  -0.290808   -1.74877    1.29678    1.05594 -0.0844638
  0.50408 0.0441777  0.649908   0.102637 -0.0465461   0.698259   0.504129  0.0455592    0.65154   0.100354 -0.0509722   0.678942   0.178462 -0.0770042   -0.29898   -1.75799    1.32125    1.04971  -0.087243
 0.503076 0.0450734  0.649888   0.102209 -0.0469933   0.698014   0.503159  0.0464544   0.651534  0.0999711 -0.0513503   0.678641   0.186585 -0.0794541  -0.307287   -1.76743    1.34585    1.04354 -0.0900747
 0.502063 0.0459784  0.649835  0.101778 -0.047443  0.697754   0.502184  0.0473542   0.651528  0.0995859 -0.0517304   0.678338   0.195035 -0.0819692  -0.315733   -1.77702    1.37058    1.03746 -0.0929611
 0.501048 0.0468907  0.649776   0.101347 -0.0478947    0.69748   0.501203  0.0482586   0.651522  0.0991988 -0.0521124   0.678033   0.203815 -0.0845606  -0.324316   -1.78675    1.39542    1.03146 -0.0959013
0.500035 0.047806 0.649737  0.100913 -0.048349  0.697197   0.500218  0.0491676   0.651516  0.0988097 -0.0524964   0.677727   0.212934 -0.0872392  -0.333034   -1.79666    1.42035    1.02554 -0.0988913
 0.499019 0.0487212  0.649726   0.100471 -0.0488072   0.696905   0.499228   0.050081    0.65151  0.0984187 -0.0528822   0.677419   0.222401 -0.0900041   -0.34188    -1.8068    1.44533    1.01969  -0.101927
 0.497993 0.0496382  0.649733   0.100018 -0.0492707   0.696603  0.498233 0.0509989  0.651504 0.0980257  -0.05327   0.67711   0.232226 -0.0928402  -0.350851   -1.81715    1.47033    1.01393  -0.105007
 0.496953 0.0505623  0.649731  0.0995558 -0.0497394    0.69629   0.497233  0.0519212   0.651498   0.097631 -0.0536595     0.6768   0.242413 -0.0957318  -0.359951   -1.82768    1.49534    1.00826   -0.10813
 0.495905 0.0514979  0.649701  0.0990911 -0.0502119   0.695962   0.496229  0.0528478   0.651492  0.0972343 -0.0540509   0.676488    0.25296 -0.0986795   -0.36918   -1.83832    1.52037    1.00272  -0.111299
 0.494856 0.0524448  0.649641 0.0986318 -0.050687  0.695619    0.49522  0.0537787   0.651486  0.0968359 -0.0544441   0.676174  0.263863 -0.101705 -0.378538    -1.849    1.5454    0.9973 -0.114511
0.493814 0.053398 0.649572 0.0981787 -0.051165  0.695262   0.494206  0.0547138    0.65148  0.0964356 -0.0548391   0.675859  0.275117 -0.104837 -0.388015  -1.85971   1.57041  0.992006 -0.117763
 0.492775 0.0543511   0.64952  0.0977247 -0.0516486   0.694897   0.493188   0.055653   0.651474  0.0960335 -0.0552358   0.675543  0.286725 -0.108086 -0.397598  -1.87049   1.59537  0.986829 -0.121049
  0.49173 0.0553014  0.649502  0.0972595 -0.0521413   0.694525   0.492165  0.0565964   0.651467  0.0956297 -0.0556343   0.675225   0.29869 -0.111437 -0.407275  -1.88137   1.62023   0.98177 -0.124364
 0.490669 0.0562529  0.649512  0.0967783 -0.0526448   0.694146   0.491138  0.0575438   0.651461  0.0952242 -0.0560345   0.674906  0.311009 -0.114856 -0.417038  -1.89234   1.64495  0.976843 -0.127704
 0.489593 0.0572136  0.649526  0.0962867 -0.0531582   0.693759   0.490107  0.0584952   0.651455  0.0948169 -0.0564364   0.674586  0.323669 -0.118317 -0.426885  -1.90337   1.66954  0.972065 -0.131066
 0.488512 0.0581882  0.649518  0.0957967 -0.0536792    0.69336   0.489071  0.0594506   0.651449   0.094408 -0.0568399   0.674264  0.336652 -0.121823 -0.436808  -1.91441   1.69398  0.967447  -0.13445
 0.487437 0.0591751   0.64948  0.0953181 -0.0542059   0.692947   0.488032  0.0604098   0.651442  0.0939973 -0.0572451   0.673941  0.349932 -0.125405 -0.446792  -1.92539   1.71827  0.962986 -0.137851
 0.486371 0.0601678  0.649425  0.0948513 -0.0547395   0.692523   0.486988  0.0613729   0.651436  0.0935851 -0.0576519   0.673617  0.363489 -0.129097 -0.456813   -1.9363   1.74238  0.958671 -0.141265
  0.48531 0.0611605   0.64938  0.0943875 -0.0552837   0.692092    0.48594  0.0623397    0.65143  0.0931712 -0.0580603   0.673292  0.377303 -0.132907 -0.466841  -1.94715    1.7663  0.954495 -0.144684
 0.484241 0.0621524  0.649363  0.0939161 -0.0558423   0.691657   0.484887  0.0633103   0.651423  0.0927558 -0.0584703   0.672965  0.391351 -0.136813 -0.476852  -1.95796   1.78998  0.950459 -0.148104
 0.483157 0.0631482  0.649376  0.0934333 -0.0564169   0.691218   0.483831  0.0642846   0.651417  0.0923387 -0.0588818   0.672637  0.405605 -0.140778 -0.486826  -1.96873   1.81341  0.946571 -0.151521
 0.482061 0.0641531  0.649397  0.0929457 -0.0570059   0.690773   0.482771  0.0652624   0.651411  0.0919201 -0.0592949   0.672307  0.420024 -0.144775 -0.496742  -1.97944    1.8366  0.942837 -0.154931
 0.480963 0.0651704  0.649403  0.0924656 -0.0576055   0.690321   0.481708  0.0662438   0.651404     0.0915 -0.0597094   0.671977  0.434566 -0.148809 -0.506572  -1.99006   1.85954  0.939252 -0.158332
 0.479874 0.0661974  0.649383 0.0920016 -0.058213  0.689858    0.48064  0.0672288   0.651398  0.0910784 -0.0601254   0.671645  0.449183 -0.152909 -0.516281  -2.00054   1.88222  0.935803  -0.16172
 0.478795 0.0672295  0.649347  0.0915534 -0.0588283   0.689389   0.479569  0.0682172   0.651391  0.0906553 -0.0605429   0.671312  0.463833 -0.157101 -0.525826  -2.01088   1.90466  0.932472 -0.165092
 0.477718 0.0682631  0.649315  0.0911128 -0.0594538   0.688914   0.478493  0.0692089   0.651385  0.0902308 -0.0609619   0.670979  0.478472 -0.161391 -0.535165  -2.02107   1.92684  0.929247 -0.168443
 0.476633 0.0692982  0.649307  0.0906706 -0.0600921   0.688439   0.477415   0.070204   0.651378  0.0898048 -0.0613822   0.670643  0.493056 -0.165751 -0.544266  -2.03114   1.94875  0.926125 -0.171771
 0.475535 0.0703366  0.649325  0.0902244 -0.0607433   0.687963   0.476333  0.0712024   0.651372  0.0893775 -0.0618039   0.670307  0.507537 -0.170146 -0.553098   -2.0411   1.97039  0.923108 -0.175073
 0.474427 0.0713806  0.649352  0.0897797 -0.0614039   0.687484  0.475247 0.0722041  0.651365 0.0889487 -0.062227   0.66997  0.521865 -0.174553 -0.561631  -2.05094   1.99177  0.920195 -0.178349
  0.47332 0.0724308  0.649368  0.0893459 -0.0620683   0.687002   0.474158  0.0732089   0.651358  0.0885186 -0.0626514   0.669632  0.535996 -0.178976 -0.569834  -2.06065    2.0129  0.917375 -0.181599
  0.47222 0.0734861  0.649362  0.0889286 -0.0627318   0.686516   0.473065  0.0742168   0.651352  0.0880871 -0.0630772   0.669292  0.549888 -0.183439 -0.577671  -2.07021   2.03378  0.914634 -0.184821
 0.471126 0.0745448  0.649342  0.0885261 -0.0633926   0.686027   0.471969  0.0752278   0.651345  0.0876544 -0.0635042   0.668952  0.563505 -0.187962  -0.58511   -2.0796   2.05443  0.911959 -0.188016
  0.47003 0.0756055  0.649324  0.0881306 -0.0640517   0.685538    0.47087  0.0762418   0.651338  0.0872203 -0.0639326    0.66861  0.576815 -0.192544 -0.592129  -2.08884   2.07485  0.909347 -0.191184
 0.468924 0.0766666  0.649323  0.0877341 -0.0647106   0.685052   0.469768  0.0772588   0.651332   0.086785 -0.0643621   0.668268  0.589792 -0.197162 -0.598716  -2.09793   2.09503    0.9068 -0.194325
 0.467807 0.0777274  0.649342  0.0873342 -0.0653686    0.68457   0.468662  0.0782787   0.651325  0.0863484 -0.0647929   0.667925  0.602415 -0.201786 -0.604866  -2.10691   2.11498  0.904328  -0.19744
 0.466681 0.0787872  0.649368  0.0869343 -0.0660221    0.68409   0.467553  0.0793014   0.651318  0.0859106 -0.0652249    0.66758   0.61467 -0.206401 -0.610576  -2.11576    2.1347  0.901935 -0.200533
 0.465556 0.0798465  0.649386  0.0865401 -0.0666662   0.683612   0.466442  0.0803269   0.651312  0.0854717 -0.0656581   0.667235  0.626553 -0.211015 -0.615841  -2.12449   2.15421   0.89962 -0.203604
 0.464434 0.0809069  0.649386  0.0861543 -0.0672968   0.683136   0.465327  0.0813552   0.651305  0.0850315 -0.0660924   0.666889  0.638064 -0.215649 -0.620663  -2.13308    2.1735   0.89738 -0.206654
 0.463313 0.0819693  0.649374  0.0857741 -0.0679135   0.682663    0.46421  0.0823861   0.651298  0.0845902 -0.0665279   0.666541  0.649208 -0.220316 -0.625048  -2.14152   2.19257  0.895213 -0.209687
 0.462186 0.0830338  0.649362  0.0853931 -0.0685185   0.682194   0.463089  0.0834196   0.651291  0.0841478 -0.0669645   0.666193  0.659993 -0.225015 -0.629015  -2.14982   2.21144  0.893127 -0.212703
  0.46105 0.0840986  0.649362  0.0850059 -0.0691144   0.681732   0.461966  0.0844558   0.651284  0.0837043 -0.0674021   0.665845   0.67043 -0.229729 -0.632588  -2.15799   2.23009  0.891132 -0.215704
 0.459903 0.0851602  0.649375  0.0846111 -0.0697026   0.681276    0.46084  0.0854944   0.651278  0.0832597 -0.0678409   0.665495  0.680535 -0.234439  -0.63579  -2.16604   2.24852  0.889239 -0.218692
 0.458753 0.0862172  0.649393  0.0842115 -0.0702818   0.680827   0.459712  0.0865356   0.651271   0.082814 -0.0682806   0.665144   0.69033 -0.239139  -0.63864  -2.17397   2.26674  0.887454 -0.221669
 0.457602 0.0872712  0.649403  0.0838113 -0.0708496   0.680382   0.458581  0.0875791   0.651264  0.0823673 -0.0687214   0.664793  0.699839 -0.243837 -0.641157  -2.18178   2.28474  0.885777 -0.224635
 0.456453 0.0883262  0.649402 0.0834119 -0.071405  0.679942   0.457447   0.088625   0.651257  0.0819196 -0.0691632   0.664441  0.709083  -0.24855 -0.643359  -2.18947   2.30252  0.884206 -0.227591
 0.455303 0.0893854  0.649391  0.0830118 -0.0719489   0.679508  0.456311 0.0896732   0.65125 0.0814709 -0.069606  0.664088  0.718078 -0.253285  -0.64527  -2.19702   2.32008  0.882741 -0.230538
 0.454146 0.0904491   0.64938  0.0826076 -0.0724846   0.679079   0.455172  0.0907236   0.651243  0.0810213 -0.0700497   0.663734  0.726841  -0.25804 -0.646917  -2.20443   2.33742  0.881387 -0.233476
 0.452983 0.0915135  0.649376  0.0821967 -0.0730155   0.678656   0.454031  0.0917762   0.651236  0.0805707 -0.0704943    0.66338  0.735385 -0.262801 -0.648323  -2.21172   2.35454  0.880149 -0.236407
 0.451814 0.0925747  0.649379  0.0817795 -0.0735434    0.67824   0.452888   0.092831   0.651229  0.0801192 -0.0709398   0.663024  0.743728 -0.267558 -0.649508  -2.21887   2.37143  0.879031 -0.239331
 0.450644 0.0936312  0.649385  0.0813587 -0.0740678   0.677829   0.451742  0.0938878   0.651223  0.0796668 -0.0713862   0.662669  0.751886  -0.27231 -0.650482  -2.22592    2.3881  0.878031 -0.242247
 0.449475 0.0946858  0.649386  0.0809367 -0.0745875   0.677423   0.450594  0.0949467   0.651216  0.0792136 -0.0718335   0.662312  0.759876 -0.277063 -0.651254  -2.23284   2.40455  0.877147 -0.245156
 0.448306 0.0957436  0.649381  0.0805148 -0.0751016   0.677021   0.449444  0.0960075   0.651209  0.0787595 -0.0722816   0.661955  0.767707 -0.281826 -0.651838  -2.23965   2.42076  0.876376 -0.248056
 0.447135 0.0968074  0.649369  0.0800919 -0.0756113   0.676625   0.448292  0.0970703   0.651202  0.0783045 -0.0727305   0.661597  0.775383   -0.2866 -0.652248  -2.24633   2.43675  0.875715 -0.250949
 0.445958 0.0978763  0.649357  0.0796664 -0.0761188   0.676233   0.447138  0.0981349   0.651195  0.0778488 -0.0731802   0.661238  0.782907 -0.291381   -0.6525  -2.25288   2.45251  0.875166 -0.253835
 0.444778 0.0989458  0.649347  0.0792375 -0.0766261   0.675846   0.445982  0.0992013   0.651188  0.0773923 -0.0736306   0.660879  0.790284 -0.296162 -0.652604   -2.2593   2.46806   0.87473 -0.256714
0.443595 0.100012 0.649342 0.0788056 -0.077134  0.675464   0.444824   0.100269   0.651181  0.0769351 -0.0740818    0.66052  0.797523 -0.300938 -0.652566   -2.2656   2.48338  0.874406 -0.259586
0.442412 0.101075 0.649338  0.0783723 -0.0776417   0.675086   0.443665   0.101339   0.651174  0.0764771 -0.0745338   0.660159  0.804632 -0.305708 -0.652387   -2.2718   2.49847  0.874194 -0.262449
 0.44123 0.102137 0.649332  0.0779386 -0.0781483   0.674713   0.442503   0.102411   0.651167  0.0760184 -0.0749864   0.659799  0.811616 -0.310477 -0.652071  -2.27788   2.51335  0.874089 -0.265305
0.440046 0.103203 0.649322  0.0775047 -0.0786531   0.674344    0.44134   0.103484   0.651159  0.0755591 -0.0754396   0.659437  0.818476 -0.315246 -0.651627  -2.28386   2.52799  0.874089 -0.268152
0.438859 0.104275  0.64931  0.0770699 -0.0791568   0.673979   0.440175   0.104559   0.651152  0.0750991 -0.0758936   0.659075  0.825212 -0.320015 -0.651065  -2.28972   2.54242  0.874195 -0.270992
0.437668  0.10535 0.649297  0.0766337 -0.0796603   0.673618   0.439009   0.105635   0.651145  0.0746384 -0.0763481   0.658713  0.831823 -0.324779 -0.650393  -2.29547   2.55663  0.874406 -0.273824
0.436475 0.106425 0.649283  0.0761959 -0.0801646   0.673261   0.437841   0.106712   0.651138  0.0741772 -0.0768033    0.65835  0.838314 -0.329535 -0.649616  -2.30111   2.57063  0.874721 -0.276648
0.435282 0.107497 0.649271   0.075757 -0.0806699   0.672908  0.436671  0.107791  0.651131 0.0737154 -0.077259  0.657987   0.84469 -0.334282 -0.648734  -2.30664   2.58441   0.87514 -0.279464
0.434088 0.108568 0.649259  0.0753176 -0.0811757   0.672559     0.4355   0.108871   0.651124   0.073253 -0.0777153   0.657623  0.850953 -0.339022  -0.64775  -2.31206   2.59797   0.87566 -0.282273
0.432893 0.109643 0.649247  0.0748781 -0.0816808   0.672214   0.434328   0.109953   0.651117    0.07279 -0.0781721   0.657259  0.857102 -0.343755  -0.64667  -2.31739   2.61132  0.876279 -0.285073
0.431695  0.11072 0.649234  0.0744377 -0.0821859   0.671873   0.433154   0.111036    0.65111  0.0723266 -0.0786294   0.656894  0.863138 -0.348479   -0.6455  -2.32263   2.62446  0.876998 -0.287864
0.430496 0.111797 0.649221  0.0739961 -0.0826919   0.671535   0.431979   0.112119   0.651103  0.0718626 -0.0790873    0.65653  0.869065 -0.353191 -0.644245  -2.32776   2.63739  0.877816 -0.290648
0.429296 0.112872 0.649206  0.0735532 -0.0831991   0.671201   0.430803   0.113204   0.651096  0.0713982 -0.0795455   0.656164  0.874887 -0.357891 -0.642905   -2.3328   2.65011  0.878732 -0.293423
0.428095 0.113946 0.649192  0.0731094 -0.0837073    0.67087   0.429626    0.11429   0.651088  0.0709334 -0.0800042   0.655799  0.880608 -0.362577 -0.641484  -2.33775   2.66262  0.879746  -0.29619
0.426893 0.115021 0.649177  0.0726653 -0.0842154   0.670542   0.428448   0.115377   0.651081  0.0704681 -0.0804634   0.655432   0.88623 -0.367248 -0.639985  -2.34261   2.67492  0.880855 -0.298949
0.425689 0.116099 0.649162  0.0722209 -0.0847232   0.670218   0.427269   0.116465   0.651074  0.0700024 -0.0809229   0.655066  0.891752 -0.371907 -0.638415  -2.34738   2.68701  0.882059   -0.3017
0.424484 0.117179 0.649147 0.0717762 -0.085231  0.669897   0.426088   0.117554   0.651067  0.0695363 -0.0813828     0.6547  0.897173 -0.376551  -0.63678  -2.35206    2.6989  0.883356 -0.304441
0.423278 0.118259 0.649132  0.0713306 -0.0857399    0.66958  0.424907  0.118644   0.65106 0.0690699 -0.081843  0.654333  0.902496  -0.38118 -0.635082  -2.35666   2.71059  0.884747 -0.307175
0.422071 0.119338 0.649116  0.0708844 -0.0862501   0.669264   0.423725   0.119734   0.651053  0.0686032 -0.0823036   0.653966  0.907724 -0.385791 -0.633321  -2.36118   2.72207  0.886231   -0.3099
0.420863 0.120414 0.649099  0.0704375 -0.0867613   0.668952   0.422543   0.120825   0.651046  0.0681361 -0.0827645   0.653598  0.912861 -0.390384 -0.631499  -2.36562   2.73335  0.887805 -0.312616
0.419655 0.121492 0.649081  0.0699904 -0.0872729   0.668642   0.421359   0.121917   0.651038  0.0676688 -0.0832256   0.653231  0.917907 -0.394959 -0.629618  -2.36998   2.74443   0.88947 -0.315324
0.418446 0.122571 0.649063  0.0695432 -0.0877843   0.668336  0.420175  0.123009  0.651031 0.0672012 -0.083687  0.652863  0.922862 -0.399517 -0.627683  -2.37426   2.75531  0.891225 -0.318023
0.417235 0.123653 0.649046  0.0690957 -0.0882956   0.668032   0.418991   0.124102   0.651024  0.0667334 -0.0841486   0.652495  0.927726 -0.404057 -0.625701  -2.37846     2.766  0.893068 -0.320714
0.416023 0.124735 0.649029  0.0686478 -0.0888077   0.667731   0.417805   0.125195   0.651017  0.0662654 -0.0846105   0.652127    0.9325 -0.408577 -0.623674   -2.3826   2.77648  0.894999 -0.323396
0.414811 0.125815 0.649011 0.0681994 -0.089321  0.667432    0.41662   0.126289    0.65101  0.0657972 -0.0850725   0.651758  0.937187 -0.413077 -0.621602  -2.38666   2.78677  0.897018 -0.326069
  0.4136 0.126893 0.648992  0.0677505 -0.0898354   0.667135   0.415434   0.127383   0.651002  0.0653288 -0.0855347    0.65139  0.941791 -0.417557 -0.619485  -2.39065   2.79687  0.899122 -0.328734
0.412388  0.12797 0.648973  0.0673015 -0.0903502    0.66684  0.414247  0.128478  0.650995 0.0648603 -0.085997  0.651021  0.946312 -0.422015 -0.617325  -2.39457   2.80677  0.901313 -0.331389
0.411174  0.12905 0.648953  0.0668523 -0.0908649   0.666548    0.41306   0.129573   0.650988  0.0643917 -0.0864595   0.650653  0.950751 -0.426452 -0.615126  -2.39843   2.81648  0.903588 -0.334036
 0.40996 0.130131 0.648933  0.0664031 -0.0913796   0.666258  0.411873  0.130668  0.650981 0.0639229 -0.086922  0.650284  0.955107 -0.430868 -0.612894  -2.40221     2.826  0.905947 -0.336674
0.408745 0.131212 0.648913  0.0659538 -0.0918946   0.665971   0.410686   0.131763   0.650974  0.0634541 -0.0873846   0.649915  0.959381 -0.435263 -0.610631  -2.40593   2.83533   0.90839 -0.339304
0.407531 0.132291 0.648894   0.065504 -0.0924106   0.665685   0.409499   0.132858   0.650967  0.0629853 -0.0878472   0.649546  0.963575 -0.439635 -0.608337   -2.4096   2.84447  0.910915 -0.341925
0.406317 0.133368 0.648874   0.065054 -0.0929276   0.665401   0.408312   0.133953   0.650959  0.0625164 -0.0883099   0.649177  0.967693 -0.443983 -0.606011  -2.41319   2.85343  0.913522 -0.344537
0.405103 0.134443 0.648853  0.064604 -0.093445  0.665119   0.407124   0.135049   0.650952  0.0620476 -0.0887726   0.648809  0.971737 -0.448309 -0.603655  -2.41673   2.86219   0.91621  -0.34714
0.403888  0.13552 0.648832  0.0641539 -0.0939622   0.664839   0.405937   0.136144   0.650945  0.0615787 -0.0892352    0.64844  0.975706 -0.452611 -0.601273  -2.42021   2.87078  0.918979 -0.349734
0.402672 0.136598 0.648811  0.0637038 -0.0944793   0.664561    0.40475   0.137239   0.650938  0.0611099 -0.0896978   0.648071  0.979599 -0.456891 -0.598869  -2.42364   2.87918  0.921828 -0.352319
0.401456 0.137676 0.648789  0.0632537 -0.0949965   0.664284   0.403563   0.138334   0.650931  0.0606412 -0.0901604   0.647702  0.983419 -0.461146 -0.596445    -2.427   2.88739  0.924756 -0.354896
0.400241 0.138752 0.648768  0.0628035 -0.0955144    0.66401   0.402376   0.139429   0.650923  0.0601725 -0.0906228   0.647334  0.987166 -0.465377 -0.594001  -2.43031   2.89543  0.927762 -0.357464
0.399027 0.139826 0.648746  0.0623534 -0.0960329   0.663736    0.40119   0.140524   0.650916   0.059704 -0.0910851   0.646965  0.990843 -0.469584 -0.591536  -2.43357   2.90329  0.930847 -0.360023
0.397813 0.140898 0.648724  0.0619032 -0.0965517   0.663464   0.400004   0.141618   0.650909  0.0592357 -0.0915473   0.646597  0.994452 -0.473766 -0.589052  -2.43677   2.91097  0.934008 -0.362574
0.396599  0.14197 0.648702  0.0614531 -0.0970703   0.663194   0.398818   0.142712   0.650902  0.0587674 -0.0920093   0.646228  0.997994 -0.477924 -0.586551  -2.43992   2.91848  0.937246 -0.365116
0.395385 0.143043  0.64868   0.061003 -0.0975888   0.662925   0.397633   0.143805   0.650895  0.0582994 -0.0924712    0.64586   1.00147 -0.482057 -0.584037  -2.44302   2.92581   0.94056 -0.367649
 0.39417 0.144115 0.648658  0.0605531 -0.0981072   0.662658   0.396448   0.144898   0.650887  0.0578316 -0.0929328   0.645492   1.00488 -0.486164 -0.581512  -2.44607   2.93297   0.94395 -0.370174
0.392956 0.145186 0.648636  0.0601034 -0.0986257   0.662392   0.395264    0.14599    0.65088   0.057364 -0.0933942   0.645124   1.00822 -0.490247 -0.578977  -2.44907   2.93995  0.947414  -0.37269
0.391741  0.14626 0.648613  0.0596548 -0.0991438   0.662127   0.394081   0.147082   0.650873  0.0568967 -0.0938554   0.644757   1.01148 -0.494304 -0.576433  -2.45203   2.94678  0.950952 -0.375198
0.390519 0.147352 0.648592    0.05921 -0.0996593   0.661864   0.392898   0.148173   0.650866  0.0564297 -0.0943162   0.644389   1.01465 -0.498335 -0.573897  -2.45493   2.95344  0.954557 -0.377699
0.389299 0.148438 0.648569 0.0587647 -0.100176  0.661602   0.391716   0.149263   0.650859  0.0559629 -0.0947768   0.644022   1.01772 -0.502341 -0.571363  -2.45779   2.95995  0.958232 -0.380193
0.387983 0.149642 0.648556 0.0583103 -0.100701   0.66134  0.390535  0.150353  0.650852 0.0554965 -0.095237  0.643655   1.02054  -0.50621 -0.568981  -2.46051   2.96642  0.961964 -0.382694
0.386564 0.150983 0.648557 0.0578519  -0.10123  0.661079   0.389355   0.151442   0.650844  0.0550305 -0.0956969   0.643289   1.02292 -0.509837 -0.566912  -2.46301   2.97298  0.965738 -0.385217
0.385161 0.152314  0.64855 0.0574027  -0.10176  0.660822   0.388176   0.152529   0.650837  0.0545648 -0.0961565   0.642922   1.02486  -0.51325 -0.565115  -2.46531   2.97964  0.969534 -0.387765
0.383897 0.153478 0.648514 0.0569691 -0.102292  0.660573   0.386997   0.153616    0.65083  0.0540995 -0.0966156   0.642556   1.02656 -0.516598 -0.563347  -2.46752   2.98635  0.973331 -0.390327
0.382783 0.154449  0.64846 0.0565422 -0.102828  0.660332    0.38582   0.154702   0.650823  0.0536346 -0.0970743   0.642191   1.02829 -0.520023 -0.561362  -2.46977   2.99303  0.977126 -0.392892
 0.38171 0.155345 0.648425 0.0561036 -0.103366  0.660098   0.384644   0.155787   0.650816  0.0531702 -0.0975326   0.641825    1.0302  -0.52355 -0.559121  -2.47214   2.99965  0.980947 -0.395457
 0.38055 0.156317 0.648436 0.0556419 -0.103898  0.659867   0.383469   0.156871   0.650809  0.0527063 -0.0979904    0.64146   1.03221 -0.527082 -0.556813  -2.47459   3.00625  0.984841 -0.398031
0.379261 0.157429 0.648475 0.0551645 -0.104424  0.659633   0.382296   0.157954   0.650802  0.0522428 -0.0984477   0.641096   1.03417 -0.530495 -0.554673  -2.47702    3.0129  0.988841 -0.400625
0.377919 0.158617 0.648489 0.0546934 -0.104944  0.659394   0.381123   0.159035   0.650795  0.0517799 -0.0989045   0.640732   1.03596 -0.533755 -0.552775  -2.47934   3.01964  0.992943 -0.403244
 0.37664 0.159762 0.648437 0.0542469 -0.105459  0.659149   0.379952   0.160116   0.650787  0.0513175 -0.0993608   0.640368   1.03762 -0.536949 -0.550975  -2.48151   3.02645  0.997109 -0.405885
0.375477 0.160796  0.64833 0.0538245 -0.105974  0.658905   0.378783   0.161195    0.65078  0.0508556 -0.0998166   0.640005   1.03925 -0.540207 -0.549052  -2.48357   3.03327    1.0013 -0.408537
0.374384 0.161752 0.648231 0.0534069 -0.106488  0.658666  0.377615  0.162272  0.650773 0.0503944 -0.100272  0.639642   1.04096 -0.543594 -0.546903  -2.48562   3.04006   1.00552 -0.411194
0.373259 0.162719 0.648203 0.0529718 -0.107003  0.658435  0.376448  0.163348  0.650766 0.0499338 -0.100726   0.63928   1.04276 -0.547056 -0.544621  -2.48773   3.04682    1.0098 -0.413857
 0.37204 0.163759 0.648253 0.0525121 -0.107523  0.658206  0.375283  0.164423  0.650759 0.0494737  -0.10118  0.638918   1.04455 -0.550467 -0.542401  -2.48993   3.05361   1.01418 -0.416534
0.370751 0.164859 0.648321 0.0520413 -0.108048  0.657973   0.37412  0.165496  0.650752 0.0490144 -0.101633  0.638556   1.04626 -0.553743 -0.540358  -2.49216   3.06045   1.01868 -0.419231
0.369477 0.165954 0.648333 0.0515818 -0.108572  0.657733  0.372959  0.166567  0.650745 0.0485557 -0.102086  0.638196   1.04787 -0.556906 -0.538434  -2.49432   3.06735   1.02327 -0.421948
0.368284 0.166993 0.648256 0.0511466 -0.109088  0.657488  0.371799  0.167637  0.650738 0.0480978 -0.102538  0.637835   1.04945 -0.560064 -0.536467  -2.49638   3.07427   1.02791 -0.424678
0.367163 0.167983  0.64813 0.0507291 -0.109592  0.657245  0.370641  0.168705  0.650731 0.0476405 -0.102989  0.637476   1.05107  -0.56332 -0.534338  -2.49832   3.08117   1.03257 -0.427414
0.366043 0.168975 0.648035 0.0503098 -0.110087   0.65701 0.369485 0.169772 0.650724 0.047184 -0.10344 0.637117   1.05273 -0.566688 -0.532078  -2.50021   3.08806   1.03727 -0.430157
0.364862 0.170006 0.648024 0.0498724 -0.110585  0.656781  0.368331  0.170837  0.650717 0.0467283 -0.103889  0.636758    1.0544 -0.570081 -0.529825  -2.50213   3.09495   1.04203  -0.43291
0.363616  0.17107 0.648083 0.0494165 -0.111097  0.656552  0.367179  0.171899   0.65071 0.0462734 -0.104338    0.6364     1.056 -0.573389 -0.527697  -2.50411   3.10187    1.0469 -0.435678
 0.36236 0.172123 0.648144 0.0489569 -0.111623  0.656317  0.366029   0.17296  0.650703 0.0458193 -0.104786  0.636043   1.05752 -0.576566 -0.525686  -2.50612   3.10884   1.05188 -0.438464
0.361156 0.173133 0.648137 0.0485107  -0.11215  0.656074  0.364881  0.174019  0.650696  0.045366 -0.105234  0.635686   1.05901 -0.579665 -0.523675  -2.50809   3.11582   1.05694 -0.441262
0.360018 0.174108 0.648053 0.0480838 -0.112662  0.655832  0.363736  0.175076  0.650689 0.0449136  -0.10568  0.635331   1.06053 -0.582787 -0.521551  -2.50997    3.1228   1.06204 -0.444069
  0.3589 0.175091 0.647942  0.047667 -0.113153  0.655595  0.362592  0.176131  0.650682 0.0444621 -0.106126  0.634975   1.06208 -0.585999 -0.519305  -2.51176   3.12976   1.06716 -0.446881
0.357748 0.176112 0.647875 0.0472448 -0.113633  0.655365  0.361451  0.177183  0.650675 0.0440116  -0.10657  0.634621   1.06365 -0.589283 -0.517033  -2.51349   3.13671   1.07233 -0.449701
 0.35654 0.177162 0.647881 0.0468078 -0.114122  0.655139  0.360313  0.178234  0.650668 0.0435619 -0.107014  0.634267   1.06516 -0.592553 -0.514846  -2.51524   3.14369   1.07757 -0.452533
0.355309 0.178198 0.647931 0.0463598  -0.11463   0.65491  0.359177  0.179282  0.650662 0.0431132 -0.107457  0.633914   1.06661  -0.59573 -0.512767  -2.51703    3.1507   1.08291 -0.455379
0.354109 0.179187 0.647964 0.0459136 -0.115153  0.654673  0.358043  0.180328  0.650655 0.0426655 -0.107898  0.633562   1.06801 -0.598804  -0.51072  -2.51883   3.15772   1.08835 -0.458238
0.352962 0.180137 0.647938 0.0454799 -0.115672  0.654433  0.356912  0.181371  0.650648 0.0422188 -0.108339  0.633211   1.06944 -0.601833 -0.508602   -2.5206   3.16473   1.09385 -0.461104
0.351847 0.181089 0.647859 0.0450595  -0.11617  0.654197  0.355783  0.182412  0.650641 0.0417732 -0.108779   0.63286   1.07091 -0.604896 -0.506375   -2.5223   3.17172   1.09939 -0.463976
0.350716 0.182079 0.647776 0.0446437 -0.116647  0.653968  0.354657  0.183451  0.650634 0.0413286 -0.109218   0.63251    1.0724 -0.608026 -0.504097  -2.52392    3.1787   1.10496 -0.466854
0.349543 0.183108 0.647733 0.0442223 -0.117116  0.653745  0.353534  0.184487  0.650627  0.040885 -0.109655  0.632162   1.07385  -0.61119 -0.501867   -2.5255   3.18569   1.11058 -0.469741
0.348342 0.184136 0.647739 0.0437917 -0.117599  0.653521  0.352414  0.185521  0.650621 0.0404426 -0.110092  0.631813   1.07524 -0.614321 -0.499732  -2.52707    3.1927   1.11627  -0.47264
0.347153 0.185123 0.647764 0.0433566 -0.118101  0.653291  0.351296  0.186552  0.650614 0.0400013 -0.110527  0.631466   1.07659 -0.617373 -0.497649  -2.52866   3.19971   1.12205 -0.475548
0.346006 0.186061 0.647768 0.0429256 -0.118612  0.653058  0.350182   0.18758  0.650607 0.0395612 -0.110962   0.63112   1.07795 -0.620357 -0.495534  -2.53024   3.20672    1.1279 -0.478465
0.344893 0.186981  0.64773 0.0425039 -0.119113  0.652825   0.34907  0.188605    0.6506 0.0391222 -0.111395  0.630775   1.07934 -0.623322 -0.493331   -2.5318   3.21371   1.13382 -0.481387
 0.34378 0.187929 0.647667 0.0420902 -0.119593  0.652598  0.347961  0.189628  0.650594 0.0386844 -0.111827   0.63043   1.08075 -0.626316 -0.491067  -2.53329   3.22067   1.13977 -0.484313
0.342637 0.188919 0.647611 0.0416782 -0.120057  0.652377  0.346856  0.190648  0.650587 0.0382478 -0.112258  0.630087   1.08215 -0.629349 -0.488818  -2.53473   3.22763   1.14576 -0.487246
0.341466 0.189927 0.647584 0.0412626  -0.12052  0.652158  0.345753  0.191665   0.65058 0.0378125 -0.112687  0.629745   1.08351 -0.632385 -0.486641  -2.53612    3.2346    1.1518 -0.490188
0.340296  0.19091  0.64758 0.0408429 -0.120996  0.651937  0.344654  0.192679  0.650574 0.0373785 -0.113116  0.629403   1.08481 -0.635383 -0.484525   -2.5375   3.24156   1.15791 -0.493138
0.339155 0.191845  0.64758 0.0404226 -0.121487  0.651711  0.343558   0.19369  0.650567 0.0369457 -0.113543  0.629063    1.0861 -0.638323 -0.482408  -2.53887   3.24852   1.16409 -0.496095
0.338046 0.192748 0.647563 0.0400064 -0.121981  0.651485  0.342466  0.194698   0.65056 0.0365143 -0.113968  0.628723   1.08741 -0.641222 -0.480231  -2.54023   3.25546   1.17034 -0.499057
0.336947 0.193657 0.647526 0.0395961 -0.122461  0.651262  0.341377  0.195703  0.650554 0.0360841 -0.114393  0.628385   1.08875 -0.644112 -0.477994  -2.54155   3.26237   1.17663 -0.502022
0.335831 0.194599 0.647483 0.0391901 -0.122924  0.651045  0.340291  0.196704  0.650547 0.0356554 -0.114816  0.628048   1.09009 -0.647017  -0.47575  -2.54284   3.26926   1.18297 -0.504992
0.334691 0.195568 0.647447 0.0387854 -0.123377  0.650832  0.339209  0.197703  0.650541  0.035228 -0.115238  0.627712    1.0914 -0.649931 -0.473553  -2.54408   3.27615   1.18935 -0.507968
0.333544 0.196533 0.647425 0.0383797 -0.123834  0.650619   0.33813  0.198698  0.650534  0.034802 -0.115658  0.627376   1.09266  -0.65283 -0.471415  -2.54528   3.28303   1.19578  -0.51095
0.332416 0.197462 0.647409 0.0379735 -0.124302  0.650402  0.337055   0.19969  0.650528 0.0343775 -0.116077  0.627042   1.09389 -0.655693 -0.469294  -2.54645   3.28989   1.20226 -0.513938
0.331315 0.198355 0.647391 0.0375683 -0.124777  0.650184  0.335984  0.200678  0.650521 0.0339544 -0.116494   0.62671   1.09514 -0.658516  -0.46714   -2.5476   3.29674   1.20881  -0.51693
 0.33023 0.199236 0.647366 0.0371663 -0.125248  0.649968  0.334916  0.201663  0.650515 0.0335328  -0.11691  0.626378    1.0964 -0.661314 -0.464936  -2.54874   3.30355    1.2154 -0.519924
0.329137 0.200134 0.647337 0.0367678 -0.125707  0.649757  0.333852  0.202644  0.650508 0.0331127 -0.117325  0.626048   1.09768 -0.664102 -0.462714  -2.54984   3.31034   1.22204 -0.522921
0.328025 0.201058 0.647308 0.0363724 -0.126153   0.64955  0.332792  0.203622  0.650502 0.0326941 -0.117738  0.625718   1.09893 -0.666887 -0.460521  -2.55092   3.31711   1.22872 -0.525923
0.326905 0.201988 0.647281 0.0359789 -0.126597  0.649345  0.331736  0.204596  0.650495 0.0322771  -0.11815   0.62539   1.10015 -0.669662 -0.458377  -2.55195   3.32386   1.23544 -0.528928
0.325796 0.202899 0.647256 0.0355865 -0.127044  0.649139  0.330684  0.205567  0.650489 0.0318616  -0.11856  0.625063   1.10133 -0.672416 -0.456259  -2.55295    3.3306   1.24221 -0.531938
0.324709 0.203777  0.64723 0.0351953 -0.127498  0.648932  0.329636  0.206534  0.650483 0.0314477 -0.118968  0.624738   1.10251  -0.67514 -0.454126  -2.55392   3.33731   1.24902  -0.53495
0.323639 0.204636 0.647203 0.0348057 -0.127952  0.648725  0.328592  0.207497  0.650476 0.0310355 -0.119375  0.624414   1.10371 -0.677838 -0.451957  -2.55485   3.34399   1.25587 -0.537963
0.322568 0.205499 0.647177 0.0344184 -0.128399  0.648522  0.327552  0.208456   0.65047 0.0306249  -0.11978  0.624091   1.10492 -0.680516 -0.449768  -2.55577   3.35063   1.26276 -0.540978
0.321484 0.206378 0.647154 0.0340338 -0.128836  0.648323  0.326516  0.209412  0.650464 0.0302159 -0.120183  0.623769   1.10612 -0.683178 -0.447594  -2.55666   3.35725    1.2697 -0.543994
0.320391 0.207268 0.647131 0.0336522 -0.129267  0.648127  0.325485  0.210363  0.650457 0.0298087 -0.120585  0.623448   1.10729 -0.685825  -0.44546  -2.55752   3.36384   1.27666 -0.547013
0.319305 0.208147 0.647105 0.0332734 -0.129698  0.647931  0.324458   0.21131  0.650451 0.0294031 -0.120986  0.623129   1.10844 -0.688453 -0.443354  -2.55835   3.37041   1.28367 -0.550034
0.318236 0.209002 0.647074 0.0328967 -0.130131  0.647735  0.323436  0.212254  0.650445 0.0289993 -0.121384  0.622812   1.10957 -0.691058 -0.441247  -2.55914   3.37695    1.2907 -0.553056
0.317185 0.209837 0.647042 0.0325218 -0.130564  0.647539  0.322417  0.213193  0.650439 0.0285973 -0.121781  0.622496   1.11071 -0.693641 -0.439115  -2.55989   3.38345   1.29777 -0.556077
0.316136 0.210668 0.647013 0.0321487 -0.130994  0.647346  0.321404  0.214128  0.650433  0.028197 -0.122176  0.622181   1.11186 -0.696204 -0.436964  -2.56062   3.38991   1.30487 -0.559098
0.315079 0.211506 0.646989 0.0317776 -0.131416  0.647158  0.320395  0.215059  0.650427 0.0277985 -0.122569  0.621867   1.11301 -0.698746 -0.434821  -2.56132   3.39633     1.312 -0.562119
0.314014 0.212353 0.646969 0.0314095 -0.131832  0.646972   0.31939  0.215986   0.65042 0.0274019  -0.12296  0.621555   1.11414 -0.701266  -0.43271    -2.562   3.40272   1.31916  -0.56514
0.312952 0.213193 0.646947 0.0310447 -0.132246  0.646787  0.318391  0.216908  0.650414 0.0270071  -0.12335  0.621245   1.11524 -0.703762 -0.430628  -2.56266   3.40909   1.32635 -0.568161
0.311904 0.214017 0.646918 0.0306831  -0.13266  0.646603  0.317396  0.217826  0.650408 0.0266142 -0.123738  0.620936   1.11633 -0.706237 -0.428553  -2.56328   3.41541   1.33355 -0.571181
0.310873 0.214822 0.646884  0.030324 -0.133072   0.64642  0.316406  0.218739  0.650402 0.0262232 -0.124123  0.620628   1.11743  -0.70869 -0.426462  -2.56386   3.42169   1.34078 -0.574199
0.309849 0.215619  0.64685  0.029967 -0.133481  0.646239   0.31542  0.219648  0.650396 0.0258341 -0.124507  0.620322   1.11853 -0.711124 -0.424355  -2.56442   3.42793   1.34803 -0.577213
0.308819 0.216418 0.646823  0.029612 -0.133885  0.646061   0.31444  0.220553   0.65039 0.0254469 -0.124889  0.620017   1.11964 -0.713537 -0.422253  -2.56494   3.43412   1.35529 -0.580226
0.307782 0.217222 0.646802 0.0292596 -0.134283  0.645887  0.313464  0.221452  0.650385 0.0250618  -0.12527  0.619714   1.12072 -0.715926 -0.420176  -2.56545   3.44027   1.36257 -0.583236
0.306745 0.218022 0.646781 0.0289106 -0.134677  0.645715  0.312494  0.222348  0.650379 0.0246786 -0.125648  0.619413   1.12179 -0.718287 -0.418129  -2.56593   3.44639   1.36987 -0.586244
0.305722 0.218808 0.646756 0.0285651  -0.13507  0.645544  0.311529  0.223238  0.650373 0.0242974 -0.126024  0.619113   1.12284 -0.720623 -0.416094  -2.56638   3.45246   1.37717 -0.589248
0.304714 0.219577 0.646724 0.0282229 -0.135461  0.645373  0.310569  0.224124  0.650367 0.0239183 -0.126398  0.618815   1.12389 -0.722936 -0.414052  -2.56681   3.45848   1.38449 -0.592248
0.303714 0.220336 0.646689 0.0278832 -0.135849  0.645205  0.309614  0.225005  0.650361 0.0235412  -0.12677  0.618518   1.12494 -0.725228 -0.411996   -2.5672   3.46445   1.39181 -0.595242
0.302712 0.221095 0.646658 0.027546 -0.13623 0.645041  0.308664  0.225881  0.650355 0.0231662  -0.12714  0.618223     1.126 -0.727501 -0.409942  -2.56757   3.47038   1.39913 -0.598232
0.301703 0.221856 0.646633 0.0272115 -0.136607  0.644879   0.30772  0.226752   0.65035 0.0227934 -0.127508   0.61793   1.12705 -0.729748  -0.40791  -2.56791   3.47625   1.40645 -0.601216
0.300695 0.222613 0.646611 0.0268801 -0.136979   0.64472  0.306781  0.227618  0.650344 0.0224226 -0.127874  0.617638   1.12807 -0.731967 -0.405907  -2.56823   3.48208   1.41377 -0.604195
0.299696 0.223358 0.646588 0.0265524  -0.13735  0.644563  0.305848  0.228479  0.650338 0.0220541 -0.128237  0.617348   1.12908 -0.734158 -0.403922  -2.56853   3.48787   1.42109 -0.607168
0.298713 0.224087 0.646558 0.0262283 -0.137717  0.644406   0.30492  0.229335  0.650333 0.0216877 -0.128599   0.61706   1.13009 -0.736323 -0.401935  -2.56881   3.49359   1.42841 -0.610134
0.297739 0.224804 0.646525 0.0259073 -0.138081  0.644252  0.303998  0.230186  0.650327 0.0213235 -0.128958  0.616774    1.1311 -0.738465  -0.39994  -2.56906   3.49927   1.43571 -0.613092
0.296766 0.225519 0.646492  0.025589 -0.138439  0.644101  0.303081  0.231031  0.650322 0.0209615 -0.129316  0.616489   1.13211 -0.740587 -0.397944  -2.56929   3.50488   1.44299 -0.616041
0.295789 0.226234 0.646464 0.0252737 -0.138791  0.643954   0.30217  0.231871  0.650316 0.0206018 -0.129671  0.616206   1.13311 -0.742683 -0.395967  -2.56949   3.51045   1.45026 -0.618982
 0.29481 0.226947  0.64644 0.0249617 -0.139139  0.643809  0.301265  0.232707  0.650311 0.0202443 -0.130023  0.615925    1.1341 -0.744752 -0.394018  -2.56967   3.51596   1.45752 -0.621915
0.293839 0.227648 0.646415 0.0246534 -0.139484  0.643665  0.300366  0.233536  0.650305 0.0198892 -0.130374  0.615646   1.13507  -0.74679 -0.392091  -2.56984   3.52142   1.46475 -0.624838
0.292881 0.228334 0.646388 0.0243488 -0.139826  0.643524  0.299472   0.23436    0.6503 0.0195364 -0.130722  0.615368   1.13603 -0.748802 -0.390168  -2.56999   3.52682   1.47195 -0.627751
0.291936 0.229007 0.646356 0.0240475 -0.140164  0.643384  0.298585  0.235179  0.650294 0.0191859 -0.131068  0.615092   1.13699 -0.750788  -0.38824  -2.57012   3.53216   1.47913 -0.630653
0.290993 0.229675 0.646323 0.0237493 -0.140496  0.643247  0.297703  0.235992  0.650289 0.0188378 -0.131411  0.614818   1.13796 -0.752752 -0.386312  -2.57022   3.53744   1.48628 -0.633543
0.290047 0.230342 0.646293 0.0234543 -0.140823  0.643113  0.296828    0.2368  0.650284 0.0184921 -0.131752  0.614546   1.13892  -0.75469   -0.3844  -2.57031   3.54266   1.49338 -0.636421
  0.2891 0.231007 0.646267 0.0231627 -0.141144  0.642983  0.295959  0.237602  0.650278 0.0181488 -0.132091  0.614276   1.13986 -0.756601 -0.382515  -2.57038   3.54782   1.50045 -0.639286
0.288159 0.231662 0.646241 0.0228751 -0.141461  0.642854  0.295095  0.238398  0.650273 0.0178079 -0.132427  0.614008   1.14079 -0.758482 -0.380653  -2.57044   3.55292   1.50748 -0.642138
0.287231 0.232302 0.646214 0.0225911 -0.141775  0.642727  0.294238  0.239189  0.650268 0.0174695 -0.132761  0.613742    1.1417 -0.760334 -0.378802  -2.57048   3.55797   1.51447 -0.644977
0.286314 0.232929 0.646183 0.0223107 -0.142085  0.642602  0.293388  0.239974  0.650263 0.0171336 -0.133093  0.613478  1.14262 -0.76216 -0.37695 -2.57051  3.56295  1.52141  -0.6478
0.285404 0.233549 0.646151 0.0220335  -0.14239  0.642479  0.292543  0.240753  0.650258 0.0168002 -0.133422  0.613216   1.14354 -0.763962 -0.375099  -2.57052   3.56786   1.52829 -0.650607
0.284492 0.234166 0.646121 0.0217595 -0.142688   0.64236  0.291706  0.241526  0.650253 0.0164693 -0.133748  0.612955   1.14445 -0.765738 -0.373261  -2.57052   3.57271   1.53512 -0.653399
0.283579  0.23478 0.646093 0.0214891 -0.142981  0.642243  0.290874  0.242293  0.650248  0.016141 -0.134072  0.612697   1.14535 -0.767486 -0.371448  -2.57051    3.5775   1.54189 -0.656173
 0.28267 0.235387 0.646066 0.0212228 -0.143269  0.642128  0.290049  0.243054  0.650243 0.0158152 -0.134394  0.612441   1.14624 -0.769205 -0.369661  -2.57049   3.58223    1.5486 -0.658931
0.281773  0.23598 0.646039 0.0209603 -0.143553  0.642016  0.289231  0.243808  0.650238 0.0154921 -0.134713  0.612187   1.14711 -0.770895 -0.367889  -2.57045   3.58689   1.55524  -0.66167
0.280889 0.236559 0.646008 0.0207015 -0.143834  0.641905  0.288419  0.244557  0.650233 0.0151716 -0.135029  0.611934   1.14797 -0.772559  -0.36612  -2.57041   3.59149   1.56182  -0.66439
0.280012  0.23713 0.645977 0.0204457 -0.144108  0.641796  0.287614    0.2453  0.650228 0.0148537 -0.135343  0.611684   1.14884 -0.774197 -0.364354  -2.57037   3.59602   1.56833  -0.66709
0.279136 0.237695 0.645947 0.0201933 -0.144377  0.641691  0.286816  0.246036  0.650223 0.0145385 -0.135654  0.611436   1.14971 -0.775811   -0.3626  -2.57031   3.60048   1.57476 -0.669769
0.278259 0.238258 0.645919 0.0199444 -0.144641  0.641587  0.286025  0.246766  0.650218  0.014226 -0.135962  0.611191   1.15056 -0.777396 -0.360869  -2.57024   3.60488   1.58111 -0.672427
0.277387 0.238815 0.645892 0.0196996 -0.144899  0.641486   0.28524   0.24749  0.650214 0.0139162 -0.136268  0.610947   1.15139 -0.778951 -0.359165  -2.57017   3.60922   1.58739 -0.675063
0.276524  0.23936 0.645863 0.0194588 -0.145153  0.641387  0.284463  0.248207  0.650209 0.0136092 -0.136571  0.610705   1.15221 -0.780479 -0.357479   -2.5701   3.61349   1.59358 -0.677677
0.275674 0.239891 0.645834 0.0192215 -0.145402   0.64129  0.283692  0.248918  0.650204 0.0133049 -0.136871  0.610466   1.15302 -0.781981 -0.355801  -2.57002   3.61769   1.59969 -0.680267
0.274834 0.240412 0.645803 0.0189875 -0.145647  0.641194  0.282929  0.249622    0.6502 0.0130034 -0.137168  0.610229   1.15384 -0.783458 -0.354127  -2.56994   3.62182   1.60571 -0.682833
0.273997 0.240927 0.645773 0.0187564 -0.145886  0.641102  0.282173   0.25032  0.650195 0.0127047 -0.137463  0.609994   1.15465  -0.78491 -0.352465  -2.56985   3.62589   1.61164 -0.685373
 0.27316 0.241439 0.645746 0.0185289 -0.146119  0.641011  0.281423  0.251011   0.65019 0.0124089 -0.137755  0.609761   1.15545 -0.786335 -0.350825  -2.56977   3.62989   1.61748 -0.687887
0.272326 0.241945 0.645719 0.0183053 -0.146347  0.640922  0.280681  0.251696  0.650186 0.0121159 -0.138044  0.609531   1.15623 -0.787731 -0.349211  -2.56968   3.63382   1.62322 -0.690375
0.271502 0.242441 0.645691 0.0180857  -0.14657  0.640835  0.279947  0.252373  0.650181 0.0118259  -0.13833  0.609303   1.15699   -0.7891 -0.347619  -2.56959   3.63769   1.62887 -0.692837
0.270691 0.242924 0.645661 0.0178697 -0.146789   0.64075   0.27922  0.253044  0.650177 0.0115387 -0.138614  0.609077   1.15775 -0.790443 -0.346038   -2.5695   3.64149   1.63443  -0.69527
 0.26989 0.243396 0.645631 0.0176568 -0.147003  0.640667    0.2785  0.253708  0.650173 0.0112544 -0.138894  0.608853    1.1585 -0.791763 -0.344464  -2.56941   3.64523   1.63988 -0.697675
0.269095 0.243862 0.645602 0.0174468 -0.147212  0.640586  0.277787  0.254365  0.650168 0.0109731 -0.139172  0.608632   1.15925  -0.79306 -0.342901  -2.56932    3.6489   1.64523 -0.700049
0.268302 0.244323 0.645574 0.0172399 -0.147415  0.640506  0.277083  0.255016  0.650164 0.0106948 -0.139447  0.608413   1.15999 -0.794331 -0.341358  -2.56924    3.6525   1.65048 -0.702394
0.267511 0.244779 0.645548 0.0170368 -0.147613  0.640429  0.276386  0.255659   0.65016 0.0104195 -0.139718  0.608196   1.16071 -0.795574 -0.339842  -2.56915   3.65604   1.65562 -0.704709
0.266729 0.245226 0.645522 0.0168374 -0.147807  0.640353  0.275696  0.256295  0.650156 0.0101472 -0.139987  0.607982   1.16142 -0.796791  -0.33835  -2.56908   3.65951   1.66067 -0.706992
 0.26596 0.245662 0.645493 0.0166416 -0.147997  0.640278   0.275014   0.256924   0.650152 0.00987795  -0.140253    0.60777   1.16211 -0.797982 -0.336872    -2.569   3.66292   1.66561 -0.709244
0.265203 0.246088 0.645463 0.0164488 -0.148182  0.640206    0.27434   0.257546   0.650147 0.00961177  -0.140515   0.607561    1.1628 -0.799152 -0.335403  -2.56892   3.66627   1.67044 -0.711463
0.264454 0.246505 0.645434  0.016259 -0.148361  0.640135   0.273674    0.25816   0.650143 0.00934869  -0.140775   0.607354   1.16349 -0.800301 -0.333945  -2.56885   3.66955   1.67517 -0.713648
0.263707 0.246918 0.645407 0.0160721 -0.148536  0.640065   0.273016   0.258768   0.650139 0.00908873  -0.141031   0.607149   1.16417 -0.801427 -0.332507  -2.56879   3.67277   1.67979 -0.715801
0.262964 0.247327 0.645382 0.0158884 -0.148706  0.639998   0.272365   0.259367   0.650136 0.00883191  -0.141285   0.606947   1.16483 -0.802527 -0.331095  -2.56873   3.67592   1.68431 -0.717919
0.262228 0.247728 0.645357 0.0157082 -0.148872  0.639931   0.271723    0.25996   0.650132 0.00857825  -0.141535   0.606748   1.16547   -0.8036 -0.329708  -2.56867   3.67902   1.68872 -0.720003
0.261506 0.248118  0.64533 0.0155313 -0.149034  0.639866   0.271089   0.260545   0.650128 0.00832779  -0.141782   0.606551    1.1661  -0.80465 -0.328339  -2.56862   3.68205   1.69303 -0.722052
0.260797 0.248497 0.645302 0.0153575 -0.149192  0.639803   0.270462   0.261123   0.650124 0.00808053  -0.142026   0.606356   1.16672 -0.805679  -0.32698  -2.56858   3.68502   1.69723 -0.724066
0.260097 0.248869 0.645274 0.0151865 -0.149345   0.63974   0.269845   0.261693    0.65012 0.00783651  -0.142267   0.606164   1.16734 -0.806689 -0.325633  -2.56853   3.68793   1.70133 -0.726044
0.259401 0.249237 0.645247 0.0150182 -0.149493   0.63968   0.269235   0.262255   0.650117 0.00759575  -0.142505   0.605975   1.16796 -0.807678 -0.324304   -2.5685   3.69078   1.70533 -0.727985
0.258709   0.2496 0.645222 0.0148529 -0.149637  0.639621   0.268633    0.26281   0.650113 0.00735826  -0.142739   0.605788   1.16855 -0.808645 -0.323002  -2.56847   3.69357   1.70922 -0.729891
0.258025 0.249956 0.645198 0.0146908 -0.149778  0.639563    0.26804   0.263357   0.650109 0.00712409   -0.14297   0.605604   1.16913 -0.809587 -0.321725  -2.56844   3.69631   1.71301  -0.73176
0.257354 0.250303 0.645174 0.0145319 -0.149915  0.639506   0.267456   0.263896   0.650106 0.00689324  -0.143198   0.605422   1.16969 -0.810506 -0.320469  -2.56842   3.69899   1.71671 -0.733593
0.256697 0.250639 0.645148 0.0143758 -0.150048   0.63945    0.26688   0.264428   0.650102 0.00666575  -0.143422   0.605243   1.17025 -0.811405 -0.319226  -2.56841   3.70161    1.7203 -0.735388
 0.25605 0.250968 0.645121 0.0142224 -0.150177  0.639396   0.266312   0.264951   0.650099 0.00644163  -0.143644   0.605067    1.1708 -0.812286 -0.317994   -2.5684   3.70418    1.7238 -0.737146
 0.25541 0.251291 0.645096 0.0140715 -0.150301  0.639343   0.265753   0.265467   0.650095 0.00622092  -0.143861   0.604894   1.17135 -0.813149 -0.316779   -2.5684   3.70669   1.72719 -0.738866
0.254773 0.251612 0.645072 0.0139236 -0.150422  0.639292   0.265203   0.265975   0.650092 0.00600362  -0.144076   0.604723   1.17188 -0.813991  -0.31559   -2.5684   3.70914    1.7305  -0.74055
0.254144 0.251927 0.645049 0.0137785 -0.150539  0.639241   0.264662   0.266474   0.650089 0.00578977  -0.144287   0.604554   1.17239 -0.814812 -0.314429   -2.5684   3.71155   1.73371 -0.742196
0.253528 0.252232 0.645027 0.0136365 -0.150653  0.639192   0.264129   0.266966   0.650086 0.00557939  -0.144494   0.604389   1.17288  -0.81561 -0.313291  -2.56841    3.7139   1.73683 -0.743805
0.252927 0.252528 0.645003 0.0134972 -0.150764  0.639143   0.263605   0.267449   0.650082 0.00537251  -0.144699   0.604226   1.17337  -0.81639 -0.312167  -2.56842    3.7162   1.73986 -0.745377
0.252338 0.252815 0.644979 0.0133604 -0.150872  0.639096    0.26309   0.267924   0.650079 0.00516914  -0.144899   0.604066   1.17386 -0.817153 -0.311054  -2.56844   3.71845   1.74279 -0.746911
0.251757 0.253098 0.644955 0.0132261 -0.150976   0.63905   0.262584   0.268391   0.650076 0.00496931  -0.145096   0.603909   1.17434 -0.817899 -0.309959  -2.56847   3.72065   1.74565 -0.748408
 0.25118 0.253378 0.644933 0.0130944 -0.151076  0.639005   0.262087    0.26885   0.650073 0.00477304   -0.14529   0.603755    1.1748 -0.818626 -0.308888  -2.56849   3.72281   1.74841 -0.749868
 0.25061 0.253653 0.644912 0.0129657 -0.151173  0.638961   0.261599     0.2693    0.65007 0.00458036   -0.14548   0.603603   1.17525 -0.819333 -0.307846  -2.56852   3.72491   1.75109 -0.751292
0.250053  0.25392 0.644891 0.0128399 -0.151267  0.638918    0.26112   0.269741   0.650067 0.00439129  -0.145667   0.603454   1.17568  -0.82002 -0.306829  -2.56855   3.72698   1.75369 -0.752679
0.249511 0.254178 0.644869 0.0127168 -0.151359  0.638876   0.260651   0.270175   0.650065 0.00420585   -0.14585   0.603308    1.1761 -0.820689 -0.305828  -2.56859   3.72899   1.75621  -0.75403
0.248984 0.254426 0.644847 0.0125959 -0.151448  0.638835    0.26019   0.270599   0.650062 0.00402408  -0.146029   0.603165   1.17652 -0.821343  -0.30484  -2.56863   3.73096   1.75865 -0.755345
0.248465  0.25467 0.644826 0.0124774 -0.151533  0.638796   0.259739   0.271015   0.650059 0.00384598  -0.146205   0.603025   1.17693 -0.821981 -0.303869  -2.56867   3.73289   1.76101 -0.756624
0.247951 0.254911 0.644806 0.0123615 -0.151616  0.638757   0.259298   0.271423   0.650056 0.00367159  -0.146377   0.602888   1.17734 -0.822602 -0.302922  -2.56872   3.73477   1.76329 -0.757868
0.247445 0.255149 0.644787 0.0122485 -0.151695  0.638719   0.258865   0.271821   0.650054 0.00350092  -0.146545   0.602754   1.17772 -0.823203 -0.302003  -2.56877   3.73661    1.7655 -0.759077
 0.24695 0.255379 0.644768 0.0121385 -0.151773  0.638683 0.258443 0.272211 0.650051 0.003334 -0.14671 0.602623   1.17809 -0.823786 -0.301111  -2.56881   3.73842   1.76764 -0.760252
0.246472   0.2556 0.644749 0.0120312 -0.151847  0.638647    0.25803   0.272592   0.650049 0.00317086  -0.146871   0.602494   1.17844 -0.824352 -0.300238  -2.56886   3.74018   1.76971 -0.761393
0.246008 0.255812 0.644729 0.0119259  -0.15192  0.638612   0.257626   0.272965   0.650046 0.00301152  -0.147028   0.602369    1.1788 -0.824904 -0.299378  -2.56891   3.74191    1.7717 -0.762501
0.245555 0.256019  0.64471 0.0118229 -0.151989  0.638578  0.257232  0.273328  0.650044  0.002856 -0.147182  0.602247   1.17915 -0.825441 -0.298535  -2.56897   3.74359   1.77363 -0.763575
0.245108 0.256223 0.644692 0.0117226 -0.152056  0.638546   0.256848   0.273682   0.650041 0.00270432  -0.147331   0.602127   1.17949 -0.825962 -0.297715  -2.56902   3.74525   1.77549 -0.764617
0.244669 0.256424 0.644676 0.0116252 -0.152121  0.638514   0.256474   0.274028   0.650039 0.00255652  -0.147477   0.602011   1.17981 -0.826465 -0.296924  -2.56908   3.74686   1.77728 -0.765627
 0.24424 0.256618  0.64466 0.0115307 -0.152183  0.638483  0.256109  0.274364  0.650037 0.0024126 -0.147619  0.601898   1.18011 -0.826949 -0.296162  -2.56913   3.74845   1.77901 -0.766606
0.243827 0.256805 0.644643 0.0114389 -0.152243  0.638453  0.255755  0.274691  0.650035 0.0022726 -0.147757  0.601788   1.18041 -0.827417  -0.29542  -2.56919      3.75   1.78067 -0.767554
0.243431 0.256982 0.644625 0.0113494 -0.152301  0.638424    0.25541   0.275009   0.650033 0.00213653  -0.147892   0.601681    1.1807 -0.827872 -0.294695  -2.56924   3.75152   1.78228 -0.768472
0.243048 0.257153 0.644608 0.0112622 -0.152356  0.638396   0.255076   0.275317   0.650031 0.00200443  -0.148022   0.601577   1.18098 -0.828314 -0.293984   -2.5693     3.753   1.78382  -0.76936
0.242671 0.257321 0.644593 0.0111774 -0.152409  0.638369   0.254751   0.275617   0.650029 0.00187632  -0.148148   0.601476   1.18127 -0.828742 -0.293296  -2.56935   3.75446    1.7853 -0.770219
  0.2423 0.257487  0.64458 0.0110956  -0.15246  0.638343   0.254437   0.275907   0.650027 0.00175221  -0.148271   0.601378   1.18153 -0.829151 -0.292638  -2.56941   3.75589   1.78673 -0.771051
0.241941 0.257647 0.644567 0.0110167  -0.15251  0.638318   0.254133   0.276187   0.650025 0.00163214  -0.148389   0.601284   1.18178 -0.829542 -0.292009  -2.56946   3.75729   1.78809 -0.771855
0.241598 0.257799 0.644553 0.0109406 -0.152557  0.638293   0.253839   0.276458   0.650023 0.00151612  -0.148504   0.601193   1.18201 -0.829917 -0.291404  -2.56951   3.75866   1.78941 -0.772632
0.241272 0.257942 0.644538 0.0108669 -0.152603   0.63827   0.253556    0.27672   0.650022 0.00140418  -0.148614   0.601105   1.18224 -0.830278 -0.290815  -2.56956   3.76001   1.79066 -0.773383
 0.24096 0.258079 0.644523 0.0107955 -0.152646  0.638247   0.253283   0.276972    0.65002 0.00129634  -0.148721    0.60102   1.18247 -0.830627 -0.290242  -2.56961   3.76133   1.79186 -0.774108
0.240656 0.258212 0.644509 0.0107267 -0.152686  0.638226    0.25302   0.277214   0.650018 0.00119263  -0.148823   0.600938   1.18269 -0.830964 -0.289691  -2.56966   3.76263   1.79301 -0.774808
0.240358 0.258343 0.644499 0.0106607 -0.152725  0.638206   0.252768   0.277446   0.650017 0.00109307  -0.148921    0.60086    1.1829 -0.831285 -0.289169   -2.5697   3.76391    1.7941 -0.775484
0.240071 0.258469  0.64449 0.0105979 -0.152763  0.638186   0.252526   0.277669   0.650015 0.00099768  -0.149016   0.600785   1.18309 -0.831587 -0.288678  -2.56975   3.76517   1.79514 -0.776137
  0.2398 0.258587  0.64448 0.0105377 -0.152799  0.638167    0.252296    0.277882    0.650014 0.000906488   -0.149105    0.600713   1.18326 -0.831871 -0.288214  -2.56979    3.7664   1.79613 -0.776767
0.239546 0.258697 0.644468 0.0104801 -0.152833  0.638149    0.252075    0.278086    0.650013 0.000819516   -0.149191    0.600645   1.18343 -0.832142 -0.287768  -2.56983   3.76762   1.79708 -0.777375
0.239309   0.2588 0.644456  0.010425 -0.152865  0.638133    0.251866    0.278279    0.650011 0.000736787   -0.149273     0.60058    1.1836 -0.832402 -0.287337  -2.56987   3.76881   1.79797 -0.777962
 0.23908 0.258899 0.644445 0.0103724 -0.152895  0.638117    0.251667    0.278462     0.65001 0.000658325    -0.14935    0.600518   1.18376 -0.832649 -0.286927   -2.5699   3.76999   1.79881 -0.778527
0.238858 0.258995 0.644436 0.0103228 -0.152923  0.638102    0.251479    0.278635    0.650009 0.000584153   -0.149424     0.60046   1.18392 -0.832882 -0.286546  -2.56993   3.77115    1.7996 -0.779073
0.238646 0.259088  0.64443 0.0102763  -0.15295  0.638088    0.251302    0.278799    0.650008 0.000514295   -0.149493    0.600405   1.18405 -0.833096 -0.286198  -2.56996    3.7723   1.80034 -0.779601
0.238449 0.259173 0.644423 0.0102326 -0.152975  0.638075    0.251136    0.278952    0.650007 0.000448774   -0.149557    0.600353   1.18417 -0.833293 -0.285878  -2.56998   3.77344   1.80104  -0.78011
0.238271 0.259249 0.644415 0.0101917 -0.152999  0.638063    0.250982    0.279094    0.650006 0.000387614   -0.149618    0.600305   1.18428 -0.833476 -0.285579  -2.57001   3.77456   1.80169 -0.780601
 0.23811 0.259318 0.644406 0.0101532 -0.153021  0.638051    0.250838    0.279227    0.650005 0.000330837   -0.149674     0.60026   1.18439 -0.833647 -0.285295  -2.57003   3.77566    1.8023 -0.781074
 0.23796 0.259382 0.644399 0.0101173 -0.153041  0.638041    0.250705    0.279349    0.650004 0.000278468   -0.149725    0.600219    1.1845 -0.833806 -0.285031  -2.57004   3.77676   1.80286 -0.781531
0.237817 0.259444 0.644393 0.0100844 -0.153059  0.638032    0.250584    0.279461    0.650004 0.000230529   -0.149773    0.600181    1.1846 -0.833951 -0.284795  -2.57006   3.77784   1.80337 -0.781972
0.237682 0.259504 0.644389 0.0100548 -0.153076  0.638024    0.250474    0.279563    0.650003 0.000187045   -0.149815    0.600147   1.18468 -0.834078 -0.284594  -2.57006   3.77892   1.80383 -0.782398
0.237563 0.259556 0.644386 0.0100283 -0.153091  0.638017    0.250375    0.279654    0.650002 0.000148039   -0.149854    0.600116   1.18474 -0.834188 -0.284423  -2.57007   3.77998   1.80426  -0.78281
0.237463 0.259598 0.644381 0.0100045 -0.153106   0.63801    0.250288    0.279735    0.650002 0.000113534   -0.149888    0.600089   1.18479 -0.834283 -0.284275  -2.57007   3.78104   1.80463 -0.783209
0.237381 0.259632 0.644376 0.00998313  -0.153118   0.638004    0.250212    0.279805    0.650001 8.35532e-05   -0.149918    0.600066   1.18485 -0.834366 -0.284142  -2.57007    3.7821   1.80497 -0.783594
0.237311 0.259662 0.644371 0.0099644 -0.153128     0.638    0.250147    0.279864    0.650001 5.81207e-05   -0.149943    0.600046    1.1849 -0.834437 -0.284028  -2.57006   3.78314   1.80525 -0.783966
0.237249  0.25969 0.644368 0.0099488 -0.153137  0.637997    0.250094    0.279913    0.650001 3.72598e-05   -0.149963    0.600029   1.18495 -0.834494 -0.283943  -2.57005   3.78418   1.80549 -0.784326
0.237195 0.259715 0.644368 0.00993661  -0.153144   0.637994    0.250053    0.279951        0.65 2.09938e-05   -0.149979    0.600017   1.18497 -0.834534 -0.283893  -2.57004   3.78522   1.80569 -0.784675
0.237155 0.259733 0.644368 0.00992767   -0.15315   0.637992    0.250024    0.279978        0.65 9.34621e-06   -0.149991    0.600007   1.18498 -0.834556 -0.283875  -2.57002   3.78626   1.80585 -0.785014
0.237136 0.259741 0.644367 0.00992145  -0.153155   0.637991    0.250006    0.279995        0.65 2.34046e-06   -0.149998    0.600002   1.18498 -0.834561 -0.283881  -2.56999   3.78729   1.80596 -0.785343
0.237136 0.259741 0.644366 0.00991783  -0.153158   0.637992  0.25  0.28  0.65     0 -0.15   0.6   1.18497 -0.834555 -0.283904  -2.56997   3.78833   1.80602 -0.785662
0.237149 0.259735 0.644364 0.00991673  -0.153159   0.637993  0.25  0.28  0.65     0 -0.15   0.6   1.18499 -0.834555 -0.283912  -2.56995   3.78936   1.80606  -0.78597
0.237171 0.259728 0.644365 0.00991896  -0.153158   0.637996  0.25  0.28  0.65     0 -0.15   0.6   1.18503 -0.834574 -0.283892  -2.56996   3.79037   1.80609 -0.786267
 0.23718 0.259726 0.644367 0.00992151  -0.153157   0.637997  0.25  0.28  0.65     0 -0.15   0.6   1.18507 -0.834603 -0.283858  -2.56997   3.79139   1.80611 -0.786553
0.237169 0.259732 0.644371 0.00992242  -0.153158   0.637997  0.25  0.28  0.65     0 -0.15   0.6   1.18509 -0.834625 -0.283838     -2.57    3.7924   1.80613 -0.786831
0.237148 0.259741 0.644372 0.00992172   -0.15316   0.637995  0.25  0.28  0.65     0 -0.15   0.6   1.18508 -0.834629 -0.283845     -2.57   3.79341   1.80614 -0.787101
0.237137 0.259745 0.644368 0.00992061  -0.153161   0.637993  0.25  0.28  0.65     0 -0.15   0.6   1.18506 -0.834621 -0.283864     -2.57   3.79443   1.80614 -0.787364
0.237147 0.259739  0.64436 0.00991995  -0.153161   0.637993  0.25  0.28  0.65     0 -0.15   0.6   1.18506 -0.834618 -0.283871  -2.56998   3.79543   1.80615 -0.787616
0.237168 0.259731 0.644355 0.00992007  -0.153158   0.637994  0.25  0.28  0.65     0 -0.15   0.6   1.18509 -0.834633 -0.283853  -2.56997   3.79643   1.80615  -0.78786
 0.23718 0.259727 0.644357 0.00992052  -0.153156   0.637996  0.25  0.28  0.65     0 -0.15   0.6   1.18513 -0.834662 -0.283822  -2.56997   3.79743   1.80615 -0.788095
0.237171 0.259731 0.644365 0.00992098  -0.153156   0.637997  0.25  0.28  0.65     0 -0.15   0.6   1.18516 -0.834688 -0.283805  -2.56998   3.79842   1.80616 -0.788322
0.237151  0.25974 0.644375 0.00992133  -0.153158   0.637996  0.25  0.28  0.65     0 -0.15   0.6   1.18516 -0.834696 -0.283813     -2.57   3.79941   1.80617 -0.788544
0.237138 0.259744 0.644378 0.0099215 -0.153161  0.637994  0.25  0.28  0.65     0 -0.15   0.6   1.18513 -0.834688 -0.283834  -2.57001   3.80041   1.80619 -0.788759
0.237145 0.259739 0.644372 0.00992137  -0.153163   0.637992  0.25  0.28  0.65     0 -0.15   0.6   1.18512 -0.834679 -0.283844  -2.57001    3.8014   1.80619 -0.788967
0.237165 0.259729 0.644361 0.00992094  -0.153161   0.637993  0.25  0.28  0.65     0 -0.15   0.6   1.18514 -0.834684 -0.283827  -2.57001   3.80238    1.8062 -0.789167
0.237179 0.259724 0.644355 0.00992064  -0.153158   0.637995  0.25  0.28  0.65     0 -0.15   0.6   1.18518 -0.834706 -0.283796     -2.57   3.80336    1.8062 -0.789359
0.237174  0.25973 0.644359 0.00992086  -0.153155   0.637996  0.25  0.28  0.65     0 -0.15   0.6   1.18521 -0.834731 -0.283776  -2.57001   3.80434    1.8062 -0.789546
0.237154  0.25974  0.64437 0.00992159  -0.153156   0.637996  0.25  0.28  0.65     0 -0.15   0.6   1.18521 -0.834745 -0.283783  -2.57002   3.80532   1.80621 -0.789728
0.237138 0.259745 0.644378 0.00992226  -0.153159   0.637995  0.25  0.28  0.65     0 -0.15   0.6   1.18518 -0.834742 -0.283807  -2.57003    3.8063   1.80622 -0.789905
0.237142  0.25974 0.644377 0.0099223 -0.153162  0.637993  0.25  0.28  0.65     0 -0.15   0.6   1.18516 -0.834733 -0.283822  -2.57004   3.80727   1.80623 -0.790076
0.237162 0.259729 0.644368 0.00992154  -0.153163   0.637992  0.25  0.28  0.65     0 -0.15   0.6   1.18517 -0.834732 -0.283809  -2.57004   3.80825   1.80624  -0.79024
0.237178 0.259722 0.644358 0.00992066   -0.15316   0.637993  0.25  0.28  0.65     0 -0.15   0.6   1.18521 -0.834746 -0.283776  -2.57003   3.80921   1.80624 -0.790399
0.237176 0.259727 0.644356 0.00992065  -0.153156   0.637995  0.25  0.28  0.65     0 -0.15   0.6   1.18525 -0.834769 -0.283752  -2.57003   3.81018   1.80624 -0.790552
0.237157 0.259739 0.644363 0.00992162  -0.153154   0.637996  0.25  0.28  0.65     0 -0.15   0.6   1.18525 -0.834787 -0.283757  -2.57003   3.81114   1.80624 -0.790701
0.237139 0.259747 0.644373 0.00992274  -0.153156   0.637996  0.25  0.28  0.65     0 -0.15   0.6   1.18523 -0.834791 -0.283783  -2.57004   3.81211   1.80625 -0.790847
 0.23714 0.259743 0.644377 0.00992304   -0.15316   0.637994  0.25  0.28  0.65     0 -0.15   0.6    1.1852 -0.834786 -0.283803  -2.57005   3.81308   1.80626 -0.790988
0.237159  0.25973 0.644372 0.00992191  -0.153162   0.637993  0.25  0.28  0.65     0 -0.15   0.6    1.1852 -0.834784 -0.283795  -2.57006   3.81404   1.80627 -0.791124
0.237179 0.259719 0.644363 0.00992038  -0.153161   0.637993  0.25  0.28  0.65     0 -0.15   0.6   1.18524 -0.834794 -0.283763  -2.57006   3.81499   1.80628 -0.791254
0.237179 0.259722 0.644358 0.00991982  -0.153158   0.637994  0.25  0.28  0.65     0 -0.15   0.6   1.18528 -0.834812 -0.283734  -2.57006   3.81595   1.80628 -0.791379
0.237161 0.259735 0.644361 0.00992083  -0.153155   0.637995  0.25  0.28  0.65     0 -0.15   0.6    1.1853 -0.834828 -0.283734  -2.57006   3.81691   1.80628 -0.791502
0.237141 0.259747 0.644368 0.00992263  -0.153155   0.637995  0.25  0.28  0.65     0 -0.15   0.6   1.18527 -0.834834  -0.28376  -2.57006   3.81786   1.80628 -0.791623
0.237138 0.259747 0.644373 0.00992356  -0.153157   0.637994  0.25  0.28  0.65     0 -0.15   0.6   1.18524 -0.834834 -0.283785  -2.57006   3.81882   1.80629 -0.791739
0.237156 0.259733 0.644372 0.00992263   -0.15316   0.637993  0.25  0.28  0.65     0 -0.15   0.6   1.18524 -0.834834 -0.283783  -2.57007   3.81978    1.8063 -0.791851
0.237178 0.259719 0.644366 0.00992069  -0.153161   0.637993  0.25  0.28  0.65     0 -0.15   0.6   1.18527 -0.834843 -0.283753  -2.57008   3.82072   1.80631 -0.791958
0.237182 0.259718 0.644362 0.00991922  -0.153159   0.637993  0.25  0.28  0.65     0 -0.15   0.6   1.18532 -0.834857 -0.283721  -2.57008   3.82167   1.80631 -0.792061
0.237165  0.25973 0.644363 0.00991983  -0.153157   0.637994  0.25  0.28  0.65     0 -0.15   0.6   1.18534 -0.834869 -0.283715  -2.57008   3.82262   1.80631 -0.792162
0.237142 0.259745 0.644367 0.00992206  -0.153155   0.637995  0.25  0.28  0.65     0 -0.15   0.6   1.18532 -0.834874 -0.283739  -2.57008   3.82357   1.80632 -0.792261
0.237136 0.259749  0.64437 0.00992392  -0.153156   0.637994  0.25  0.28  0.65     0 -0.15   0.6   1.18529 -0.834874 -0.283768  -2.57008   3.82452   1.80632 -0.792357
0.237152 0.259737 0.644369 0.00992366  -0.153159   0.637994  0.25  0.28  0.65     0 -0.15   0.6   1.18527 -0.834877 -0.283773  -2.57008   3.82546   1.80633  -0.79245
0.237176 0.259722 0.644366 0.00992159   -0.15316   0.637993  0.25  0.28  0.65     0 -0.15   0.6    1.1853 -0.834888 -0.283746  -2.57009    3.8264   1.80634 -0.792538
0.237185 0.259716 0.644364 0.00991954  -0.153159   0.637993  0.25  0.28  0.65     0 -0.15   0.6   1.18535 -0.834903  -0.28371   -2.5701   3.82734   1.80634 -0.792622
 0.23717 0.259726 0.644365 0.00991934  -0.153158   0.637994  0.25  0.28  0.65     0 -0.15   0.6   1.18538 -0.834914 -0.283699   -2.5701   3.82828   1.80635 -0.792705
0.237145 0.259742 0.644369 0.00992128  -0.153157   0.637994  0.25  0.28  0.65     0 -0.15   0.6   1.18537 -0.834915 -0.283721   -2.5701   3.82923   1.80635 -0.792787
0.237134 0.259749  0.64437 0.00992372  -0.153157   0.637994  0.25  0.28  0.65     0 -0.15   0.6   1.18533 -0.834912 -0.283753   -2.5701   3.83017   1.80636 -0.792867
0.237148  0.25974 0.644368 0.00992437  -0.153158   0.637993  0.25  0.28  0.65     0 -0.15   0.6   1.18531 -0.834914 -0.283763   -2.5701   3.83111   1.80636 -0.792943
0.237173 0.259725 0.644364 0.00992278  -0.153159   0.637993  0.25  0.28  0.65     0 -0.15   0.6   1.18533 -0.834926  -0.28374   -2.5701   3.83205   1.80637 -0.793016
0.237186 0.259717 0.644362 0.00992034  -0.153158   0.637994  0.25  0.28  0.65     0 -0.15   0.6   1.18538 -0.834945 -0.283703  -2.57011   3.83298   1.80637 -0.793085
0.237174 0.259723 0.644365 0.00991938  -0.153158   0.637994  0.25  0.28  0.65     0 -0.15   0.6   1.18541 -0.834958 -0.283686  -2.57011   3.83391   1.80637 -0.793153
0.237148 0.259739  0.64437 0.00992075  -0.153157   0.637994  0.25  0.28  0.65     0 -0.15   0.6    1.1854 -0.834959 -0.283704  -2.57012   3.83485   1.80638 -0.793221
0.237133 0.259748 0.644373 0.00992315  -0.153158   0.637993  0.25  0.28  0.65     0 -0.15   0.6   1.18536 -0.834952 -0.283739  -2.57012   3.83579   1.80639 -0.793287
0.237143 0.259742 0.644369 0.00992439  -0.153158   0.637993  0.25  0.28  0.65     0 -0.15   0.6   1.18533  -0.83495 -0.283756  -2.57011   3.83673   1.80639 -0.793351
0.237169 0.259727 0.644363 0.00992341  -0.153158   0.637993  0.25  0.28  0.65     0 -0.15   0.6   1.18535  -0.83496 -0.283737  -2.57012   3.83766    1.8064 -0.793411
0.237187 0.259717 0.644359 0.00992111  -0.153158   0.637994  0.25  0.28  0.65     0 -0.15   0.6    1.1854  -0.83498 -0.283699  -2.57012   3.83859    1.8064 -0.793469
0.237179 0.259721 0.644363 0.00991963  -0.153157   0.637994  0.25  0.28  0.65     0 -0.15   0.6   1.18544 -0.834998 -0.283676  -2.57012   3.83952    1.8064 -0.793524
0.237153 0.259736 0.644371 0.00992036  -0.153157   0.637994  0.25  0.28  0.65     0 -0.15   0.6   1.18544 -0.835001 -0.283689  -2.57013   3.84045   1.80641  -0.79358
0.237133 0.259747 0.644375 0.00992257  -0.153158   0.637993  0.25  0.28  0.65     0 -0.15   0.6    1.1854 -0.834993 -0.283725  -2.57013   3.84138   1.80642 -0.793635
0.237138 0.259744 0.644372 0.00992414  -0.153159   0.637993  0.25  0.28  0.65     0 -0.15   0.6   1.18536 -0.834986 -0.283749  -2.57013   3.84232   1.80642 -0.793689
0.237165 0.259729 0.644364 0.00992363  -0.153159   0.637993  0.25  0.28  0.65     0 -0.15   0.6   1.18537 -0.834993 -0.283736  -2.57013   3.84325   1.80642 -0.793739
0.237187 0.259717 0.644358 0.00992155  -0.153158   0.637993  0.25  0.28  0.65     0 -0.15   0.6   1.18541 -0.835013 -0.283697  -2.57013   3.84417   1.80643 -0.793786
0.237184 0.259719  0.64436 0.0099199 -0.153156  0.637994  0.25  0.28  0.65     0 -0.15   0.6   1.18546 -0.835034 -0.283668  -2.57014    3.8451   1.80643 -0.793832
0.237158 0.259734 0.644368 0.0099202 -0.153156  0.637994  0.25  0.28  0.65     0 -0.15   0.6   1.18547 -0.835042 -0.283676  -2.57014   3.84602   1.80643 -0.793878
0.237134 0.259746 0.644375 0.00992215  -0.153157   0.637994  0.25  0.28  0.65     0 -0.15   0.6   1.18543 -0.835034 -0.283712  -2.57014   3.84696   1.80644 -0.793924
0.237135 0.259745 0.644375 0.0099239 -0.153159  0.637993  0.25  0.28  0.65     0 -0.15   0.6   1.18539 -0.835025 -0.283741  -2.57015   3.84789   1.80645 -0.793969
 0.23716 0.259731 0.644367 0.00992373   -0.15316   0.637992  0.25  0.28  0.65     0 -0.15   0.6   1.18539 -0.835026 -0.283735  -2.57015   3.84882   1.80645  -0.79401
0.237185 0.259717 0.644359 0.00992188  -0.153158   0.637993  0.25  0.28  0.65     0 -0.15   0.6   1.18543 -0.835044 -0.283697  -2.57015   3.84974   1.80645 -0.794049
0.237187 0.259717 0.644358 0.00992008  -0.153156   0.637994  0.25  0.28  0.65     0 -0.15   0.6   1.18548 -0.835066 -0.283662  -2.57015   3.85066   1.80645 -0.794087
0.237163 0.259731 0.644365 0.00992013  -0.153156   0.637995  0.25  0.28  0.65     0 -0.15   0.6    1.1855 -0.835078 -0.283663  -2.57015   3.85158   1.80646 -0.794125
0.237136 0.259746 0.644373 0.00992205  -0.153156   0.637994  0.25  0.28  0.65     0 -0.15   0.6   1.18547 -0.835074 -0.283698  -2.57016   3.85251   1.80646 -0.794163
0.237131 0.259748 0.644376 0.00992391  -0.153159   0.637993  0.25  0.28  0.65     0 -0.15   0.6   1.18542 -0.835063 -0.283734  -2.57016   3.85344   1.80647 -0.794201
0.237154 0.259733  0.64437 0.00992386   -0.15316   0.637992  0.25  0.28  0.65     0 -0.15   0.6   1.18541 -0.835061 -0.283734  -2.57016   3.85437   1.80648 -0.794236
0.237183 0.259718 0.644361 0.00992195  -0.153159   0.637993  0.25  0.28  0.65     0 -0.15   0.6   1.18545 -0.835075 -0.283699  -2.57016   3.85528   1.80648 -0.794268
 0.23719 0.259715 0.644358 0.00992007  -0.153157   0.637994  0.25  0.28  0.65     0 -0.15   0.6   1.18551 -0.835097 -0.283659  -2.57017    3.8562   1.80648 -0.794299
0.237169 0.259728 0.644363 0.00992006  -0.153155   0.637994  0.25  0.28  0.65     0 -0.15   0.6   1.18553 -0.835112 -0.283652  -2.57017   3.85712   1.80648  -0.79433
0.237138 0.259745 0.644372 0.00992194  -0.153156   0.637994  0.25  0.28  0.65     0 -0.15   0.6    1.1855  -0.83511 -0.283685  -2.57017   3.85805   1.80649 -0.794363
0.237128  0.25975 0.644376 0.00992404  -0.153158   0.637993  0.25  0.28  0.65     0 -0.15   0.6   1.18545 -0.835099 -0.283725  -2.57017   3.85898    1.8065 -0.794395
0.237149 0.259737 0.644371 0.00992429   -0.15316   0.637992  0.25  0.28  0.65     0 -0.15   0.6   1.18543 -0.835095 -0.283734  -2.57017    3.8599    1.8065 -0.794424
 0.23718 0.259719 0.644362 0.00992242   -0.15316   0.637992  0.25  0.28  0.65     0 -0.15   0.6   1.18546 -0.835106 -0.283702  -2.57018   3.86082    1.8065 -0.794451
0.237193 0.259713 0.644358 0.00992018  -0.153158   0.637993  0.25  0.28  0.65     0 -0.15   0.6   1.18552 -0.835128 -0.283658  -2.57018   3.86173    1.8065 -0.794476
0.237174 0.259724 0.644362 0.0099197 -0.153156  0.637994  0.25  0.28  0.65     0 -0.15   0.6   1.18556 -0.835145 -0.283643  -2.57018   3.86265   1.80651 -0.794502
0.237142 0.259743  0.64437 0.00992152  -0.153156   0.637994  0.25  0.28  0.65     0 -0.15   0.6   1.18553 -0.835145 -0.283672  -2.57018   3.86357   1.80651 -0.794529
0.237126 0.259751 0.644375 0.00992391  -0.153157   0.637993  0.25  0.28  0.65     0 -0.15   0.6   1.18548 -0.835134 -0.283716  -2.57018    3.8645   1.80652 -0.794556
0.237143 0.259741 0.644372 0.0099246 -0.153159  0.637992  0.25  0.28  0.65     0 -0.15   0.6   1.18545 -0.835127 -0.283733  -2.57018   3.86543   1.80652 -0.794582
0.237176 0.259721 0.644364 0.00992296   -0.15316   0.637992  0.25  0.28  0.65     0 -0.15   0.6   1.18547 -0.835136 -0.283706  -2.57019   3.86634   1.80653 -0.794604
0.237195 0.259711 0.644358 0.00992035  -0.153158   0.637993  0.25  0.28  0.65     0 -0.15   0.6   1.18553 -0.835157 -0.283659  -2.57019   3.86725   1.80653 -0.794625
 0.23718 0.259721 0.644361 0.00991939  -0.153156   0.637994  0.25  0.28  0.65     0 -0.15   0.6   1.18558 -0.835176 -0.283636  -2.57019   3.86817   1.80653 -0.794646
0.237146 0.259741 0.644369 0.00992099  -0.153155   0.637994  0.25  0.28  0.65     0 -0.15   0.6   1.18556 -0.835179  -0.28366   -2.5702   3.86909   1.80653 -0.794668
0.237125 0.259752 0.644375 0.00992367  -0.153157   0.637993  0.25  0.28  0.65     0 -0.15   0.6   1.18551 -0.835168 -0.283706  -2.57019   3.87002   1.80654 -0.794692
0.237137 0.259744 0.644373 0.0099249 -0.153159  0.637992  0.25  0.28  0.65     0 -0.15   0.6   1.18547 -0.835158 -0.283731   -2.5702   3.87094   1.80655 -0.794714
0.237171 0.259724 0.644364 0.00992354   -0.15316   0.637992  0.25  0.28  0.65     0 -0.15   0.6   1.18548 -0.835165  -0.28371   -2.5702   3.87186   1.80655 -0.794733
0.237195 0.259711 0.644358 0.00992081  -0.153158   0.637993  0.25  0.28  0.65     0 -0.15   0.6   1.18554 -0.835186 -0.283661   -2.5702   3.87277   1.80655  -0.79475
0.237186 0.259717  0.64436 0.00991921  -0.153156   0.637994  0.25  0.28  0.65     0 -0.15   0.6    1.1856 -0.835206 -0.283631   -2.5702   3.87368   1.80655 -0.794767
0.237152 0.259737 0.644369 0.00992041  -0.153155   0.637994  0.25  0.28  0.65     0 -0.15   0.6   1.18559 -0.835211 -0.283647  -2.57021    3.8746   1.80656 -0.794786
0.237125 0.259752 0.644375 0.00992316  -0.153157   0.637993  0.25  0.28  0.65     0 -0.15   0.6   1.18554 -0.835201 -0.283696  -2.57021   3.87552   1.80656 -0.794806
0.237131 0.259747 0.644374  0.009925 -0.153159  0.637992  0.25  0.28  0.65     0 -0.15   0.6   1.18549 -0.835189 -0.283729  -2.57021   3.87645   1.80657 -0.794825
0.237165 0.259728 0.644366 0.00992405   -0.15316   0.637992  0.25  0.28  0.65     0 -0.15   0.6   1.18549 -0.835192 -0.283715  -2.57021   3.87736   1.80657 -0.794842
0.237194 0.259711 0.644358 0.00992128  -0.153159   0.637993  0.25  0.28  0.65     0 -0.15   0.6   1.18555 -0.835212 -0.283666  -2.57021   3.87827   1.80657 -0.794856
0.237192 0.259714 0.644358 0.00991925  -0.153157   0.637994  0.25  0.28  0.65     0 -0.15   0.6   1.18561 -0.835235 -0.283627  -2.57022   3.87918   1.80657 -0.794869
0.237159 0.259733 0.644367 0.0099199 -0.153155  0.637994  0.25  0.28  0.65     0 -0.15   0.6   1.18562 -0.835244 -0.283636  -2.57022    3.8801   1.80658 -0.794885
0.237126 0.259751 0.644375 0.00992267  -0.153156   0.637994  0.25  0.28  0.65     0 -0.15   0.6   1.18557 -0.835234 -0.283684  -2.57022   3.88102   1.80658 -0.794902
0.237126  0.25975 0.644376 0.00992495  -0.153159   0.637992  0.25  0.28  0.65     0 -0.15   0.6   1.18552  -0.83522 -0.283725  -2.57022   3.88195   1.80659 -0.794919
