  0.566534 -0.0119988   0.651997   0.124942 -0.0266001   0.698383   0.566534 -0.0119988   0.651997   0.124942 -0.0266001   0.698383       0       0       0 -1.5708       0  1.5708       0
  0.566534 -0.0119989   0.651998   0.124942 -0.0266001   0.698383   0.566528 -0.0119934   0.651997    0.12494 -0.0266024   0.698381  9.96612e-06 -3.35113e-05  9.96547e-06     -1.57083  2.65214e-06      1.57077   2.5232e-06
  0.566534 -0.0119989   0.651998   0.124942 -0.0266001   0.698383   0.566511  -0.011977   0.651997   0.124933 -0.0266093   0.698376  3.07938e-05 -0.000103553  3.07918e-05      -1.5709  8.19443e-06      1.57072  7.79618e-06
 0.566522 -0.011989  0.651999  0.124932 -0.026598  0.698386   0.566481 -0.0119498   0.651997   0.124921 -0.0266208   0.698367  6.25213e-05 -0.000209844  6.25179e-05     -1.57101  1.66227e-05      1.57064  1.57961e-05
  0.566496 -0.0119665   0.651998   0.124911 -0.0265931   0.698392    0.56644 -0.0119118   0.651997   0.124905 -0.0266369   0.698354  0.000104941 -0.000351775  0.000104938     -1.57115  2.78768e-05      1.57053  2.64648e-05
  0.566457 -0.0119314   0.651994    0.12488 -0.0265855     0.6984   0.566387 -0.0118631   0.651996   0.124884 -0.0266575   0.698338  0.000157853 -0.000528834  0.000157853     -1.57133  4.18942e-05      1.57039  3.97426e-05
  0.566405 -0.0118838   0.651989   0.124839 -0.0265752   0.698411   0.566323 -0.0118037   0.651996   0.124859 -0.0266826   0.698318  0.000221039 -0.000740493  0.000221049     -1.57155  5.86153e-05      1.57023  5.55752e-05
   0.56634 -0.0118237   0.651981   0.124787 -0.0265622   0.698425   0.566247 -0.0117337   0.651996   0.124829 -0.0267122   0.698294  0.000294307 -0.000986288  0.000294336     -1.57179  7.79872e-05      1.57004  7.39148e-05
  0.566263 -0.0117519   0.651974   0.124726 -0.0265466   0.698441    0.56616 -0.0116531   0.651995   0.124794 -0.0267462   0.698267 0.000377502 -0.00126571 0.000377565    -1.57207 9.99697e-05     1.56983 9.47205e-05
  0.566173 -0.0116683   0.651967   0.124654 -0.0265285    0.69846   0.566061  -0.011562   0.651994   0.124755 -0.0267847   0.698236 0.000470472 -0.00157822 0.000470585    -1.57239 0.000124528      1.5696 0.000117958
  0.566071 -0.0115734   0.651962   0.124572 -0.0265079   0.698482   0.565951 -0.0114605   0.651994   0.124712 -0.0268276   0.698202 0.000573093 -0.00192328  0.00057328    -1.57273 0.000151632     1.56934 0.000143594
  0.565956 -0.0114671   0.651959   0.124479 -0.0264849   0.698508   0.565829 -0.0113485   0.651993   0.124664 -0.0268749   0.698164  0.00068524 -0.00230029  0.00068553    -1.57311 0.000181257     1.56905 0.000171596
  0.565828 -0.0113495   0.651958   0.124376 -0.0264594   0.698535   0.565697 -0.0112262   0.651992   0.124612 -0.0269266   0.698123 0.000806779 -0.00270868 0.000807208    -1.57351 0.000213375     1.56874 0.000201934
  0.565688 -0.0112208   0.651958   0.124263 -0.0264316   0.698566   0.565553 -0.0110936   0.651991   0.124555 -0.0269827   0.698078 0.000937603 -0.00314792 0.000938212    -1.57395  0.00024796     1.56841 0.000234577
  0.565536 -0.0110807   0.651959    0.12414 -0.0264013     0.6986   0.565398 -0.0109508    0.65199   0.124494  -0.027043    0.69803  0.00107756 -0.00361748   0.0010784    -1.57442 0.000284985     1.56805 0.000269495
  0.565372 -0.0109296   0.651963   0.124006 -0.0263686   0.698636   0.565232 -0.0107978   0.651989   0.124428 -0.0271077   0.697979  0.00122655 -0.00411683  0.00122767    -1.57492 0.000324425     1.56767 0.000306657
  0.565195 -0.0107673   0.651967   0.123863 -0.0263335   0.698675   0.565055 -0.0106346   0.651988   0.124358 -0.0271766   0.697924  0.00138443 -0.00464553   0.0013859    -1.57546 0.000366251     1.56727 0.000346035
  0.565007 -0.0105941   0.651972   0.123711 -0.0262961   0.698716   0.564868 -0.0104614   0.651987   0.124284 -0.0272498   0.697865  0.00155108 -0.00520315  0.00155297    -1.57602 0.000410437     1.56685 0.000387598
  0.564808 -0.0104104   0.651977   0.123549 -0.0262565    0.69876   0.564669 -0.0102782   0.651986   0.124206 -0.0273273   0.697804  0.00172642  -0.0057893  0.00172881    -1.57661 0.000456963      1.5664 0.000431318
  0.564597 -0.0102161   0.651982   0.123378 -0.0262145   0.698806    0.56446  -0.010085   0.651984   0.124123 -0.0274089   0.697738  0.00191036 -0.00640366  0.00191334    -1.57723 0.000505806     1.56593 0.000477167
  0.564376 -0.0100113   0.651988   0.123198 -0.0261704   0.698855    0.564239 -0.00988184    0.651983    0.124036  -0.0274948     0.69767   0.0021028 -0.00704591  0.00210647    -1.57788 0.000556946     1.56544 0.000525121
  0.564143 -0.0097966   0.651994   0.123009 -0.0261242   0.698906    0.564009 -0.00966888    0.651981    0.123945  -0.0275848    0.697598  0.00230369 -0.00771577  0.00230816    -1.57856 0.000610365     1.56493 0.000575152
   0.563899 -0.00957176    0.651999   0.122812 -0.0260758   0.698959    0.563767 -0.00944611     0.65198     0.12385  -0.0276789    0.697523  0.00251297 -0.00841297  0.00251836    -1.57927 0.000666047      1.5644 0.000627233
   0.563645 -0.00933717    0.652004   0.122606 -0.0260254   0.699014   0.563515 -0.0092136   0.651978    0.12375 -0.0277772   0.697445   0.0027306 -0.00913731  0.00273703    -1.58001 0.000723977     1.56384 0.000681342
    0.56338 -0.00909317    0.652008   0.122392 -0.0259729   0.699071    0.563252 -0.00897139    0.651977    0.123647  -0.0278795    0.697363  0.00295656 -0.00988861  0.00296417    -1.58077 0.000784145     1.56326 0.000737455
   0.563105 -0.00883948    0.652012    0.12217 -0.0259185    0.69913    0.562979 -0.00871955    0.651975    0.123539   -0.027986    0.697278  0.00319081  -0.0106667  0.00319975    -1.58157 0.000846538     1.56267 0.000795547
    0.56282 -0.00857638    0.652014   0.121939 -0.0258621   0.699191    0.562696 -0.00845813    0.651973    0.123427  -0.0280964     0.69719  0.00343332  -0.0114715  0.00344376    -1.58239 0.000911144     1.56205 0.000855598
  0.562525 -0.0083044   0.652015   0.121702 -0.0258039   0.699253    0.562402 -0.00818718    0.651971    0.123311  -0.0282109    0.697099  0.00368411  -0.0123029  0.00369621    -1.58324 0.000977959     1.56141 0.000917584
    0.56222 -0.00802321    0.652015   0.121456 -0.0257437   0.699318    0.562098 -0.00790676    0.651969    0.123191  -0.0283294    0.697005  0.00394316  -0.0131607  0.00395711    -1.58411  0.00104697     1.56076 0.000981483
   0.561906 -0.00773277    0.652014   0.121203 -0.0256817   0.699384    0.561784 -0.00761693    0.651967    0.123067  -0.0284519    0.696907 0.00421046 -0.0140451 0.00422645   -1.58501 0.00111817    1.56008 0.00104728
   0.561582 -0.00743341     0.65201   0.120943 -0.0256178   0.699451     0.56146 -0.00731773    0.651965    0.122939  -0.0285784    0.696806   0.004486 -0.0149558 0.00450424   -1.58594 0.00119155    1.55938 0.00111494
 0.561248 -0.007125  0.652006   0.120675 -0.0255521   0.699521    0.561125 -0.00700922    0.651963    0.122807  -0.0287087    0.696702 0.00476977 -0.0158929 0.00479048   -1.58689  0.0012671    1.55866 0.00118445
   0.560904 -0.00680726       0.652     0.1204 -0.0254844   0.699591    0.560781 -0.00669147    0.651961    0.122671   -0.028843    0.696595 0.00506172 -0.0168562 0.00508513   -1.58787  0.0013448    1.55793 0.00125578
   0.560551 -0.00648078    0.651992  0.120117 -0.025415  0.699664    0.560427 -0.00636451    0.651959    0.122531  -0.0289812    0.696485 0.00536186 -0.0178456 0.00538822   -1.58887 0.00142464    1.55717 0.00132891
   0.560189 -0.00614529    0.651983   0.119827 -0.0253437   0.699738    0.560062 -0.00602841    0.651957    0.122387  -0.0291232    0.696372 0.00567016 -0.0188611 0.00569972    -1.5899 0.00150662     1.5564 0.00140382
   0.559816 -0.00580071    0.651973    0.11953 -0.0252706   0.699813    0.559688 -0.00568322    0.651954     0.12224  -0.0292691    0.696255 0.00598659 -0.0199024 0.00601962   -1.59095 0.00159072     1.5556 0.00148047
   0.559434 -0.00544705    0.651964   0.119224 -0.0251957    0.69989   0.559304  -0.005329   0.651952   0.122088 -0.0294188   0.696136  0.0063111 -0.0209693 0.00634789   -1.59203 0.00167693    1.55479 0.00155884
   0.559042 -0.00508459    0.651954  0.118911 -0.025119  0.699969    0.55891 -0.0049658   0.651949   0.121933 -0.0295723   0.696014 0.00664369 -0.0220616 0.00668452   -1.59313 0.00176524    1.55396 0.00163891
   0.558639 -0.00471285    0.651944    0.11859 -0.0250405    0.70005    0.558507 -0.00459367    0.651947    0.121774  -0.0297296    0.695888 0.00698427 -0.0231788 0.00702947   -1.59425 0.00185563    1.55311 0.00172065
   0.558227 -0.00433232    0.651936   0.118261 -0.0249602   0.700132    0.558094 -0.00421268    0.651944    0.121611  -0.0298906     0.69576 0.00733283 -0.0243207 0.00738271    -1.5954  0.0019481    1.55225 0.00180402
   0.557805 -0.00394285    0.651929   0.117923 -0.0248781   0.700216    0.557671 -0.00382287    0.651941    0.121444  -0.0300553    0.695629 0.00768932 -0.0254869 0.00774422   -1.59656 0.00204263    1.55136 0.00188902
   0.557372 -0.00354453    0.651923   0.117578 -0.0247943   0.700302   0.557239 -0.0034243   0.651939   0.121273 -0.0302238   0.695494 0.00805369 -0.0266769 0.00811396   -1.59775 0.00213922    1.55046  0.0019756
    0.55693 -0.00313743    0.651919   0.117224 -0.0247088   0.700389    0.556798 -0.00301703    0.651936    0.121099  -0.0303959    0.695357  0.0084259 -0.0278902 0.00849191   -1.59897 0.00223786    1.54955 0.00206374
   0.556477 -0.00272158    0.651917   0.116863 -0.0246216   0.700478   0.556347 -0.0026011   0.651933   0.120921 -0.0305716   0.695217 0.00880591 -0.0291266 0.00887804    -1.6002 0.00233854    1.54861 0.00215341
  0.556015 -0.0022968   0.651916   0.116493 -0.0245327   0.700569    0.555887 -0.00217658     0.65193    0.120739   -0.030751    0.695074 0.00919367 -0.0303855 0.00927231   -1.60146 0.00244124    1.54766 0.00224459
   0.555542 -0.00186347    0.651917   0.116115 -0.0244421   0.700661    0.555417 -0.00174352    0.651927    0.120554  -0.0309341    0.694928 0.00958912 -0.0316665 0.00967468   -1.60274 0.00254597    1.54669 0.00233726
    0.55506 -0.00142155    0.651919    0.11573 -0.0243499   0.700755    0.554939 -0.00130197    0.651924    0.120365  -0.0311207    0.694779 0.00999224 -0.0329693  0.0100851   -1.60405 0.00265271     1.5457 0.00243138
    0.554569 -0.000970711     0.651922  0.115337 -0.024256   0.70085     0.554451 -0.000851991     0.651921     0.120173   -0.0313108     0.694628  0.0104029 -0.0342934  0.0105036   -1.60537 0.00276145     1.5447 0.00252693
    0.554068 -0.000511634     0.651926   0.114937 -0.0241606   0.700946     0.553954 -0.000393635     0.651918     0.119976   -0.0315045     0.694473  0.0108212 -0.0356386  0.0109301   -1.60672 0.00287218    1.54369 0.00262389
    0.553558 -4.40569e-05     0.651931    0.11453 -0.0240636   0.701044    0.553448 7.30435e-05    0.651915    0.119777  -0.0317017    0.694316   0.011247 -0.0370046  0.0113646   -1.60808 0.00298489    1.54265 0.00272222
   0.553039 0.000431947    0.651935  0.114115 -0.023965  0.701142    0.552933 0.000547989    0.651912    0.119574  -0.0319025    0.694156  0.0116803  -0.038391   0.011807   -1.60947 0.00309957     1.5416 0.00282191
   0.552511 0.000916247    0.651939   0.113694 -0.0238648   0.701242   0.552409 0.00103115   0.651908   0.119367 -0.0321066   0.693993   0.012121 -0.0397978  0.0122574   -1.61088 0.00321622    1.54054 0.00292293
  0.551974 0.00140858   0.651943   0.113266 -0.0237632   0.701342   0.551877 0.00152246   0.651905   0.119157 -0.0323143   0.693828  0.0125691 -0.0412247  0.0127157   -1.61231 0.00333481    1.53946 0.00302526
  0.551429 0.00190926   0.651946   0.112833 -0.0236601   0.701444   0.551335 0.00202188   0.651901   0.118943 -0.0325253   0.693659  0.0130246 -0.0426715  0.0131818   -1.61376 0.00345534    1.53836 0.00312887
  0.550876 0.00241789   0.651947   0.112392 -0.0235555   0.701546   0.550785 0.00252935   0.651898   0.118726 -0.0327398   0.693488  0.0134874 -0.0441382  0.0136559   -1.61522  0.0035778    1.53725 0.00323374
  0.550314 0.00293445   0.651948   0.111946 -0.0234495   0.701649   0.550227 0.00304481   0.651894   0.118505 -0.0329576   0.693315  0.0139576 -0.0456247  0.0141378   -1.61671 0.00370218    1.53613 0.00333984
  0.549744 0.00345917   0.651947  0.111494 -0.023342  0.701752   0.549659 0.00356821   0.651891   0.118281 -0.0331788   0.693138   0.014435 -0.0471309  0.0146275   -1.61822 0.00382846    1.53499 0.00344716
  0.549166 0.00399172   0.651945   0.111037 -0.0232331   0.701856   0.549083 0.00409949   0.651887   0.118054 -0.0334033   0.692959  0.0149197 -0.0486566  0.0151251   -1.61974 0.00395664    1.53384 0.00355567
   0.54858 0.00453171   0.651941   0.110573 -0.0231229    0.70196   0.548499  0.0046386   0.651884   0.117823 -0.0336312   0.692778  0.0154117 -0.0502019  0.0156305   -1.62129 0.00408671    1.53267 0.00366534
  0.547986 0.00507979   0.651936   0.110104 -0.0230113   0.702065   0.547906 0.00518549    0.65188   0.117589 -0.0338623   0.692593  0.0159108 -0.0517666  0.0161437   -1.62285 0.00421865    1.53149 0.00377615
  0.547385 0.00563537   0.651929   0.109628 -0.0228985   0.702171   0.547305 0.00574009   0.651876   0.117352 -0.0340967   0.692407  0.0164172 -0.0533506  0.0166647   -1.62443 0.00435246    1.53029 0.00388809
  0.546775 0.00619879   0.651922   0.109148 -0.0227842   0.702276   0.546695 0.00630236   0.651872   0.117111 -0.0343343   0.692217  0.0169307 -0.0549538  0.0171935   -1.62602 0.00448812    1.52909 0.00400111
  0.546157 0.00676927   0.651914   0.108661 -0.0226688   0.702383   0.546078 0.00687225   0.651868   0.116867 -0.0345751   0.692025  0.0174514 -0.0565761  0.0177301   -1.62764 0.00462563    1.52786 0.00411521
  0.545532 0.00734757   0.651905  0.108169 -0.022552   0.70249   0.545452 0.00744968   0.651864    0.11662 -0.0348191    0.69183  0.0179792 -0.0582173  0.0182745   -1.62927 0.00476499    1.52663 0.00423036
 0.544898 0.0079331  0.651895  0.107671 -0.022434  0.702597   0.544818 0.00803462    0.65186    0.11637 -0.0350663   0.691633  0.0185141 -0.0598773  0.0188267   -1.63091 0.00490617    1.52538 0.00434653
  0.544256 0.00852618   0.651886   0.107166 -0.0223148   0.702704   0.544175   0.008627   0.651856   0.116117 -0.0353167   0.691434  0.0190562 -0.0615557  0.0193867   -1.63257 0.00504919    1.52412  0.0044637
  0.543607 0.00912647   0.651876   0.106656 -0.0221944   0.702812   0.543525 0.00922678   0.651852    0.11586 -0.0355701   0.691232  0.0196053 -0.0632523  0.0199544   -1.63425 0.00519402    1.52285 0.00458184
  0.542949 0.00973403   0.651867    0.10614 -0.0220728   0.702921   0.542867 0.00983389   0.651848     0.1156 -0.0358267   0.691027  0.0201615 -0.0649669  0.0205299   -1.63594 0.00534066    1.52157 0.00470093
 0.542283 0.0103487  0.651858   0.105618 -0.0219501    0.70303   0.542201  0.0104483   0.651844   0.115337 -0.0360864    0.69082  0.0207248 -0.0666992  0.0211131   -1.63765 0.00548911    1.52027 0.00482095
 0.541609 0.0109707   0.65185    0.10509 -0.0218262   0.703139   0.541527  0.0110699    0.65184   0.115071 -0.0363491   0.690611  0.0212951 -0.0684489  0.0217041   -1.63937 0.00563937    1.51896 0.00494187
 0.540927 0.0115998  0.651843   0.104556 -0.0217012   0.703249   0.540846  0.0116987   0.651835   0.114802 -0.0366148   0.690399  0.0218724 -0.0702156  0.0223028    -1.6411 0.00579142    1.51764 0.00506366
0.540237 0.012236 0.651836   0.104016 -0.0215751   0.703359   0.540156  0.0123346   0.651831    0.11453 -0.0368835   0.690185  0.0224567 -0.0719991  0.0229093   -1.64285 0.00594525    1.51631 0.00518631
 0.539539 0.0128794   0.65183  0.103471 -0.021448  0.703469   0.539459  0.0129776   0.651827   0.114255 -0.0371553   0.689968  0.0230479 -0.0737988  0.0235235   -1.64462 0.00610087    1.51497 0.00530978
 0.538834 0.0135297  0.651826   0.102919 -0.0213197   0.703579   0.538755  0.0136276   0.651822   0.113977 -0.0374299   0.689749  0.0236461 -0.0756147  0.0241453    -1.6464 0.00625827    1.51362 0.00543405
  0.53812 0.0141868  0.651822   0.102361 -0.0211905    0.70369   0.538042  0.0142845   0.651818   0.113696 -0.0377076   0.689528  0.0242512 -0.0774462  0.0247749   -1.64819 0.00641744    1.51225  0.0055591
 0.537398 0.0148511  0.651818   0.101798 -0.0210602   0.703801   0.537323  0.0149483   0.651813   0.113412 -0.0379881   0.689304  0.0248631  -0.079293  0.0254121   -1.64999 0.00657837    1.51088  0.0056849
0.536669 0.015522 0.651816   0.101229 -0.0209289   0.703912   0.536596   0.015619   0.651808   0.113125 -0.0382715   0.689078   0.025482 -0.0811549   0.026057   -1.65181 0.00674107     1.5095 0.00581143
 0.535932 0.0161997  0.651814   0.100655 -0.0207967   0.704023   0.535861  0.0162965   0.651804   0.112835 -0.0385578    0.68885  0.0261077 -0.0830315  0.0267096   -1.65364 0.00690552     1.5081 0.00593866
 0.535188 0.0168845  0.651812   0.100075 -0.0206635   0.704134   0.53512 0.0169807  0.651799  0.112542 -0.038847  0.688619  0.0267402 -0.0849227  0.0273698   -1.65549 0.00707171     1.5067 0.00606657
 0.534437 0.0175754  0.651811  0.0994905 -0.0205294   0.704245   0.534371  0.0176715   0.651794   0.112247 -0.0391389   0.688386  0.0273796  -0.086828  0.0280377   -1.65734 0.00723965    1.50528 0.00619514
 0.533678 0.0182732  0.651809  0.0989007 -0.0203943   0.704356   0.533615   0.018369    0.65179   0.111948 -0.0394337   0.688151  0.0280257 -0.0887472  0.0287132   -1.65921 0.00740932    1.50386 0.00632434
 0.532912 0.0189776  0.651808   0.098306 -0.0202584   0.704467   0.532852  0.0190731   0.651785   0.111647 -0.0397313   0.687914  0.0286786 -0.0906802  0.0293963    -1.6611 0.00758072    1.50242 0.00645416
  0.53214 0.0196885  0.651806  0.0977065 -0.0201215   0.704577   0.532081  0.0197837    0.65178   0.111343 -0.0400315   0.687675  0.0293382 -0.0926267   0.030087   -1.66299 0.00775383    1.50098 0.00658456
  0.53136 0.0204059  0.651804  0.0971023 -0.0199838   0.704687   0.531304  0.0205008   0.651775   0.111036 -0.0403346   0.687433  0.0300046 -0.0945865  0.0307853   -1.66489 0.00792867    1.49953 0.00671553
 0.530574 0.0211297  0.651801  0.0964937 -0.0198453   0.704797    0.53052  0.0212242    0.65177   0.110726 -0.0406403   0.687189  0.0306777 -0.0965595  0.0314911   -1.66681  0.0081052    1.49806 0.00684705
 0.52978  0.02186 0.651798  0.0958805 -0.0197059   0.704906   0.529729   0.021954   0.651765   0.110414 -0.0409487   0.686944  0.0313574 -0.0985454  0.0322046   -1.66873 0.00828344    1.49659 0.00697909
 0.528981 0.0225964  0.651794  0.0952631 -0.0195657   0.705015   0.528931  0.0226901    0.65176   0.110099 -0.0412598   0.686696  0.0320439  -0.100544  0.0329256   -1.67067 0.00846336    1.49512 0.00711163
 0.528174 0.0233389   0.65179  0.0946413 -0.0194247   0.705123   0.528126  0.0234325   0.651755   0.109782 -0.0415735   0.686445   0.032737  -0.102555  0.0336541   -1.67262 0.00864497    1.49363 0.00724465
 0.527361 0.0240879  0.651784 0.0940153 -0.019283  0.705231   0.527314   0.024181    0.65175   0.109461 -0.0418899   0.686193  0.0334367  -0.104579  0.0343902   -1.67457 0.00882825    1.49214 0.00737813
 0.526542 0.0248428  0.651779  0.0933852 -0.0191405   0.705339   0.526496  0.0249356   0.651745   0.109138 -0.0422088   0.685939   0.034143  -0.106615  0.0351338   -1.67654 0.00901321    1.49063 0.00751205
 0.525717 0.0256038  0.651772   0.092751 -0.0189974   0.705445   0.525672  0.0256964    0.65174   0.108813 -0.0425303   0.685683   0.034856  -0.108664  0.0358849   -1.67851 0.00919983    1.48912 0.00764639
 0.524885 0.0263709  0.651765  0.0921127 -0.0188535   0.705551   0.524841  0.0264632   0.651734   0.108485 -0.0428543   0.685424  0.0355756  -0.110724  0.0366436    -1.6805  0.0093881    1.48761 0.00778113
 0.524046 0.0271441  0.651758  0.0914703 -0.0187088   0.705657   0.524003  0.0272359   0.651729   0.108154 -0.0431809   0.685164  0.0363017  -0.112796  0.0374097   -1.68249 0.00957802    1.48608 0.00791624
0.523202 0.027923 0.651751   0.090824 -0.0185636   0.705762   0.523159  0.0280145   0.651724   0.107821 -0.0435099   0.684902  0.0370344   -0.11488  0.0381834   -1.68449 0.00976959    1.48455 0.00805171
 0.522351 0.0287078  0.651743  0.0901735 -0.0184177   0.705866   0.522308   0.028799   0.651718   0.107485 -0.0438415   0.684637  0.0377736  -0.116975  0.0389645    -1.6865 0.00996279    1.48301 0.00818751
 0.521494 0.0294985  0.651735  0.0895191 -0.0182712   0.705969   0.521452  0.0295893   0.651713   0.107147 -0.0441754   0.684371  0.0385194  -0.119081  0.0397531   -1.68852  0.0101576    1.48147 0.00832363
  0.52063 0.0302949  0.651728  0.0888606 -0.0181241   0.706072   0.520589  0.0303854   0.651707   0.106807 -0.0445119   0.684103  0.0392716  -0.121198  0.0405491   -1.69054  0.0103541    1.47991 0.00846004
 0.519761 0.0310969   0.65172  0.0881982 -0.0179764   0.706174    0.51972  0.0311871   0.651702   0.106463 -0.0448507   0.683833  0.0400304  -0.123326  0.0413526   -1.69257  0.0105522    1.47836 0.00859672
 0.518885 0.0319047  0.651712  0.0875319 -0.0178281   0.706275   0.518844  0.0319945   0.651696   0.106118 -0.0451919   0.683561  0.0407956  -0.125464  0.0421635   -1.69461  0.0107519    1.47679 0.00873366
 0.518003 0.0327181  0.651705  0.0868615 -0.0176793   0.706376   0.517963  0.0328075   0.651691    0.10577 -0.0455354   0.683287  0.0415673  -0.127612  0.0429818   -1.69665  0.0109532    1.47522 0.00887083
0.517115 0.033537 0.651698 0.0861874  -0.01753  0.706476   0.517076   0.033626   0.651685    0.10542 -0.0458814   0.683011  0.0423454   -0.12977  0.0438076    -1.6987  0.0111561    1.47364 0.00900822
 0.516221 0.0343612  0.651691  0.0855094 -0.0173803   0.706575   0.516183    0.03445    0.65168   0.105067 -0.0462296   0.682733    0.04313  -0.131938  0.0446407   -1.70076  0.0113606    1.47206 0.00914579
  0.51532 0.0351912  0.651685 0.0848277  -0.01723  0.706673   0.515284  0.0352794   0.651674   0.104712 -0.0465801   0.682454   0.043921  -0.134115  0.0454812   -1.70282  0.0115667    1.47048 0.00928354
 0.514414 0.0360264  0.651679  0.0841422 -0.0170792    0.70677   0.514379  0.0361141   0.651668   0.104355 -0.0469328   0.682173  0.0447183  -0.136302  0.0463291   -1.70489  0.0117743    1.46888 0.00942144
 0.513502 0.0368667  0.651674  0.0834531 -0.0169281   0.706867   0.513468  0.0369542   0.651663   0.103996 -0.0472879    0.68189  0.0455221  -0.138497  0.0471844   -1.70697  0.0119836    1.46729 0.00955948
 0.512584 0.0377125  0.651668  0.0827606 -0.0167765   0.706962   0.512552  0.0377995   0.651657   0.103634 -0.0476451   0.681605  0.0463322  -0.140701   0.048047   -1.70905  0.0121945    1.46568 0.00969763
 0.511661 0.0385633  0.651663  0.0820645 -0.0166246   0.707057    0.51163    0.03865   0.651651    0.10327 -0.0480045   0.681318  0.0471487  -0.142913  0.0489169   -1.71113  0.0124069    1.46408 0.00983587
 0.510732 0.0394193  0.651658  0.0813651 -0.0164723    0.70715   0.510702  0.0395057   0.651645   0.102904 -0.0483661    0.68103  0.0479715  -0.145133  0.0497942   -1.71322  0.0126209    1.46247 0.00997419
 0.509797 0.0402804  0.651653  0.0806625 -0.0163196   0.707243   0.509769  0.0403665   0.651639   0.102536 -0.0487299    0.68074 0.0488006 -0.147361 0.0506788  -1.71532 0.0128364   1.46085 0.0101126
 0.508857 0.0411464  0.651648  0.0799567 -0.0161665   0.707334    0.50883  0.0412323   0.651633   0.102165 -0.0490958   0.680448 0.0496361 -0.149596 0.0515708  -1.71742 0.0130536   1.45923  0.010251
 0.507911 0.0420176  0.651643  0.0792479 -0.0160132   0.707424   0.507886  0.0421031   0.651627   0.101793 -0.0494638   0.680155 0.0504779 -0.151839   0.05247  -1.71952 0.0132723   1.45761 0.0103894
  0.50696 0.0428935  0.651638   0.078536 -0.0158595   0.707513   0.506937  0.0429788   0.651621   0.101418 -0.0498339    0.67986 0.0513259 -0.154089 0.0533765  -1.72163 0.0134925   1.45598 0.0105279
 0.506004 0.0437744  0.651633  0.0778212 -0.0157056   0.707602  0.505983 0.0438594  0.651615  0.101041 -0.050206  0.679563 0.0521803 -0.156346 0.0542903  -1.72374 0.0137143   1.45435 0.0106663
0.505043  0.04466 0.651628  0.0771034 -0.0155514   0.707688   0.505023  0.0447448   0.651609   0.100662 -0.0505802   0.679265 0.0530409  -0.15861 0.0552113  -1.72585 0.0139376   1.45271 0.0108047
 0.504076 0.0455505  0.651624  0.0763826 -0.0153969   0.707774   0.504058  0.0456349   0.651603   0.100281 -0.0509564   0.678965 0.0539078  -0.16088 0.0561396  -1.72797 0.0141624   1.45107  0.010943
 0.503104 0.0464452  0.651621  0.0756586 -0.0152424   0.707859   0.503088  0.0465298   0.651597  0.0998986 -0.0513346   0.678663 0.0547809 -0.163157 0.0570752  -1.73009 0.0143888   1.44943 0.0110813
 0.502126 0.0473446   0.65162  0.0749316 -0.0150876   0.707942   0.502113  0.0474294   0.651591  0.0995137 -0.0517147    0.67836 0.0556603 -0.165439  0.058018  -1.73221 0.0146168   1.44779 0.0112195
 0.501144 0.0482484  0.651619  0.0742017 -0.0149326   0.708025   0.501133  0.0483335   0.651585  0.0991268 -0.0520968   0.678055 0.0565459 -0.167727 0.0589681  -1.73434 0.0148463   1.44614 0.0113576
0.500157 0.049157 0.651618  0.0734695 -0.0147775   0.708106   0.500147  0.0492422   0.651578   0.098738 -0.0524808   0.677749 0.0574378  -0.17002 0.0599254  -1.73647 0.0150773   1.44449 0.0114956
 0.499166 0.0500703  0.651613 0.0727359 -0.014622  0.708185   0.499158  0.0501553   0.651572  0.0983473 -0.0528667   0.677442 0.0583359 -0.172319 0.0608899   -1.7386 0.0153099   1.44284 0.0116335
  0.49817 0.0509886  0.651602  0.0720013 -0.0144663   0.708263   0.498163  0.0510729   0.651566  0.0979546 -0.0532545   0.677132   0.05924 -0.174623 0.0618615  -1.74073 0.0155439   1.44118 0.0117712
  0.49717 0.0519121  0.651587  0.0712657 -0.0143102   0.708339   0.497163  0.0519949    0.65156  0.0975601 -0.0536441   0.676822 0.0601503 -0.176933 0.0628402  -1.74286 0.0157794   1.43953 0.0119087
 0.496167 0.0528399  0.651569  0.0705289 -0.0141539   0.708413   0.496159  0.0529212   0.651553  0.0971638 -0.0540356    0.67651 0.0610666 -0.179248 0.0638258  -1.74499 0.0160163   1.43787  0.012046
 0.495159 0.0537717  0.651552  0.0697899 -0.0139976   0.708485   0.495151  0.0538518   0.651547  0.0967656 -0.0544288   0.676196 0.0619889 -0.181569 0.0648185  -1.74712 0.0162546   1.43621 0.0121831
 0.494146 0.0547071  0.651537  0.0690482 -0.0138414   0.708557   0.494137  0.0547866   0.651541  0.0963656 -0.0548239   0.675881 0.0629173 -0.183895 0.0658183  -1.74925 0.0164944   1.43455 0.0123199
 0.493128 0.0556461  0.651527  0.0683031 -0.0136853   0.708628   0.493119  0.0557255   0.651534  0.0959639 -0.0552207   0.675565 0.0638519 -0.186226 0.0668252  -1.75138 0.0167357   1.43289 0.0124566
 0.492105 0.0565885  0.651522  0.0675547 -0.0135293   0.708697   0.492097  0.0566686   0.651528  0.0955603 -0.0556192   0.675247 0.0647926  -0.18856 0.0678392  -1.75352 0.0169785   1.43123  0.012593
 0.491078 0.0575347  0.651521   0.066803 -0.0133735   0.708766    0.49107  0.0576157   0.651521  0.0951551 -0.0560195   0.674928 0.0657395 -0.190899 0.0688604  -1.75565 0.0172228   1.42956 0.0127292
 0.490045 0.0584851  0.651522  0.0660486 -0.0132176   0.708834   0.490039  0.0585668   0.651515  0.0947481 -0.0564214   0.674608 0.0666925 -0.193241 0.0698887  -1.75778 0.0174687    1.4279 0.0128651
 0.489007 0.0594396  0.651523  0.0652918 -0.0130618     0.7089  0.489004 0.0595218  0.651508 0.0943395 -0.056825  0.674286 0.0676516 -0.195586 0.0709241  -1.75991  0.017716   1.42623 0.0130007
 0.487965 0.0603985  0.651523 0.0645334 -0.012906  0.708964   0.487965  0.0604807   0.651502  0.0939292 -0.0572303   0.673963 0.0686168 -0.197933 0.0719666  -1.76205 0.0179648   1.42456 0.0131361
 0.486919 0.0613614  0.651521  0.0637735 -0.0127501   0.709027   0.486921  0.0614435   0.651495  0.0935172 -0.0576372   0.673638  0.069588 -0.200283 0.0730161  -1.76418 0.0182151   1.42289 0.0132711
 0.485869 0.0623283  0.651517  0.0630124 -0.0125942   0.709088   0.485873  0.0624101   0.651488  0.0931036 -0.0580456   0.673313 0.0705651 -0.202636 0.0740724  -1.76631 0.0184668   1.42123 0.0134058
 0.484816 0.0632994  0.651511  0.0622505 -0.0124384   0.709147   0.484821  0.0633803   0.651482  0.0926885 -0.0584557   0.672986 0.0715482 -0.204991 0.0751357  -1.76844 0.0187199   1.41956 0.0135402
 0.483758 0.0642741  0.651504  0.0614875 -0.0122825   0.709205   0.483766  0.0643543   0.651475  0.0922717 -0.0588672   0.672658 0.0725371 -0.207348 0.0762059  -1.77057 0.0189745   1.41789 0.0136742
 0.482698 0.0652521  0.651496  0.0607237 -0.0121268   0.709261   0.482706  0.0653318   0.651468  0.0918535 -0.0592804   0.672328  0.073532 -0.209708 0.0772829   -1.7727 0.0192305   1.41622 0.0138078
 0.481633 0.0662337  0.651487  0.0599588 -0.0119712   0.709316  0.481642 0.0663129  0.651462 0.0914337 -0.059695  0.671998 0.0745328  -0.21207 0.0783668  -1.77483 0.0194879   1.41455  0.013941
 0.480566 0.0672187  0.651478   0.059193 -0.0118157   0.709369   0.480575  0.0672975   0.651455  0.0910124 -0.0601111   0.671666 0.0755395 -0.214433 0.0794575  -1.77695 0.0197468   1.41288 0.0140738
0.479494 0.068207 0.651468  0.0584259 -0.0116604    0.70942   0.479504  0.0682856   0.651448  0.0905896 -0.0605286   0.671333 0.0765521 -0.216799 0.0805551  -1.77907  0.020007   1.41122 0.0142062
  0.47842 0.0691985  0.651459  0.0576578 -0.0115053    0.70947   0.478429   0.069277   0.651441  0.0901653 -0.0609476   0.670999 0.0775705 -0.219166 0.0816595  -1.78118 0.0202687   1.40955 0.0143382
 0.477341 0.0701935  0.651449  0.0568886 -0.0113504   0.709518  0.477351 0.0702718  0.651435 0.0897397 -0.061368  0.670664 0.0785949 -0.221535 0.0827707   -1.7833 0.0205317   1.40789 0.0144697
 0.476259 0.0711916   0.65144  0.0561183 -0.0111957   0.709564   0.476269  0.0712699   0.651428  0.0893126 -0.0617898   0.670328 0.0796251 -0.223905 0.0838888  -1.78541 0.0207962   1.40622 0.0146008
 0.475174 0.0721932  0.651431  0.0553469 -0.0110413   0.709609  0.475183 0.0722712  0.651421 0.0888842 -0.062213   0.66999 0.0806611 -0.226276 0.0850135  -1.78751  0.021062   1.40456 0.0147315
 0.474085 0.0731979  0.651421 0.0545745 -0.010887  0.709652   0.474094  0.0732757   0.651414  0.0884544 -0.0626375   0.669652 0.0817029 -0.228648  0.086145  -1.78962 0.0213293    1.4029 0.0148616
 0.472992 0.0742061  0.651412 0.0538011 -0.010733  0.709694   0.473002  0.0742833   0.651407  0.0880232 -0.0630633   0.669312 0.0827504 -0.231021 0.0872832  -1.79172 0.0215979   1.40124 0.0149913
 0.471896 0.0752169  0.651403  0.0530265 -0.0105793   0.709734   0.471907   0.075294     0.6514  0.0875908 -0.0634904   0.668972 0.0838037 -0.233394  0.088428  -1.79381 0.0218679   1.39958 0.0151204
 0.470797 0.0762308  0.651395  0.0522511 -0.0104259   0.709773   0.470808  0.0763077   0.651393   0.087157 -0.0639188    0.66863 0.0848628 -0.235767 0.0895795   -1.7959 0.0221393   1.39793 0.0152491
 0.469694 0.0772477  0.651387  0.0514747 -0.0102729    0.70981   0.469706  0.0773243   0.651386   0.086722 -0.0643484   0.668288 0.0859275  -0.23814 0.0907376  -1.79799  0.022412   1.39627 0.0153772
 0.468588 0.0782673  0.651379  0.0506975 -0.0101202   0.709845     0.4686  0.0783439   0.651379  0.0862858 -0.0647793   0.667944  0.086998 -0.240513 0.0919023  -1.80007 0.0226861   1.39462 0.0155048
 0.467479 0.0792904  0.651372   0.0499194 -0.00996768    0.709879   0.467492  0.0793662   0.651372  0.0858483 -0.0652114     0.6676 0.0880741 -0.242885 0.0930735  -1.80215 0.0229616   1.39297 0.0156319
 0.466366 0.0803159  0.651365   0.0491405 -0.00981566    0.709911   0.466381  0.0803914   0.651365  0.0854097 -0.0656446   0.667254 0.0891558 -0.245257 0.0942513  -1.80422 0.0232384   1.39132 0.0157583
 0.465251 0.0813441  0.651359    0.048361 -0.00966405    0.709942  0.465267 0.0814193  0.651358 0.0849698 -0.066079  0.666908  0.090243 -0.247627 0.0954356  -1.80629 0.0235165   1.38968 0.0158842
 0.464132 0.0823749  0.651353   0.0475809 -0.00951282    0.709971   0.464149  0.0824499   0.651351  0.0845289 -0.0665146   0.666561 0.0913359 -0.249995 0.0966263  -1.80835  0.023796   1.38804 0.0160095
 0.463011 0.0834085  0.651347   0.0468004 -0.00936196    0.709998   0.463029  0.0834832   0.651344  0.0840867 -0.0669512   0.666212 0.0924343 -0.252362 0.0978235  -1.81041 0.0240768    1.3864 0.0161343
 0.461886 0.0844448  0.651342   0.0460195 -0.00921151    0.710024   0.461906   0.084519   0.651337  0.0836435 -0.0673889   0.665864 0.0935383 -0.254728 0.0990271  -1.81246  0.024359   1.38476 0.0162584
 0.460759 0.0854835  0.651336   0.0452383 -0.00906149    0.710048   0.460781  0.0855573    0.65133  0.0831993 -0.0678277   0.665514 0.0946477 -0.257091  0.100237   -1.8145 0.0246425   1.38313 0.0163819
 0.459629 0.0865247   0.65133   0.044457 -0.0089119    0.71007   0.459653  0.0865981   0.651323  0.0827539 -0.0682676   0.665163 0.0957625 -0.259452  0.101453  -1.81654 0.0249272    1.3815 0.0165047
 0.458497 0.0875681  0.651325   0.0436758 -0.00876278    0.710091   0.458522  0.0876413   0.651316  0.0823076 -0.0687084   0.664812 0.0968828 -0.261811  0.102676  -1.81858 0.0252133   1.37987 0.0166269
 0.457362 0.0886138  0.651319   0.0428946 -0.00861411     0.71011   0.457388  0.0886868   0.651309  0.0818602 -0.0691503   0.664459 0.0980086 -0.264167  0.103905   -1.8206 0.0255007   1.37825 0.0167485
0.456224 0.089662 0.651312   0.0421135 -0.00846588    0.710128   0.456253  0.0897347   0.651301  0.0814118 -0.0695931   0.664106 0.0991397  -0.26652   0.10514  -1.82262 0.0257894   1.37663 0.0168694
 0.455085 0.0907126  0.651306   0.0413327 -0.00831807    0.710144   0.455114  0.0907848   0.651294  0.0809625 -0.0700369   0.663752  0.100276 -0.268871  0.106381  -1.82464 0.0260794   1.37501 0.0169897
 0.453943 0.0917651  0.651299  0.0405521 -0.0081708   0.710158   0.453974   0.091837   0.651287  0.0805122 -0.0704816   0.663398  0.101418 -0.271219  0.107629  -1.82664 0.0263707    1.3734 0.0171092
 0.452799 0.0928198  0.651292   0.0397719 -0.00802402     0.71017   0.452831  0.0928915    0.65128  0.0800611 -0.0709272   0.663043  0.102565 -0.273563  0.108883  -1.82864 0.0266632    1.3718 0.0172281
 0.451653 0.0938766  0.651285  0.0389922 -0.0078777   0.710181   0.451685   0.093948   0.651273   0.079609 -0.0713737   0.662687  0.103717 -0.275904  0.110142  -1.83064  0.026957   1.37019 0.0173463
 0.450505 0.0949354  0.651277   0.0382131 -0.00773192     0.71019  0.450538 0.0950065  0.651265 0.0791561 -0.071821   0.66233  0.104875 -0.278242  0.111408  -1.83262 0.0272521   1.36859 0.0174638
0.449354 0.095996 0.651269   0.0374344 -0.00758669    0.710198   0.449388   0.096067   0.651258  0.0787023 -0.0722692   0.661973  0.106038 -0.280576   0.11268   -1.8346 0.0275484     1.367 0.0175806
 0.448202 0.0970587   0.65126   0.0366562 -0.00744198    0.710204   0.448236  0.0971294   0.651251  0.0782477 -0.0727181   0.661615  0.107205 -0.282906  0.113958  -1.83657  0.027846   1.36541 0.0176966
 0.447048 0.0981232  0.651252  0.0358787 -0.0072978   0.710208   0.447083  0.0981936   0.651244  0.0777923 -0.0731679   0.661256  0.108378 -0.285233  0.115242  -1.83853 0.0281448   1.36382 0.0178119
 0.445892 0.0991895  0.651243   0.0351019 -0.00715418     0.71021   0.445927  0.0992597   0.651236  0.0773362 -0.0736184   0.660897  0.109557 -0.287555  0.116532  -1.84049 0.0284448   1.36224 0.0179265
0.444734 0.100258 0.651235   0.0343256 -0.00701116    0.710212    0.44477   0.100328   0.651229  0.0768793 -0.0740697   0.660537   0.11074 -0.289873  0.117827  -1.84243  0.028746   1.36067 0.0180404
0.443574 0.101328 0.651226     0.03355 -0.00686871    0.710211    0.44361   0.101397   0.651222  0.0764216 -0.0745217   0.660177  0.111928 -0.292187  0.119129  -1.84437 0.0290485    1.3591 0.0181534
0.442413 0.102399 0.651217   0.0327751 -0.00672691    0.710209   0.442449   0.102468   0.651214  0.0759633 -0.0749744   0.659816  0.113121 -0.294496  0.120436   -1.8463 0.0293521   1.35753 0.0182658
 0.44125 0.103472 0.651209   0.0320011 -0.00658571    0.710205   0.441286   0.103541   0.651207  0.0755043 -0.0754277   0.659454  0.114319   -0.2968  0.121749  -1.84821  0.029657   1.35597 0.0183773
0.440084 0.104547 0.651201   0.0312278 -0.00644514      0.7102   0.440122   0.104615     0.6512  0.0750446 -0.0758817   0.659092  0.115522 -0.299099  0.123068  -1.85012  0.029963   1.35442 0.0184881
0.438918 0.105623 0.651192   0.0304552 -0.00630525    0.710194   0.438955   0.105691   0.651192  0.0745843 -0.0763363    0.65873   0.11673 -0.301393  0.124392  -1.85203 0.0302702   1.35287 0.0185981
0.437749   0.1067 0.651184   0.0296837 -0.00616594    0.710185   0.437788   0.106768   0.651185  0.0741234 -0.0767916   0.658367  0.117943 -0.303681  0.125722  -1.85392 0.0305786   1.35132 0.0187073
0.436579 0.107779 0.651176    0.028913 -0.00602735    0.710176   0.436618   0.107847   0.651178  0.0736619 -0.0772474   0.658004   0.11916 -0.305964  0.127057   -1.8558 0.0308882   1.34978 0.0188157
0.435408  0.10886 0.651169   0.0281434 -0.00588942    0.710164   0.435448   0.108927    0.65117  0.0731998 -0.0777037    0.65764  0.120382 -0.308241  0.128398  -1.85767 0.0311989   1.34825 0.0189232
0.434235 0.109941 0.651161   0.0273747 -0.00575217    0.710152   0.434276   0.110008   0.651163  0.0727372 -0.0781606   0.657276  0.121609 -0.310512  0.129745  -1.85954 0.0315107   1.34673   0.01903
0.433061 0.111024 0.651154   0.0266072 -0.00561562    0.710137  0.433103   0.11109  0.651155 0.0722741 -0.078618  0.656911   0.12284 -0.312777  0.131097  -1.86139 0.0318236   1.34521 0.0191359
0.431885 0.112108 0.651147   0.0258408 -0.00547975    0.710122   0.431928   0.112174   0.651148  0.0718105 -0.0790759   0.656546  0.124076 -0.315036  0.132454  -1.86323 0.0321377   1.34369 0.0192411
0.430709 0.113193  0.65114   0.0250758 -0.00534459    0.710104   0.430752   0.113258   0.651141  0.0713464 -0.0795343    0.65618  0.125317 -0.317287  0.133816  -1.86507 0.0324529   1.34219 0.0193453
0.429531 0.114279 0.651133   0.0243121 -0.00521014    0.710086   0.429576   0.114344   0.651133  0.0708819 -0.0799931   0.655815  0.126561 -0.319532  0.135184  -1.86689 0.0327692   1.34069 0.0194488
0.428352 0.115367 0.651126   0.0235499 -0.00507642    0.710066   0.428398    0.11543   0.651126  0.0704169 -0.0804523   0.655448  0.127811  -0.32177  0.136557   -1.8687 0.0330866   1.33919 0.0195513
0.427172 0.116455 0.651119    0.022789 -0.00494342    0.710044   0.427219   0.116518   0.651118  0.0699516 -0.0809119   0.655082  0.129064 -0.324001  0.137935  -1.87051  0.033405    1.3377 0.0196531
0.425991 0.117544 0.651112   0.0220299 -0.00481114    0.710021   0.426039   0.117606   0.651111  0.0694859 -0.0813718   0.654715  0.130322 -0.326225  0.139318   -1.8723 0.0337245   1.33622 0.0197539
0.424809 0.118633 0.651105   0.0212722 -0.00467961    0.709997   0.424858   0.118696   0.651103  0.0690198 -0.0818321   0.654348  0.131584 -0.328441  0.140706  -1.87408 0.0340451   1.33475 0.0198539
0.423627 0.119724 0.651098   0.0205163 -0.00454884    0.709971   0.423676   0.119786   0.651096  0.0685534 -0.0822928   0.653981   0.13285  -0.33065  0.142099  -1.87585 0.0343667   1.33328  0.019953
0.422443 0.120815  0.65109   0.0197622 -0.00441878    0.709944   0.422494   0.120876   0.651088  0.0680867 -0.0827537   0.653614  0.134121 -0.332851  0.143497  -1.87761 0.0346894   1.33182 0.0200513
0.421259 0.121907 0.651083   0.0190099 -0.00428943    0.709916   0.421311   0.121968   0.651081  0.0676197 -0.0832149   0.653246  0.135395 -0.335044    0.1449  -1.87936 0.0350131   1.33037 0.0201486
0.420075 0.122999 0.651075   0.0182594 -0.00416089    0.709886   0.420127    0.12306   0.651074  0.0671525 -0.0836764   0.652878  0.136674 -0.337229  0.146307   -1.8811 0.0353378   1.32892 0.0202451
 0.41889 0.124092 0.651068   0.0175109 -0.00403311    0.709855   0.418943   0.124152   0.651066   0.066685 -0.0841381    0.65251  0.137956 -0.339406  0.147719  -1.88283 0.0356635   1.32748 0.0203406
0.417704 0.125186  0.65106   0.0167644 -0.00390606    0.709822  0.417758  0.125245  0.651059 0.0662173   -0.0846  0.652142  0.139243 -0.341575  0.149136  -1.88454 0.0359901   1.32605 0.0204353
0.416519  0.12628 0.651052   0.0160199 -0.00377978    0.709788   0.416573   0.126339   0.651051  0.0657495 -0.0850621   0.651773  0.140533 -0.343735  0.150558  -1.88624 0.0363178   1.32463 0.0205291
0.415332 0.127374 0.651044   0.0152773 -0.00365427    0.709753   0.415387   0.127433   0.651044  0.0652814 -0.0855244   0.651405  0.141827 -0.345887  0.151984  -1.88794 0.0366464   1.32321 0.0206219
0.414145 0.128469 0.651036    0.014537 -0.00352957    0.709717   0.414201   0.128527   0.651036  0.0648132 -0.0859868   0.651036  0.143124  -0.34803  0.153415  -1.88962  0.036976   1.32181 0.0207139
0.412959 0.129564 0.651028   0.0137988 -0.00340562    0.709679   0.413015   0.129621   0.651029   0.064345 -0.0864493   0.650667  0.144426 -0.350164   0.15485  -1.89128 0.0373065   1.32041 0.0208049
0.411771 0.130659  0.65102   0.0130628 -0.00328245     0.70964   0.411828   0.130716   0.651021  0.0638766 -0.0869119   0.650298  0.145731 -0.352289  0.156289  -1.89294 0.0376379   1.31901  0.020895
0.410584 0.131754 0.651012    0.012329 -0.00316013      0.7096   0.410641   0.131811   0.651014  0.0634081 -0.0873746   0.649929  0.147039 -0.354405  0.157733  -1.89458 0.0379702   1.31763 0.0209842
0.409397 0.132849 0.651003   0.0115974 -0.00303861    0.709559   0.409454   0.132906   0.651006  0.0629396 -0.0878373   0.649561  0.148351 -0.356511   0.15918  -1.89622 0.0383035   1.31625 0.0210724
0.408209 0.133945 0.650995   0.0108681 -0.00291785    0.709517   0.408267   0.134001   0.650999  0.0624711 -0.0883001   0.649192  0.149666 -0.358609  0.160632  -1.89784 0.0386376   1.31488 0.0211597
0.407022  0.13504 0.650988   0.0101411 -0.00279794    0.709473    0.40708   0.135096   0.650991  0.0620025 -0.0887628   0.648823  0.184351 -0.376727   0.13244  -1.92546 0.0452284   1.37074 0.0166464
0.405834 0.136136  0.65098  0.00941661 -0.00267883    0.709429   0.405893   0.136191   0.650984   0.061534 -0.0892255   0.648454  0.219496 -0.394904  0.103883  -1.95319 0.0518692   1.42692 0.0121119
0.403391 0.133322 0.649793  0.00475736 -0.00721276    0.708449   0.404706   0.137285   0.650976  0.0610656 -0.0896882   0.648085   0.255465  -0.411466  0.0758563   -1.97858  0.0581782    1.48055 0.00769247
0.400734 0.130396 0.647555 0.000156975  -0.0121301    0.707205    0.40352    0.13838   0.650969  0.0605972 -0.0901508   0.647716   0.292109  -0.426459  0.0484323    -2.0014  0.0641345    1.53169 0.00339615
0.398348   0.1281  0.64473 -0.00371147  -0.0171753    0.705831   0.402333   0.139474   0.650961  0.0601289 -0.0906133   0.647347     0.329101    -0.440156    0.0216893     -2.02179    0.0697307      1.58051 -0.000779211
 0.39631  0.12655 0.641785 -0.00678754  -0.0222803    0.704409   0.401147   0.140569   0.650954  0.0596607 -0.0910757   0.646979    0.366146   -0.452838 -0.00431815       -2.04   0.0749665     1.62719 -0.00483941
0.394568 0.125698  0.63914 -0.00919515  -0.0274121    0.702988  0.399962  0.141662  0.650946 0.0591927 -0.091538   0.64661    0.403017   -0.464735  -0.0295605    -2.05636   0.0798405     1.67191 -0.00879192
0.393042 0.125404 0.637408 -0.0111499 -0.0325785   0.701616   0.398776   0.142756   0.650939  0.0587248 -0.0920001   0.646242   0.439555  -0.476014 -0.0540168   -2.07127  0.0843466    1.71488 -0.0126471
 0.39168 0.125493 0.636653 -0.0127831 -0.0377803   0.700288  0.397591  0.143849  0.650931 0.0582571 -0.092462  0.645873   0.475638  -0.486786 -0.0776565   -2.08508  0.0884774    1.75625 -0.0164138
0.390456 0.125827 0.636651 -0.0141505 -0.0430054   0.698976   0.396407   0.144941   0.650924  0.0577896 -0.0929237   0.645505   0.511156  -0.497124  -0.100439   -2.09804  0.0922284    1.79614 -0.0200974
0.389353 0.126329 0.637215 -0.0152762 -0.0482344    0.69766   0.395223   0.146033   0.650916  0.0573224 -0.0933852   0.645137   0.546002  -0.507085  -0.122318   -2.11037  0.0955986    1.83463 -0.0237013
0.388372 0.126987 0.638105 -0.0161365 -0.0534278   0.696326    0.39404   0.147125   0.650909  0.0568554 -0.0938464    0.64477   0.580072  -0.516716  -0.143251   -2.12219  0.0985918    1.87179 -0.0272267
0.387474 0.127797 0.639163 -0.0167496 -0.0585642   0.694961   0.392858   0.148215   0.650901  0.0563887 -0.0943073   0.644402   0.613263  -0.526052  -0.163204   -2.13359   0.101215    1.90765 -0.0306739
0.386638 0.128787 0.640239 -0.0171065 -0.0636106    0.69356  0.391676  0.149305  0.650894 0.0559223 -0.094768  0.644035    0.64548  -0.535119  -0.182154   -2.14461   0.103479    1.94226 -0.0340425
0.385847 0.129989 0.641221 -0.0171981 -0.0685328   0.692123   0.390495   0.150395   0.650887  0.0554563 -0.0952283   0.643668   0.676633  -0.543942  -0.200093   -2.15529   0.105398    1.97565 -0.0373321
0.385085  0.13143 0.642052 -0.0170225 -0.0733006   0.690659   0.389316   0.151483   0.650879  0.0549905 -0.0956883   0.643301   0.706641  -0.552543  -0.217023   -2.16563   0.106989    2.00786 -0.0405421
0.384336 0.133131 0.642721 -0.0165869 -0.0778898   0.689176   0.388137   0.152571   0.650872  0.0545252 -0.0961479   0.642935   0.735438   -0.56094  -0.232958   -2.17565   0.108268    2.03892 -0.0436723
0.383582 0.135099 0.643253 -0.0159071 -0.0822843   0.687686   0.386959   0.153657   0.650864  0.0540602 -0.0966071   0.642569   0.762965  -0.569151  -0.247922   -2.18534   0.109255    2.06887 -0.0467227
0.382803 0.137337 0.643688 -0.0150037 -0.0864757   0.686199   0.385782   0.154743   0.650857  0.0535957 -0.0970659   0.642203   0.789173  -0.577187  -0.261942   -2.19473   0.109968    2.09775 -0.0496937
0.381977 0.139847 0.644075 -0.0138991  -0.090462   0.684722   0.384606   0.155827   0.650849  0.0531316 -0.0975242   0.641837   0.814022  -0.585058  -0.275052   -2.20383   0.110425     2.1256 -0.0525858
0.381077 0.142628 0.644457  -0.012614 -0.0942461   0.683263   0.383432   0.156911   0.650842   0.052668 -0.0979821   0.641472   0.837473  -0.592767  -0.287291   -2.21267   0.110645    2.15244 -0.0553999
0.380079 0.145683 0.644868 -0.0111658 -0.0978337   0.681824   0.382258   0.157993   0.650835  0.0522049 -0.0984395   0.641108   0.859494  -0.600316  -0.298698   -2.22128   0.110643    2.17832 -0.0581364
0.378952 0.149019 0.645327 -0.00956726   -0.101233    0.680406   0.381086   0.159074   0.650827  0.0517423 -0.0988964   0.640743    0.88005  -0.607704  -0.309317   -2.22968   0.110437    2.20326 -0.0607962
0.377666 0.152646 0.645844 -0.00782568    -0.10445    0.679011   0.379916   0.160154    0.65082  0.0512803 -0.0993527    0.64038   0.899105  -0.614925  -0.319193    -2.2379   0.110042     2.2273 -0.0633795
0.376194 0.156572 0.646421 -0.00594483   -0.107493    0.677638   0.378747   0.161233   0.650812  0.0508188 -0.0998085   0.640016   0.916621  -0.621975  -0.328373   -2.24594   0.109475    2.25047 -0.0658867
 0.37451 0.160803 0.647057 -0.00392593   -0.110366    0.676286  0.377579   0.16231  0.650805 0.0503578 -0.100264  0.639653   0.932558  -0.628849  -0.336901   -2.25384   0.108751    2.27279 -0.0683177
0.372593 0.165336  0.64775 -0.00176892   -0.113073    0.674956  0.376413  0.163386  0.650798 0.0498975 -0.100718  0.639291  0.946873 -0.635545 -0.344824  -2.26161  0.107886   2.29428 -0.070672
0.370422 0.170167 0.648498 0.000526493   -0.115618    0.673647  0.375248   0.16446   0.65079 0.0494379 -0.101172  0.638929    0.95952   -0.64206  -0.352184   -2.26927   0.106897    2.31498 -0.0729491
0.367981 0.175283 0.649301 0.00295996  -0.118003   0.672359  0.374085  0.165533  0.650783 0.0489788 -0.101626  0.638567   0.970452  -0.648397  -0.359023   -2.27683   0.105801    2.33489 -0.0751482
0.365257 0.180666 0.650161 0.00553024  -0.120231   0.671092  0.372924  0.166604  0.650776 0.0485205 -0.102078  0.638207   0.979619  -0.654561  -0.365377   -2.28431   0.104616    2.35404 -0.0772678
0.362239 0.186293 0.651077 0.00823483  -0.122302   0.669846  0.371765  0.167674  0.650768 0.0480629  -0.10253  0.637846   0.986972  -0.660558   -0.37128   -2.29173   0.103359    2.37245 -0.0793068
0.358918 0.192138 0.652048 0.0110699 -0.124218  0.668619  0.370607  0.168741  0.650761  0.047606 -0.102982  0.637486   0.992461  -0.666402  -0.376761   -2.29912   0.102049    2.39014 -0.0812633
0.358345 0.192886 0.652624 0.0121995 -0.126019  0.667437  0.369452  0.169808  0.650754 0.0471498 -0.103432  0.637127    0.99725  -0.672019  -0.381639   -2.30643   0.100707    2.40723 -0.0831776
0.358749 0.191734 0.653252 0.0126381 -0.127775  0.666292  0.368298  0.170872  0.650746 0.0466944 -0.103882  0.636769    1.00178  -0.677363  -0.385868   -2.31368   0.099337    2.42378 -0.0850669
0.359162 0.190356 0.653976 0.0129093 -0.129447  0.665181  0.367146  0.171934  0.650739 0.0462398 -0.104331  0.636411    1.00615  -0.682415  -0.389491   -2.32086  0.0979389    2.43981 -0.0869349
0.359415 0.189039 0.654821 0.0131009 -0.131029  0.664104  0.365997  0.172995  0.650732  0.045786 -0.104779  0.636053    1.01037  -0.687159  -0.392566   -2.32799  0.0965129    2.45534 -0.0887835
0.359477 0.187839 0.655807 0.0132399 -0.132528  0.663063  0.364849  0.174053  0.650725 0.0453331 -0.105226  0.635697    1.01446   -0.69158  -0.395151   -2.33508  0.0950593    2.47038 -0.0906139
0.359356 0.186759 0.656939 0.0133424 -0.133946  0.662058  0.363704   0.17511  0.650717 0.0448811 -0.105673  0.635341    1.01843  -0.695665  -0.397298   -2.34215   0.093579    2.48494 -0.0924269
0.359073 0.185793   0.6582 0.0134208  -0.13528  0.661094  0.362561  0.176164   0.65071 0.0444299 -0.106119  0.634985    1.02228  -0.699405  -0.399058   -2.34921  0.0920729    2.49902 -0.0942232
0.358653 0.184932 0.659556 0.0134868  -0.13652  0.660171   0.36142  0.177216  0.650703 0.0439796 -0.106563  0.634631   1.02602 -0.702795 -0.400473  -2.35628 0.0905425   2.51263 -0.096003
0.358122 0.184171 0.660957 0.0135517 -0.137653  0.659295  0.360282  0.178267  0.650696 0.0435303 -0.107007  0.634277    1.02965  -0.705839  -0.401584   -2.36334  0.0889891    2.52576 -0.0977664
0.357501 0.183514 0.662345 0.0136267 -0.138666  0.658466 0.359146 0.179314 0.650689 0.043082 -0.10745 0.633924    1.03318  -0.708543  -0.402427   -2.37041   0.087414    2.53843 -0.0995136
0.356806 0.182966 0.663667 0.0137229 -0.139547  0.657689  0.358012   0.18036  0.650682 0.0426346 -0.107892  0.633572   1.03663  -0.71092 -0.403035  -2.37747 0.0858185   2.55063 -0.101244
0.356049 0.182538 0.664873 0.0138507 -0.140285  0.656963  0.356882  0.181403  0.650674 0.0421882 -0.108333   0.63322   1.04002 -0.712986 -0.403436  -2.38451 0.0842035   2.56235 -0.102959
0.355237 0.182241 0.665929  0.014019 -0.140877  0.656289  0.355753  0.182444  0.650667 0.0417429 -0.108772   0.63287   1.04334 -0.714758 -0.403658  -2.39149   0.08257   2.57362 -0.104657
0.354374 0.182082 0.666815 0.0142349  -0.14132  0.655669  0.354628  0.183482   0.65066 0.0412986 -0.109211   0.63252    1.0466 -0.716256 -0.403726   -2.3984 0.0809188   2.58441 -0.106339
0.353463 0.182063 0.667527  0.014503 -0.141617  0.655101  0.353505  0.184518  0.650653 0.0408554 -0.109649  0.632171   1.04982 -0.717498  -0.40366  -2.40522 0.0792506   2.59475 -0.108005
0.352503 0.182181 0.668075 0.0148251 -0.141774  0.654585  0.352385  0.185551  0.650646 0.0404133 -0.110086  0.631823     1.053 -0.718501  -0.40348   -2.4119 0.0775661   2.60463 -0.109656
0.351468 0.182677 0.667843 0.0151512 -0.141864  0.654115  0.351268  0.186582  0.650639 0.0399723 -0.110521  0.631475   1.05612  -0.71931 -0.403199  -2.41837 0.0758688   2.61419 -0.111299
0.350355 0.183822 0.666303 0.0154955 -0.141887  0.653683  0.350153   0.18761  0.650632 0.0395325 -0.110956  0.631129   1.05918 -0.720007 -0.402826  -2.42446 0.0741632   2.62365 -0.112946
0.349227 0.185229 0.664444 0.0159268 -0.141753  0.653299  0.349042  0.188635  0.650625 0.0390938 -0.111389  0.630784   1.06215 -0.720631 -0.402373  -2.43013 0.0724503   2.63303 -0.114597
0.348106 0.186741  0.66255 0.0163958 -0.141523  0.652962  0.347934  0.189657  0.650618 0.0386563 -0.111821  0.630439   1.06503 -0.721212  -0.40185   -2.4354 0.0707313   2.64232  -0.11625
0.346991 0.188298 0.660724 0.0168822 -0.141232  0.652667  0.346829  0.190677  0.650611 0.0382201 -0.112252  0.630096   1.06783 -0.721769 -0.401262  -2.44028 0.0690075   2.65151 -0.117905
0.345883 0.189862 0.659025 0.0173715 -0.140905   0.65241  0.345727  0.191693  0.650604 0.0377851 -0.112681  0.629753   1.07053 -0.722316 -0.400614  -2.44481 0.0672803   2.66062  -0.11956
0.344778 0.191401 0.657495 0.0178509 -0.140562  0.652183  0.344628  0.192707  0.650597 0.0373514  -0.11311  0.629412   1.07314 -0.722859 -0.399909  -2.44903  0.065551   2.66962 -0.121216
0.343673  0.19289 0.656156 0.0183092 -0.140222   0.65198  0.343532  0.193718   0.65059 0.0369189 -0.113537  0.629071   1.07565 -0.723398 -0.399149  -2.45297  0.063821   2.67853 -0.122871
0.342566 0.194313 0.655022 0.0187373 -0.139901  0.651795   0.34244  0.194725  0.650583 0.0364878 -0.113963  0.628732   1.07807 -0.723928 -0.398338  -2.45666 0.0620913   2.68732 -0.124525
0.341457 0.195653 0.654092 0.0191284 -0.139608  0.651622  0.341351   0.19573  0.650576  0.036058 -0.114387  0.628393    1.0804  -0.72444 -0.397477  -2.46015 0.0603629   2.69601 -0.126179
0.340345 0.196907 0.653357 0.0194788  -0.13935  0.651457  0.340265  0.196731   0.65057 0.0356295  -0.11481  0.628056   1.08263 -0.724921 -0.396568  -2.46346 0.0586366   2.70458 -0.127831
0.339231 0.198073 0.652802 0.0197874 -0.139127  0.651299  0.339184  0.197729  0.650563 0.0352024 -0.115232  0.627719   1.08479 -0.725361 -0.395614  -2.46661  0.056913   2.71304 -0.129483
0.338117 0.199153 0.652409  0.020055 -0.138938  0.651145  0.338105  0.198724  0.650556 0.0347768 -0.115652  0.627384   1.08687 -0.725746 -0.394617  -2.46962 0.0551927   2.72137 -0.131135
0.337005 0.200156 0.652156 0.0202848 -0.138779  0.650996   0.33703  0.199716  0.650549 0.0343526 -0.116071   0.62705   1.08888 -0.726066 -0.393579  -2.47253 0.0534759   2.72957 -0.132786
0.335896 0.201093 0.652021 0.0204813 -0.138642  0.650852  0.335959  0.200704  0.650542 0.0339298 -0.116489  0.626717   1.09083 -0.726312 -0.392502  -2.47534 0.0517631   2.73765 -0.134438
0.334794 0.201974 0.651982 0.0206501 -0.138521  0.650716  0.334892  0.201688  0.650536 0.0335085 -0.116905  0.626386   1.09272  -0.72648 -0.391388  -2.47807 0.0500544    2.7456 -0.136089
0.333699 0.202816 0.652015 0.0207974 -0.138405  0.650589  0.333828  0.202669  0.650529 0.0330887  -0.11732  0.626055   1.09456 -0.726565 -0.390241  -2.48072 0.0483501   2.75341  -0.13774
0.332613 0.203632 0.652095 0.0209295 -0.138286  0.650472  0.332769  0.203647  0.650522 0.0326704 -0.117733  0.625726   1.09635 -0.726569 -0.389062  -2.48332 0.0466503   2.76109 -0.139391
0.331537 0.204437 0.652198 0.0210526 -0.138155  0.650368  0.331713  0.204621  0.650516 0.0322537 -0.118144  0.625398    1.0981 -0.726493 -0.387854  -2.48586 0.0449551   2.76863 -0.141042
0.330471 0.205245   0.6523 0.0211726 -0.138005  0.650277  0.330661  0.205591  0.650509 0.0318385 -0.118555  0.625071   1.09981 -0.726344 -0.386619  -2.48834 0.0432646   2.77605 -0.142693
0.329416 0.206068 0.652382 0.0212943 -0.137828    0.6502  0.329613  0.206558  0.650502 0.0314249 -0.118963  0.624745   1.10148 -0.726128  -0.38536  -2.49077 0.0415789   2.78333 -0.144344
 0.32837 0.206915 0.652426 0.0214215 -0.137619  0.650138  0.32857  0.20752 0.650496 0.031013 -0.11937 0.624421   1.10312 -0.725854 -0.384078  -2.49315 0.0398979   2.79048 -0.145995
0.327334 0.207793 0.652419 0.0215572 -0.137376  0.650091   0.32753  0.208479  0.650489 0.0306027 -0.119775  0.624097   1.10472 -0.725532 -0.382777  -2.49547 0.0382218   2.79751 -0.147645
0.326308 0.208707 0.652356 0.0217029 -0.137095  0.650058  0.326495  0.209434  0.650483  0.030194 -0.120179  0.623776   1.10629 -0.725173 -0.381457  -2.49772 0.0365504   2.80442 -0.149295
 0.32529 0.209655 0.652234 0.0218589 -0.136779  0.650039  0.325464  0.210385  0.650476 0.0297871 -0.120581  0.623455   1.10783 -0.724787  -0.38012  -2.49991 0.0348838    2.8112 -0.150946
0.324279 0.210637 0.652059 0.0220243  -0.13643  0.650032  0.324437  0.211333   0.65047 0.0293818 -0.120981  0.623136   1.10934 -0.724382 -0.378769  -2.50202 0.0332221   2.81786 -0.152596
0.323276 0.211646 0.651837 0.0221976 -0.136051  0.650038  0.323415  0.212276  0.650463 0.0289783 -0.121379  0.622818   1.11081 -0.723968 -0.377404  -2.50406 0.0315653   2.82441 -0.154246
0.322279 0.212676 0.651583 0.0223764 -0.135649  0.650054  0.322397  0.213215  0.650457 0.0285765 -0.121776  0.622502   1.11225 -0.723551 -0.376026  -2.50602 0.0299134   2.83085 -0.155896
0.321287  0.21372  0.65131 0.0225576 -0.135228  0.650078  0.321384  0.214149   0.65045 0.0281765 -0.122171  0.622187   1.11365 -0.723136 -0.374637   -2.5079 0.0282667   2.83718 -0.157546
  0.3203 0.214769 0.651031 0.0227381 -0.134796   0.65011  0.320375   0.21508  0.650444 0.0277784 -0.122565  0.621874   1.11502 -0.722726 -0.373238   -2.5097 0.0266254    2.8434 -0.159196
0.319315 0.215814 0.650761 0.0229148 -0.134359  0.650148  0.319371  0.216006  0.650438  0.027382 -0.122956  0.621561   1.11636 -0.722322 -0.371828  -2.51143 0.0249897   2.84951 -0.160847
0.318334 0.216848 0.650513 0.0230847 -0.133922   0.65019  0.318371  0.216928  0.650431 0.0269875 -0.123346  0.621251   1.11767 -0.721925  -0.37041  -2.51309   0.02336   2.85551 -0.162497
0.317354 0.217866 0.650297 0.0232455 -0.133492  0.650234  0.317377  0.217846  0.650425 0.0265949 -0.123733  0.620942   1.11894 -0.721532 -0.368983  -2.51468 0.0217365    2.8614 -0.164148
0.316376 0.218861 0.650119 0.0233953 -0.133071  0.650281  0.316387  0.218759  0.650419 0.0262041 -0.124119  0.620634   1.12018  -0.72114 -0.367548  -2.51621 0.0201197   2.86719 -0.165799
0.315399 0.219832 0.649985 0.0235329 -0.132662  0.650328  0.315402  0.219668  0.650413 0.0258153 -0.124503  0.620328   1.12138 -0.720745 -0.366107  -2.51769 0.0185098   2.87287  -0.16745
0.314424 0.220777 0.649896 0.0236576 -0.132268  0.650377  0.314422  0.220572  0.650407 0.0254285 -0.124885  0.620023   1.12256 -0.720344 -0.364658  -2.51912 0.0169074   2.87843 -0.169101
 0.31345 0.221695 0.649851 0.0237697 -0.131888  0.650425  0.313447  0.221471    0.6504 0.0250436 -0.125266   0.61972   1.12371 -0.719933 -0.363204   -2.5205 0.0153126   2.88389 -0.170753
0.312478 0.222588 0.649845 0.0238697 -0.131521  0.650474  0.312477  0.222366  0.650394 0.0246607 -0.125644  0.619419   1.12483 -0.719506 -0.361744  -2.52185  0.013726   2.88924 -0.172405
0.311509 0.223459 0.649876 0.0239587 -0.131165  0.650524  0.311512  0.223256  0.650388 0.0242798  -0.12602  0.619119   1.12592 -0.719062  -0.36028  -2.52316 0.0121478   2.89448 -0.174056
0.310542 0.224311 0.649934 0.0240382 -0.130819  0.650574  0.310552  0.224142  0.650382 0.0239009 -0.126394   0.61882   1.12699 -0.718598 -0.358811  -2.52445 0.0105784    2.8996 -0.175708
 0.30958 0.225148 0.650013 0.0241098 -0.130479  0.650627  0.309597  0.225022  0.650376 0.0235241 -0.126766  0.618524    1.12803  -0.718113  -0.357339   -2.52571 0.00901799    2.90462   -0.17736
0.308621 0.225976 0.650103 0.0241754 -0.130142  0.650681  0.308648  0.225898   0.65037 0.0231494 -0.127136  0.618229    1.12904  -0.717605  -0.355864   -2.52695 0.00746687    2.90953  -0.179012
0.307667 0.226798 0.650196 0.0242368 -0.129805  0.650737  0.307704  0.226769  0.650364 0.0227768 -0.127504  0.617935    1.13003  -0.717076  -0.354386   -2.52816 0.00592525    2.91432  -0.180665
0.306719 0.227617 0.650284 0.0242954 -0.129466  0.650797  0.306765  0.227635  0.650358 0.0224064  -0.12787  0.617643      1.131  -0.716527  -0.352906   -2.52935 0.00439332    2.91902  -0.182317
0.305777 0.228438 0.650362 0.0243527 -0.129121  0.650859  0.305832  0.228495  0.650352 0.0220381 -0.128234  0.617353    1.13194   -0.71596  -0.351424   -2.53052 0.00287125     2.9236   -0.18397
0.304842 0.229263 0.650424 0.0244099 -0.128768  0.650926  0.304905  0.229351  0.650346 0.0216719 -0.128596  0.617065    1.13286  -0.715378   -0.34994   -2.53166 0.00135915    2.92809  -0.185622
0.303913 0.230093 0.650466 0.0244674 -0.128408  0.650995  0.303983  0.230202  0.650341  0.021308 -0.128955  0.616779      1.13376    -0.714783    -0.348456     -2.53278 -0.000142844      2.93247    -0.187275
0.302991  0.23093 0.650486 0.0245257 -0.128038  0.651069  0.303066  0.231047  0.650335 0.0209463 -0.129312  0.616494     1.13463    -0.71418   -0.346972    -2.53387 -0.00163465     2.93675   -0.188928
0.302077 0.231773 0.650485 0.024585 -0.12766 0.651145  0.302156  0.231887  0.650329 0.0205868 -0.129667  0.616211     1.13548   -0.713571   -0.345487    -2.53493 -0.00311619     2.94093   -0.190581
 0.30117  0.23262 0.650463 0.0246448 -0.127273  0.651225  0.301251  0.232722  0.650323 0.0202297  -0.13002  0.615929     1.13631   -0.712959   -0.344002    -2.53596 -0.00458739     2.94502   -0.192235
0.300271 0.233472 0.650424 0.0247046 -0.126879  0.651308  0.300352  0.233551  0.650318 0.0198748 -0.130371   0.61565     1.13711   -0.712348   -0.342518    -2.53696 -0.00604818     2.94902   -0.193889
0.299379 0.234324 0.650371 0.0247636  -0.12648  0.651394  0.299458  0.234375  0.650312 0.0195222 -0.130719  0.615372      1.1379    -0.71174   -0.341035    -2.53792 -0.00749849     2.95293   -0.195543
0.298495 0.235176 0.650308 0.0248209 -0.126077  0.651482  0.298571  0.235194  0.650306  0.019172 -0.131065  0.615097     1.13866   -0.711136   -0.339553    -2.53885 -0.00893824     2.95674   -0.197197
0.297618 0.236023 0.650241 0.0248758 -0.125673  0.651571   0.29769  0.236007  0.650301 0.0188241 -0.131408  0.614823     1.1394  -0.710537  -0.338073   -2.53975 -0.0103673    2.96047  -0.198852
0.296749 0.236864 0.650172 0.0249273 -0.125269  0.651662  0.296815  0.236814  0.650295 0.0184787 -0.131749  0.614551    1.14013  -0.709945  -0.336594   -2.54062 -0.0117857    2.96411  -0.200508
0.295886 0.237697 0.650108 0.0249746 -0.124868  0.651754  0.295946  0.237616   0.65029 0.0181356 -0.132088  0.614281    1.14083   -0.70936  -0.335117   -2.54145 -0.0131932    2.96767  -0.202163
0.29503 0.23852 0.65005 0.0250172  -0.12447  0.651846  0.295083  0.238412  0.650284  0.017795 -0.132425  0.614012    1.14152   -0.70878  -0.333643   -2.54226 -0.0145898    2.97114  -0.203819
0.294181 0.239331 0.650002 0.0250545 -0.124078  0.651938  0.294226  0.239202  0.650279 0.0174568 -0.132759  0.613746    1.14219  -0.708207  -0.332172   -2.54303 -0.0159752    2.97453  -0.205476
0.293337  0.24013 0.649965 0.0250864 -0.123692   0.65203  0.293376  0.239987  0.650274 0.0171211  -0.13309  0.613482    1.14284  -0.707637  -0.330704   -2.54378 -0.0173494    2.97783  -0.207132
  0.2925 0.240916 0.649941 0.0251128 -0.123313  0.652122  0.292531  0.240765  0.650268  0.016788 -0.133419  0.613219    1.14348  -0.707072  -0.329239   -2.54451 -0.0187122    2.98106  -0.208789
0.291668 0.241689 0.649928 0.0251339 -0.122941  0.652214  0.291694  0.241538  0.650263 0.0164573 -0.133746  0.612959     1.1441  -0.706509  -0.327779   -2.54521 -0.0200634     2.9842  -0.210446
0.290842 0.242451 0.649927 0.0251499 -0.122575  0.652305  0.290863  0.242305  0.650258 0.0161292  -0.13407  0.612701    1.14471  -0.705947  -0.326323   -2.54589 -0.0214028    2.98726  -0.212104
0.290022 0.243202 0.649936 0.0251613 -0.122216  0.652396  0.290038  0.243066  0.650253 0.0158037 -0.134391  0.612444     1.1453  -0.705386  -0.324872   -2.54655 -0.0227303    2.99024  -0.213761
0.289207 0.243943 0.649952 0.0251687 -0.121863  0.652486   0.28922   0.24382  0.650247 0.0154808  -0.13471   0.61219    1.14588  -0.704825  -0.323426   -2.54719 -0.0240456    2.99314  -0.215418
0.288398 0.244676 0.649974 0.0251727 -0.121514  0.652577  0.288408  0.244569  0.650242 0.0151605 -0.135027  0.611938    1.14645  -0.704263  -0.321985   -2.54782 -0.0253487    2.99597  -0.217075
0.287595 0.245402 0.649999 0.0251739 -0.121169  0.652667  0.287604  0.245311  0.650237 0.0148429  -0.13534  0.611688    1.14701  -0.703701  -0.320551   -2.54843 -0.0266392    2.99871  -0.218733
0.286798 0.246122 0.650024 0.0251729 -0.120826  0.652758  0.286806  0.246047  0.650232 0.0145279 -0.135651   0.61144    1.14755  -0.703138  -0.319122   -2.54902 -0.0279169    3.00139   -0.22039
0.286006 0.246838 0.650048 0.0251701 -0.120486  0.652849  0.286015  0.246777  0.650227 0.0142157  -0.13596  0.611194    1.14808  -0.702575    -0.3177   -2.54959 -0.0291819    3.00399  -0.222046
0.285221  0.24755 0.650069 0.0251661 -0.120147   0.65294   0.28523    0.2475  0.650222 0.0139061 -0.136266   0.61095    1.14859  -0.702012  -0.316285   -2.55015 -0.0304337    3.00651  -0.223703
0.284442 0.248259 0.650084 0.0251611 -0.119809  0.653031  0.284453  0.248217  0.650217 0.0135993 -0.136569  0.610709    1.14909  -0.701451  -0.314877    -2.5507 -0.0316723    3.00897  -0.225359
 0.28367 0.248965 0.650095 0.0251554 -0.119471  0.653122  0.283683  0.248928  0.650213 0.0132952 -0.136869  0.610469    1.14958  -0.700892  -0.313476   -2.55122 -0.0328976    3.01135  -0.227015
0.282904 0.249669 0.650099  0.025149 -0.119133  0.653214   0.28292  0.249632  0.650208  0.012994 -0.137166  0.610232    1.15006  -0.700336  -0.312083   -2.55173 -0.0341093    3.01367  -0.228671
0.282146  0.25037 0.650096  0.025142 -0.118796  0.653306  0.282163   0.25033  0.650203 0.0126955 -0.137461  0.609997    1.15052  -0.699784  -0.310697   -2.55223 -0.0353074    3.01593  -0.230326
0.281395 0.251067 0.650089 0.0251344  -0.11846  0.653399  0.281415  0.251021  0.650198 0.0123999 -0.137753  0.609764    1.15096  -0.699237   -0.30932    -2.5527 -0.0364917    3.01811  -0.231981
 0.28065 0.251761 0.650077 0.0251257 -0.118125  0.653491  0.280673  0.251705  0.650194 0.0121072 -0.138042  0.609534     1.1514  -0.698696  -0.307952   -2.55316 -0.0376621    3.02024  -0.233636
0.279914 0.252449 0.650061 0.0251159 -0.117791  0.653583  0.279938  0.252382  0.650189 0.0118173 -0.138329  0.609305    1.15182   -0.69816  -0.306592   -2.55361 -0.0388185     3.0223   -0.23529
0.279185 0.253132 0.650043 0.0251049 -0.117459  0.653675  0.279211  0.253053  0.650184 0.0115303 -0.138612  0.609079    1.15223  -0.697632  -0.305241   -2.55403 -0.0399609    3.02431  -0.236943
0.278464 0.253808 0.650024 0.0250922  -0.11713  0.653767  0.278492  0.253717   0.65018 0.0112463 -0.138893  0.608856    1.15262   -0.69711  -0.303899   -2.55444 -0.0410891    3.02625  -0.238596
0.277751 0.254477 0.650004 0.0250777 -0.116805  0.653859   0.27778  0.254374  0.650175 0.0109652  -0.13917  0.608634    1.15301  -0.696596  -0.302568   -2.55484 -0.0422031    3.02814  -0.240248
0.277045 0.255138 0.649987 0.0250612 -0.116483  0.653949  0.277075  0.255024  0.650171 0.0106871 -0.139445  0.608415    1.15338  -0.696089  -0.301246   -2.55522 -0.0433029    3.02997  -0.241899
0.276348  0.25579 0.649971 0.0250425 -0.116165   0.65404  0.276378  0.255667  0.650166 0.0104119 -0.139717  0.608199    1.15374  -0.695589  -0.299934   -2.55558 -0.0443885    3.03175  -0.243549
0.275658 0.256433 0.649959 0.0250216 -0.115853  0.654129  0.275689  0.256302  0.650162 0.0101398 -0.139985  0.607984    1.15409  -0.695096  -0.298633   -2.55593 -0.0454597    3.03347  -0.245199
0.274977 0.257067 0.649949 0.0249984 -0.115545  0.654218   0.275007   0.256931   0.650158 0.00987078  -0.140251   0.607773    1.15443  -0.694609  -0.297343   -2.55626 -0.0465165    3.03514  -0.246847
0.274303 0.257692 0.649942 0.0249731 -0.115242  0.654306  0.274333  0.257553  0.650154 0.0096048 -0.140514  0.607563   1.15476 -0.694129 -0.296064  -2.55658 -0.047559   3.03675 -0.248495
0.273638 0.258307 0.649939 0.0249457 -0.114944  0.654393   0.273667   0.258167   0.650149 0.00934191  -0.140773   0.607356   1.15508 -0.693654 -0.294796  -2.55689 -0.048587   3.03832 -0.250142
0.272981 0.258913 0.649939 0.0249163  -0.11465  0.654479   0.273009   0.258774   0.650145 0.00908214   -0.14103   0.607152    1.15539  -0.693186  -0.293541   -2.55719 -0.0496007    3.03984  -0.251787
0.272332  0.25951 0.649941 0.0248852 -0.114362  0.654564  0.272359  0.259374  0.650141 0.0088255 -0.141283  0.606949    1.15569  -0.692723  -0.292297   -2.55748 -0.0505999     3.0413  -0.253431
0.271691 0.260098 0.649945 0.0248526 -0.114078  0.654649   0.271717   0.259967   0.650137 0.00857203  -0.141534    0.60675    1.15599  -0.692265  -0.291066   -2.55776 -0.0515847    3.04273  -0.255074
0.271058 0.260679  0.64995 0.0248188 -0.113799  0.654733   0.271083   0.260551   0.650133 0.00832174  -0.141781   0.606553   1.15628 -0.691813 -0.289847  -2.55802 -0.052555    3.0441 -0.256715
0.270433 0.261252 0.649955 0.0247839 -0.113523  0.654815   0.270457   0.261129   0.650129 0.00807467  -0.142025   0.606358    1.15655  -0.691366  -0.288642   -2.55828 -0.0535108    3.04543  -0.258356
0.269817 0.261817  0.64996 0.0247482 -0.113251  0.654897   0.269839   0.261699   0.650125 0.00783082  -0.142266   0.606166    1.15683  -0.690925  -0.287449   -2.55853 -0.0544521    3.04671  -0.259994
0.269208 0.262375 0.649964 0.0247118 -0.112983  0.654978   0.269229   0.262261   0.650121 0.00759023  -0.142503   0.605977    1.15709  -0.690489  -0.286271   -2.55876 -0.0553788    3.04795  -0.261631
0.268608 0.262926 0.649967  0.024675 -0.112717  0.655059   0.268628   0.262816   0.650118 0.00735293  -0.142738    0.60579   1.15735 -0.690059 -0.285105  -2.55899 -0.056291   3.04915 -0.263266
0.268016 0.263471 0.649969 0.0246378 -0.112456  0.655138   0.268035   0.263363   0.650114 0.00711892  -0.142969   0.605606    1.15759  -0.689634  -0.283954   -2.55921 -0.0571887    3.05031    -0.2649
0.267432 0.264009 0.649968 0.0246003 -0.112197  0.655217   0.267451   0.263902    0.65011 0.00688824  -0.143197   0.605424    1.15784  -0.689217  -0.282817   -2.55942 -0.0580717    3.05143  -0.266531
0.266856  0.26454 0.649967 0.0245628 -0.111942  0.655295   0.266875   0.264433   0.650106 0.00666092  -0.143421   0.605245    1.15807  -0.688805  -0.281694   -2.55963 -0.0589402    3.05252  -0.268161
0.266289 0.265065 0.649963 0.0245251 -0.111689  0.655372   0.266308   0.264956   0.650103 0.00643696  -0.143642   0.605069    1.1583   -0.6884 -0.280586  -2.55982 -0.059794   3.05356 -0.269789
 0.26573 0.265582 0.649958 0.0244872  -0.11144  0.655448  0.265749  0.265472  0.650099 0.0062164  -0.14386  0.604895    1.15852  -0.688003  -0.279493   -2.56001 -0.0606332    3.05457  -0.271415
 0.26518 0.266093 0.649952 0.0244493 -0.111195  0.655523   0.265199   0.265979   0.650096 0.00599926  -0.144075   0.604724    1.15873  -0.687612  -0.278415   -2.56018 -0.0614579    3.05554  -0.273038
0.264638 0.266596 0.649946 0.0244111 -0.110953  0.655597   0.264657   0.266479   0.650092 0.00578557  -0.144286   0.604556    1.15893  -0.687228  -0.277352   -2.56035 -0.0622678    3.05648   -0.27466
0.264104 0.267091 0.649939 0.0243727 -0.110715  0.655671   0.264125    0.26697   0.650089 0.00557534  -0.144493    0.60439    1.15913  -0.686852  -0.276305   -2.56051 -0.0630632    3.05739  -0.276279
 0.26358 0.267579 0.649932 0.0243341 -0.110481  0.655743   0.263601   0.267453   0.650086 0.00536861  -0.144698   0.604227   1.15932 -0.686483 -0.275274  -2.56067 -0.063844   3.05827 -0.277896
0.263064 0.268058 0.649925 0.0242952 -0.110251  0.655814   0.263086   0.267928   0.650083 0.00516539  -0.144898   0.604067     1.1595  -0.686122   -0.27426   -2.56081 -0.0646103    3.05911   -0.27951
0.262557 0.268528 0.649919 0.0242559 -0.110026  0.655884   0.26258  0.268395  0.650079 0.0049657 -0.145096   0.60391   1.15967 -0.685767 -0.273261  -2.56095 -0.065362   3.05993 -0.281122
0.262059  0.26899 0.649914 0.0242163 -0.109805  0.655953   0.262083   0.268853   0.650076 0.00476958  -0.145289   0.603756    1.15984   -0.68542  -0.272279   -2.56108 -0.0660993    3.06072  -0.282731
 0.26157 0.269443  0.64991 0.0241765 -0.109588   0.65602   0.261596   0.269303   0.650073 0.00457704  -0.145479   0.603604       1.16   -0.68508  -0.271314   -2.56121 -0.0668221    3.06148  -0.284337
 0.26109 0.269886 0.649907 0.0241363 -0.109376  0.656087  0.261117  0.269745   0.65007 0.0043881 -0.145666  0.603455    1.16016  -0.684747  -0.270367   -2.56133 -0.0675305    3.06221   -0.28594
0.260619 0.270321 0.649905 0.0240958 -0.109169  0.656152  0.260648  0.270178  0.650067 0.0042028 -0.145849  0.603309    1.16031  -0.684421  -0.269436   -2.56144 -0.0682246    3.06292  -0.287541
0.260158 0.270746 0.649904 0.0240551 -0.108966  0.656216   0.260187   0.270602   0.650064 0.00402116  -0.146028   0.603166    1.16045  -0.684102  -0.268523   -2.56155 -0.0689045     3.0636  -0.289138
0.259706 0.271163 0.649904 0.0240143 -0.108768  0.656279   0.259737   0.271018   0.650061 0.00384319  -0.146204   0.603026    1.16058  -0.683789  -0.267629   -2.56165 -0.0695701    3.06425  -0.290733
0.259264  0.27157 0.649905 0.0239735 -0.108574   0.65634   0.259295   0.271425   0.650059 0.00366892  -0.146376   0.602889    1.16071  -0.683483  -0.266752   -2.56175 -0.0702217    3.06489  -0.292324
0.258831 0.271969 0.649906 0.0239326 -0.108384  0.656401   0.258863   0.271824   0.650056 0.00349838  -0.146545   0.602755    1.16084  -0.683184  -0.265893   -2.56185 -0.0708593    3.06549  -0.293912
0.258407 0.272358 0.649907 0.0238919 -0.108199   0.65646    0.25844   0.272214   0.650053 0.00333159   -0.14671   0.602623    1.16095  -0.682892  -0.265054   -2.56194 -0.0714829    3.06608  -0.295496
0.257994 0.272738 0.649908 0.0238515 -0.108018  0.656517   0.258027   0.272595   0.650051 0.00316856  -0.146871   0.602495    1.16107  -0.682606  -0.264233   -2.56202 -0.0720927    3.06665  -0.297078
 0.25759  0.27311 0.649908 0.0238113 -0.107841  0.656574   0.257624   0.272967   0.650048 0.00300934  -0.147028    0.60237    1.16117  -0.682327  -0.263431   -2.56211 -0.0726887     3.0672  -0.298655
0.257196 0.273473 0.649909 0.0237713 -0.107669  0.656629    0.25723    0.27333   0.650046 0.00285393  -0.147181   0.602247   1.16127 -0.682055 -0.262648  -2.56219 -0.073271   3.06772 -0.300229
0.256811 0.273827 0.649909 0.023732  -0.1075 0.656683   0.256846   0.273684   0.650043 0.00270236  -0.147331   0.602128    1.16137  -0.681789  -0.261885   -2.56226 -0.0738398    3.06823  -0.301799
0.256437 0.274172 0.649909  0.023693 -0.107336  0.656736   0.256472    0.27403   0.650041 0.00255466  -0.147477   0.602012    1.16146  -0.681531  -0.261141   -2.56233 -0.0743951    3.06872  -0.303366
0.256072 0.274508 0.649908 0.0236547 -0.107176  0.656787   0.256108   0.274366   0.650039 0.00241085  -0.147619   0.601898    1.16154  -0.681279  -0.260417    -2.5624 -0.0749369    3.06919  -0.304928
0.255718 0.274835 0.649906 0.0236169 -0.107019  0.656837   0.255753   0.274693   0.650036 0.00227095  -0.147757   0.601788    1.16162  -0.681035  -0.259714   -2.56247 -0.0754655    3.06965  -0.306487
0.255373 0.275154 0.649904 0.0235797 -0.106867  0.656886   0.255409    0.27501   0.650034 0.00213498  -0.147891   0.601681     1.1617  -0.680798   -0.25903   -2.56253 -0.0759809    3.07009  -0.308041
0.255038 0.275463 0.649902 0.0235432  -0.10672  0.656934   0.255074   0.275319   0.650032 0.00200298  -0.148022   0.601577    1.16177  -0.680568  -0.258367   -2.56259 -0.0764831    3.07052  -0.309592
0.254714 0.275763   0.6499 0.0235073 -0.106576   0.65698    0.25475   0.275618    0.65003 0.00187496  -0.148148   0.601476    1.16183  -0.680345  -0.257725   -2.56265 -0.0769724    3.07093  -0.311138
0.254399 0.276054 0.649897 0.0234721 -0.106437  0.657024   0.254436   0.275908   0.650028 0.00175094  -0.148271   0.601379    1.16189  -0.680129  -0.257104    -2.5627 -0.0774487    3.07133  -0.312679
0.254095 0.276336 0.649894 0.0234375 -0.106302  0.657068   0.254132   0.276188   0.650026 0.00163095  -0.148389   0.601284    1.16194  -0.679921  -0.256504   -2.56275 -0.0779122    3.07171  -0.314217
0.253801 0.276608 0.649892 0.0234037 -0.106171   0.65711   0.253838   0.276459   0.650024 0.00151502  -0.148504   0.601193    1.16199   -0.67972  -0.255925    -2.5628 -0.0783629    3.07209  -0.315749
0.253517 0.276871  0.64989 0.0233706 -0.106045   0.65715   0.253555   0.276721   0.650022 0.00140316  -0.148614   0.601105    1.16203  -0.679527  -0.255368   -2.56285 -0.0788011    3.07245  -0.317277
0.253243 0.277125 0.649887 0.0233383 -0.105924  0.657189  0.253282  0.276973  0.650021 0.0012954 -0.148721   0.60102    1.16207   -0.67934  -0.254832    -2.5629 -0.0792267     3.0728  -0.318801
 0.25298 0.277368 0.649886 0.0233065 -0.105807  0.657227   0.253019   0.277215   0.650019 0.00119176  -0.148823   0.600938     1.1621  -0.679161  -0.254318   -2.56294 -0.0796399    3.07314  -0.320319
0.252727 0.277601 0.649885 0.0232756 -0.105694  0.657263   0.252767   0.277447   0.650017 0.00109228  -0.148921    0.60086    1.16213  -0.678989  -0.253827   -2.56298 -0.0800408    3.07347  -0.321833
0.252485 0.277825 0.649884 0.0232455 -0.105587  0.657297    0.252526     0.27767    0.650016 0.000996956   -0.149015    0.600785    1.16215  -0.678825  -0.253358   -2.56302 -0.0804294    3.07379  -0.323342
0.252253 0.278039 0.649884 0.0232161 -0.105484  0.657331    0.252295    0.277883    0.650014 0.000905831   -0.149105    0.600713   1.16217 -0.678667 -0.252911  -2.56306 -0.080806    3.0741 -0.324845
0.252032 0.278242 0.649883 0.0231876 -0.105385  0.657362    0.252075    0.278086    0.650013 0.000818922   -0.149191    0.600645    1.16218  -0.678516  -0.252487    -2.5631 -0.0811706     3.0744  -0.326343
0.251821 0.278436 0.649883   0.02316 -0.105291  0.657392    0.251865    0.278279    0.650012 0.000736253   -0.149273     0.60058    1.16219  -0.678373  -0.252086   -2.56314 -0.0815233     3.0747  -0.327837
0.251621  0.27862 0.649884 0.0231333 -0.105202  0.657421    0.251667    0.278463    0.650011 0.000657848    -0.14935    0.600518    1.16219  -0.678236  -0.251708   -2.56318 -0.0818643    3.07498  -0.329324
0.251433 0.278794 0.649885 0.0231076 -0.105118  0.657448   0.251479   0.278636   0.650009 0.00058373  -0.149423    0.60046    1.16218  -0.678106  -0.251353   -2.56321 -0.0821936    3.07527  -0.330807
0.251255 0.278957 0.649885 0.0230828 -0.105038  0.657474    0.251302    0.278799    0.650008 0.000513922   -0.149492    0.600405    1.16217  -0.677984  -0.251022   -2.56325 -0.0825114    3.07554  -0.332283
0.251088  0.27911 0.649886  0.023059 -0.104962  0.657498    0.251136    0.278952    0.650007 0.000448449   -0.149557    0.600353    1.16216  -0.677868  -0.250714   -2.56329 -0.0828178    3.07581  -0.333754
0.250932 0.279253 0.649887 0.0230364 -0.104891   0.65752    0.250981    0.279095    0.650006 0.000387332   -0.149617    0.600305    1.16214  -0.677759  -0.250431   -2.56332 -0.0831128    3.07607   -0.33522
0.250787 0.279386 0.649887 0.0230147 -0.104825  0.657541    0.250838    0.279227    0.650005 0.000330597   -0.149673     0.60026    1.16212  -0.677658  -0.250171   -2.56336 -0.0833968    3.07633  -0.336679
0.250653 0.279509 0.649888 0.0229942 -0.104763  0.657561    0.250705     0.27935    0.650004 0.000278266   -0.149725    0.600219    1.16209  -0.677563  -0.249935   -2.56339 -0.0836696    3.07659  -0.338133
0.250531 0.279622 0.649888  0.022975 -0.104706  0.657579    0.250584    0.279462    0.650004 0.000230362   -0.149772    0.600181    1.16205  -0.677475  -0.249724   -2.56343 -0.0839316    3.07684  -0.339581
 0.25042 0.279724 0.649888 0.0229567 -0.104653  0.657595   0.250474   0.279563   0.650003 0.00018691  -0.149815   0.600147    1.16201  -0.677394  -0.249537   -2.56346 -0.0841827    3.07708  -0.341022
 0.25032 0.279815 0.649889 0.0229397 -0.104605   0.65761    0.250375    0.279654    0.650002 0.000147931   -0.149854    0.600116    1.16197   -0.67732  -0.249375    -2.5635 -0.0844231    3.07733  -0.342458
0.250232 0.279896 0.649888 0.0229239 -0.104561  0.657623    0.250287    0.279735    0.650002 0.000113451   -0.149888    0.600089   1.16192 -0.677253 -0.249238  -2.56353 -0.084653   3.07757 -0.343887
0.250156 0.279967 0.649888 0.0229093 -0.104522  0.657635    0.250212    0.279805    0.650001 8.34926e-05   -0.149918    0.600066    1.16186  -0.677193  -0.249126   -2.56357 -0.0848724    3.07781   -0.34531
 0.25009 0.280027 0.649888  0.022896 -0.104488  0.657645    0.250147    0.279864    0.650001 5.80786e-05   -0.149943    0.600046     1.1618   -0.67714  -0.249039    -2.5636 -0.0850814    3.07805  -0.346726
0.250037 0.280076 0.649889 0.0228839 -0.104458  0.657653    0.250094    0.279913    0.650001 3.72328e-05   -0.149963    0.600029    1.16174  -0.677094  -0.248978   -2.56364 -0.0852802    3.07828  -0.348136
0.249995 0.280115 0.649888 0.0228731 -0.104433   0.65766    0.250053    0.279951        0.65 2.09786e-05   -0.149979    0.600017   1.16167 -0.677055 -0.248942  -2.56367 -0.085469   3.07852  -0.34954
0.249965 0.280143 0.649889 0.0228635 -0.104412  0.657665    0.250024    0.279978        0.65 9.33942e-06   -0.149991    0.600007    1.16159  -0.677023  -0.248932   -2.56371 -0.0856477    3.07875  -0.350937
0.249946  0.28016 0.649889 0.0228553 -0.104396  0.657669    0.250006    0.279995        0.65 2.33876e-06   -0.149998    0.600002    1.16151  -0.676997  -0.248947   -2.56374 -0.0858166    3.07898  -0.352327
0.249939 0.280166 0.649889 0.0228484 -0.104385  0.657671         0.25         0.28         0.65 -2.77556e-17        -0.15          0.6    1.16142  -0.676978  -0.248989   -2.56378 -0.0859756    3.07922   -0.35371
0.249944  0.28016  0.64989 0.0228428 -0.104379  0.657671  0.25  0.28  0.65     0 -0.15   0.6    1.16135  -0.676961  -0.249033   -2.56381 -0.0861294    3.07944  -0.355088
0.249961 0.280144 0.649891 0.0228386 -0.104377   0.65767  0.25  0.28  0.65     0 -0.15   0.6    1.16127  -0.676944  -0.249077   -2.56385 -0.0862785    3.07967  -0.356461
0.249978 0.280128 0.649892 0.0228347 -0.104377  0.657668  0.25  0.28  0.65     0 -0.15   0.6    1.16121  -0.676929  -0.249121   -2.56388 -0.0864228    3.07989  -0.357829
0.249993 0.280113 0.649894 0.0228316 -0.104376  0.657667  0.25  0.28  0.65     0 -0.15   0.6    1.16115  -0.676914  -0.249165   -2.56392 -0.0865625     3.0801  -0.359192
0.250007 0.280099 0.649896 0.0228289 -0.104376  0.657665  0.25  0.28  0.65     0 -0.15   0.6     1.1611  -0.676899  -0.249208   -2.56395 -0.0866975    3.08031   -0.36055
0.250019 0.280087 0.649899 0.0228269 -0.104376  0.657664  0.25  0.28  0.65     0 -0.15   0.6    1.16105  -0.676885  -0.249251   -2.56399 -0.0868277    3.08051  -0.361904
0.250029 0.280076 0.649902 0.0228254 -0.104376  0.657662  0.25  0.28  0.65     0 -0.15   0.6    1.16101  -0.676872  -0.249293   -2.56402 -0.0869533    3.08072  -0.363252
0.250038 0.280066 0.649904 0.0228244 -0.104376   0.65766  0.25  0.28  0.65     0 -0.15   0.6    1.16097   -0.67686  -0.249335   -2.56405 -0.0870741    3.08091  -0.364595
0.250046 0.280058 0.649906 0.0228238 -0.104376  0.657659  0.25  0.28  0.65     0 -0.15   0.6    1.16094  -0.676848  -0.249376   -2.56409 -0.0871902     3.0811  -0.365933
0.250053 0.280051 0.649907 0.0228237 -0.104376  0.657657  0.25  0.28  0.65     0 -0.15   0.6    1.16091  -0.676836  -0.249416   -2.56412 -0.0873016    3.08129  -0.367266
0.250059 0.280046 0.649906 0.0228239 -0.104375  0.657655  0.25  0.28  0.65     0 -0.15   0.6    1.16088  -0.676826  -0.249455   -2.56415 -0.0874084    3.08148  -0.368595
0.250064 0.280041 0.649906 0.0228245 -0.104374  0.657653  0.25  0.28  0.65     0 -0.15   0.6    1.16086  -0.676816  -0.249494   -2.56418 -0.0875106    3.08166  -0.369918
0.250068 0.280038 0.649905 0.0228254 -0.104374  0.657652  0.25  0.28  0.65     0 -0.15   0.6    1.16083  -0.676806  -0.249532   -2.56421 -0.0876081    3.08184  -0.371237
0.250071 0.280035 0.649904 0.0228265 -0.104373   0.65765  0.25  0.28  0.65     0 -0.15   0.6    1.16081  -0.676798  -0.249569   -2.56425 -0.0877011    3.08201  -0.372551
0.250074 0.280034 0.649902 0.0228278 -0.104372  0.657649  0.25  0.28  0.65     0 -0.15   0.6    1.16079  -0.676791  -0.249605   -2.56428 -0.0877896    3.08218   -0.37386
0.250076 0.280032   0.6499 0.0228292 -0.104371  0.657647  0.25  0.28  0.65     0 -0.15   0.6    1.16077  -0.676784  -0.249641    -2.5643 -0.0878736    3.08235  -0.375164
0.250078 0.280031 0.649898 0.0228306  -0.10437  0.657645  0.25  0.28  0.65     0 -0.15   0.6    1.16075  -0.676778  -0.249675   -2.56433 -0.0879531    3.08252  -0.376464
0.250079  0.28003 0.649897 0.0228319 -0.104369  0.657644  0.25  0.28  0.65     0 -0.15   0.6    1.16073  -0.676773  -0.249709   -2.56436 -0.0880283    3.08268  -0.377758
 0.25008  0.28003 0.649896 0.0228333 -0.104369  0.657642  0.25  0.28  0.65     0 -0.15   0.6    1.16071  -0.676769  -0.249743   -2.56439 -0.0880992    3.08284  -0.379048
0.250081 0.280029 0.649896 0.0228345 -0.104368   0.65764  0.25  0.28  0.65     0 -0.15   0.6     1.1607  -0.676765  -0.249775   -2.56442 -0.0881658    3.08299  -0.380334
0.250082 0.280028 0.649896 0.0228356 -0.104368  0.657639  0.25  0.28  0.65     0 -0.15   0.6    1.16068  -0.676762  -0.249807   -2.56444 -0.0882282    3.08315  -0.381615
0.250082 0.280028 0.649897 0.0228365 -0.104369  0.657637  0.25  0.28  0.65     0 -0.15   0.6    1.16067  -0.676759  -0.249839   -2.56447 -0.0882866     3.0833  -0.382891
0.250082 0.280027 0.649898 0.0228372 -0.104369  0.657635  0.25  0.28  0.65     0 -0.15   0.6    1.16065  -0.676757  -0.249869    -2.5645 -0.0883409    3.08344  -0.384162
0.250083 0.280025 0.649899 0.0228379  -0.10437  0.657633  0.25  0.28  0.65     0 -0.15   0.6    1.16064  -0.676755  -0.249899   -2.56452 -0.0883912    3.08359  -0.385429
0.250083 0.280024   0.6499 0.0228384 -0.104371  0.657632  0.25  0.28  0.65     0 -0.15   0.6    1.16063  -0.676753  -0.249929   -2.56455 -0.0884377    3.08373  -0.386692
0.250083 0.280023 0.649902 0.0228388 -0.104372   0.65763  0.25  0.28  0.65     0 -0.15   0.6    1.16062  -0.676752  -0.249958   -2.56457 -0.0884804    3.08387   -0.38795
0.250084 0.280021 0.649904 0.0228392 -0.104374  0.657628  0.25  0.28  0.65     0 -0.15   0.6     1.1606   -0.67675  -0.249986    -2.5646 -0.0885193    3.08401  -0.389203
0.250084  0.28002 0.649906 0.0228394 -0.104375  0.657626  0.25  0.28  0.65     0 -0.15   0.6    1.16059   -0.67675  -0.250014   -2.56463 -0.0885546    3.08414  -0.390452
0.250085 0.280018 0.649907 0.0228396 -0.104376  0.657624  0.25  0.28  0.65     0 -0.15   0.6    1.16058  -0.676749  -0.250041   -2.56465 -0.0885863    3.08427  -0.391696
0.250085 0.280017 0.649909 0.0228397 -0.104378  0.657622  0.25  0.28  0.65     0 -0.15   0.6    1.16057  -0.676749  -0.250068   -2.56468 -0.0886145     3.0844  -0.392936
0.250085 0.280016  0.64991 0.0228399 -0.104379  0.657621  0.25  0.28  0.65     0 -0.15   0.6    1.16057  -0.676749  -0.250094    -2.5647 -0.0886393    3.08453  -0.394172
0.250086 0.280015  0.64991 0.0228401 -0.104381  0.657619  0.25  0.28  0.65     0 -0.15   0.6    1.16056  -0.676749   -0.25012   -2.56473 -0.0886607    3.08466  -0.395403
0.250086 0.280014 0.649911 0.0228402 -0.104382  0.657617  0.25  0.28  0.65     0 -0.15   0.6    1.16055   -0.67675  -0.250146   -2.56475 -0.0886788    3.08478   -0.39663
0.250087 0.280013 0.649911 0.0228404 -0.104383  0.657615  0.25  0.28  0.65     0 -0.15   0.6    1.16055  -0.676751  -0.250171   -2.56477 -0.0886936     3.0849  -0.397853
0.250087 0.280012 0.649911 0.0228407 -0.104384  0.657614  0.25  0.28  0.65     0 -0.15   0.6    1.16054  -0.676752  -0.250195    -2.5648 -0.0887052    3.08502  -0.399071
0.250088 0.280012 0.649911 0.0228409 -0.104385  0.657612  0.25  0.28  0.65     0 -0.15   0.6    1.16054  -0.676754  -0.250219   -2.56482 -0.0887138    3.08514  -0.400285
0.250088 0.280012 0.649911 0.0228411 -0.104387   0.65761  0.25  0.28  0.65     0 -0.15   0.6    1.16053  -0.676756  -0.250243   -2.56485 -0.0887192    3.08526  -0.401495
0.250088 0.280012 0.649911 0.0228414 -0.104388  0.657608  0.25  0.28  0.65     0 -0.15   0.6    1.16053  -0.676758  -0.250266   -2.56487 -0.0887216    3.08537    -0.4027
0.250088 0.280011  0.64991 0.0228416 -0.104389  0.657607  0.25  0.28  0.65     0 -0.15   0.6   1.16052 -0.676761 -0.250288  -2.56489 -0.088721   3.08548 -0.403901
0.250088 0.280011  0.64991 0.0228418  -0.10439  0.657605  0.25  0.28  0.65     0 -0.15   0.6    1.16052  -0.676765  -0.250311   -2.56491 -0.0887175    3.08559  -0.405098
0.250088 0.280011  0.64991  0.022842 -0.104392  0.657603  0.25  0.28  0.65     0 -0.15   0.6    1.16052  -0.676768  -0.250333   -2.56494 -0.0887111     3.0857  -0.406291
0.250088 0.280011  0.64991 0.0228422 -0.104393  0.657601  0.25  0.28  0.65     0 -0.15   0.6    1.16052  -0.676772  -0.250354   -2.56496 -0.0887019    3.08581   -0.40748
0.250088 0.280012  0.64991 0.0228424 -0.104394    0.6576  0.25  0.28  0.65     0 -0.15   0.6    1.16052  -0.676776  -0.250375   -2.56498 -0.0886899    3.08591  -0.408665
0.250087 0.280012  0.64991 0.0228425 -0.104396  0.657598  0.25  0.28  0.65     0 -0.15   0.6    1.16051  -0.676781  -0.250396     -2.565 -0.0886751    3.08602  -0.409845
0.250087 0.280012  0.64991 0.0228426 -0.104398  0.657596  0.25  0.28  0.65     0 -0.15   0.6    1.16051  -0.676786  -0.250416   -2.56502 -0.0886577    3.08612  -0.411022
0.250086 0.280012  0.64991 0.0228427 -0.104399  0.657594  0.25  0.28  0.65     0 -0.15   0.6    1.16051  -0.676791  -0.250436   -2.56504 -0.0886376    3.08622  -0.412194
0.250086 0.280012 0.649911 0.0228426 -0.104401  0.657593  0.25  0.28  0.65     0 -0.15   0.6    1.16051  -0.676796  -0.250455   -2.56507 -0.0886149    3.08632  -0.413362
0.250085 0.280012 0.649912 0.0228425 -0.104403  0.657591  0.25  0.28  0.65     0 -0.15   0.6    1.16051  -0.676801  -0.250474   -2.56509 -0.0885897    3.08642  -0.414526
0.250084 0.280012 0.649913 0.0228425 -0.104405  0.657589  0.25  0.28  0.65     0 -0.15   0.6   1.16051 -0.676807 -0.250493  -2.56511 -0.088562   3.08652 -0.415687
0.250084 0.280011 0.649913 0.0228423 -0.104407  0.657587  0.25  0.28  0.65     0 -0.15   0.6    1.16051  -0.676812  -0.250512   -2.56513 -0.0885318    3.08661  -0.416843
0.250083 0.280011 0.649914 0.0228421 -0.104409  0.657586  0.25  0.28  0.65     0 -0.15   0.6    1.16051  -0.676818   -0.25053   -2.56515 -0.0884992    3.08671  -0.417995
0.250083 0.280011 0.649915  0.022842 -0.104411  0.657584  0.25  0.28  0.65     0 -0.15   0.6    1.16051  -0.676824  -0.250548   -2.56517 -0.0884643     3.0868  -0.419143
0.250082 0.280011 0.649916 0.0228417 -0.104414  0.657582  0.25  0.28  0.65     0 -0.15   0.6    1.16051   -0.67683  -0.250565   -2.56519 -0.0884271    3.08689  -0.420288
0.250082 0.280011 0.649917 0.0228415 -0.104416   0.65758  0.25  0.28  0.65     0 -0.15   0.6    1.16052  -0.676836  -0.250582   -2.56521 -0.0883876    3.08698  -0.421428
0.250081 0.280011 0.649918 0.0228412 -0.104418  0.657578  0.25  0.28  0.65     0 -0.15   0.6    1.16052  -0.676843  -0.250599   -2.56523 -0.0883458    3.08707  -0.422565
0.250081 0.280011 0.649918 0.0228408  -0.10442  0.657577  0.25  0.28  0.65     0 -0.15   0.6   1.16052 -0.676849 -0.250615  -2.56525 -0.088302   3.08716 -0.423697
 0.25008  0.28001 0.649919 0.0228406 -0.104422  0.657575  0.25  0.28  0.65     0 -0.15   0.6    1.16052  -0.676856  -0.250632   -2.56527 -0.0882559    3.08725  -0.424826
 0.25008  0.28001 0.649919 0.0228403 -0.104424  0.657573  0.25  0.28  0.65     0 -0.15   0.6    1.16052  -0.676862  -0.250648   -2.56529 -0.0882079    3.08733  -0.425951
0.25008 0.28001 0.64992   0.02284 -0.104426  0.657572  0.25  0.28  0.65     0 -0.15   0.6    1.16053  -0.676869  -0.250663   -2.56531 -0.0881577    3.08742  -0.427072
0.250079  0.28001  0.64992 0.0228396 -0.104428   0.65757  0.25  0.28  0.65     0 -0.15   0.6    1.16053  -0.676876  -0.250679   -2.56532 -0.0881056     3.0875  -0.428189
0.250079  0.28001  0.64992 0.0228392 -0.104431  0.657568  0.25  0.28  0.65     0 -0.15   0.6    1.16053  -0.676883  -0.250694   -2.56534 -0.0880515    3.08759  -0.429303
0.250079  0.28001  0.64992 0.0228389 -0.104433  0.657566  0.25  0.28  0.65     0 -0.15   0.6    1.16054   -0.67689  -0.250709   -2.56536 -0.0879956    3.08767  -0.430413
0.250079  0.28001  0.64992 0.0228386 -0.104435  0.657565  0.25  0.28  0.65     0 -0.15   0.6    1.16054  -0.676898  -0.250723   -2.56538 -0.0879377    3.08775  -0.431519
0.250078  0.28001  0.64992 0.0228383 -0.104437  0.657563  0.25  0.28  0.65     0 -0.15   0.6   1.16054 -0.676905 -0.250738   -2.5654 -0.087878   3.08783 -0.432621
0.250078  0.28001  0.64992 0.0228378 -0.104439  0.657561  0.25  0.28  0.65     0 -0.15   0.6    1.16055  -0.676913  -0.250752   -2.56542 -0.0878166    3.08791  -0.433719
0.250078  0.28001 0.649921 0.0228374 -0.104441   0.65756  0.25  0.28  0.65     0 -0.15   0.6    1.16055  -0.676921  -0.250765   -2.56544 -0.0877533    3.08799  -0.434814
0.250078  0.28001 0.649921  0.022837 -0.104443  0.657558  0.25  0.28  0.65     0 -0.15   0.6    1.16056  -0.676929  -0.250779   -2.56545 -0.0876884    3.08806  -0.435905
0.250077  0.28001 0.649921 0.0228366 -0.104445  0.657556  0.25  0.28  0.65     0 -0.15   0.6    1.16056  -0.676937  -0.250792   -2.56547 -0.0876217    3.08814  -0.436993
0.250077  0.28001 0.649922 0.0228361 -0.104448  0.657555  0.25  0.28  0.65     0 -0.15   0.6    1.16057  -0.676945  -0.250805   -2.56549 -0.0875534    3.08821  -0.438077
0.250077  0.28001 0.649922 0.0228357  -0.10445  0.657553  0.25  0.28  0.65     0 -0.15   0.6    1.16057  -0.676953  -0.250818   -2.56551 -0.0874835    3.08829  -0.439157
0.250076  0.28001 0.649922 0.0228352 -0.104452  0.657552  0.25  0.28  0.65     0 -0.15   0.6    1.16058  -0.676962  -0.250831   -2.56552 -0.0874119    3.08836  -0.440234
0.250076 0.280009 0.649923 0.0228347 -0.104454   0.65755  0.25  0.28  0.65     0 -0.15   0.6    1.16058   -0.67697  -0.250843   -2.56554 -0.0873388    3.08844  -0.441307
0.250076 0.280009 0.649923 0.0228343 -0.104457  0.657548  0.25  0.28  0.65     0 -0.15   0.6    1.16059  -0.676978  -0.250855   -2.56556 -0.0872642    3.08851  -0.442376
0.250075 0.280009 0.649924 0.0228338 -0.104459  0.657547  0.25  0.28  0.65     0 -0.15   0.6     1.1606  -0.676987  -0.250867   -2.56557 -0.0871881    3.08858  -0.443442
0.250075 0.280009 0.649924 0.0228333 -0.104461  0.657545  0.25  0.28  0.65     0 -0.15   0.6     1.1606  -0.676996  -0.250879   -2.56559 -0.0871105    3.08865  -0.444504
0.250074 0.280009 0.649925 0.0228328 -0.104464  0.657543  0.25  0.28  0.65     0 -0.15   0.6    1.16061  -0.677004   -0.25089   -2.56561 -0.0870315    3.08872  -0.445563
0.250074 0.280009 0.649925 0.0228323 -0.104466  0.657542  0.25  0.28  0.65     0 -0.15   0.6    1.16062  -0.677013  -0.250901   -2.56563 -0.0869511    3.08879  -0.446618
0.250073 0.280009 0.649926 0.0228318 -0.104468   0.65754  0.25  0.28  0.65     0 -0.15   0.6    1.16062  -0.677022  -0.250912   -2.56564 -0.0868693    3.08886   -0.44767
0.250073 0.280009 0.649926 0.0228314 -0.104471  0.657539  0.25  0.28  0.65     0 -0.15   0.6    1.16063   -0.67703  -0.250923   -2.56566 -0.0867861    3.08893  -0.448718
0.250072 0.280009 0.649927 0.0228308 -0.104473  0.657537  0.25  0.28  0.65     0 -0.15   0.6    1.16064  -0.677039  -0.250934   -2.56567 -0.0867017    3.08899  -0.449763
0.250072 0.280009 0.649927 0.0228303 -0.104475  0.657535  0.25  0.28  0.65     0 -0.15   0.6    1.16064  -0.677048  -0.250944   -2.56569 -0.0866159    3.08906  -0.450804
0.250072 0.280009 0.649927 0.0228298 -0.104477  0.657534  0.25  0.28  0.65     0 -0.15   0.6    1.16065  -0.677057  -0.250954   -2.56571 -0.0865289    3.08913  -0.451842
0.250071 0.280009 0.649928 0.0228293  -0.10448  0.657532  0.25  0.28  0.65     0 -0.15   0.6    1.16066  -0.677066  -0.250964   -2.56572 -0.0864406    3.08919  -0.452877
0.250071 0.280009 0.649928 0.0228287 -0.104482  0.657531  0.25  0.28  0.65     0 -0.15   0.6    1.16067  -0.677075  -0.250974   -2.56574 -0.0863512    3.08926  -0.453908
0.250071 0.280009 0.649928 0.0228282 -0.104484  0.657529  0.25  0.28  0.65     0 -0.15   0.6    1.16068  -0.677084  -0.250984   -2.56575 -0.0862605    3.08932  -0.454935
 0.25007 0.280009 0.649928 0.0228277 -0.104486  0.657528  0.25  0.28  0.65     0 -0.15   0.6    1.16068  -0.677093  -0.250993   -2.56577 -0.0861687    3.08939   -0.45596
 0.25007 0.280009 0.649929 0.0228271 -0.104488  0.657526  0.25  0.28  0.65     0 -0.15   0.6    1.16069  -0.677102  -0.251002   -2.56579 -0.0860758    3.08945   -0.45698
 0.25007 0.280009 0.649929 0.0228266 -0.104491  0.657525  0.25  0.28  0.65     0 -0.15   0.6     1.1607  -0.677111  -0.251011    -2.5658 -0.0859818    3.08951  -0.457998
0.250069 0.280009  0.64993  0.022826 -0.104493  0.657523  0.25  0.28  0.65     0 -0.15   0.6    1.16071   -0.67712   -0.25102   -2.56582 -0.0858867    3.08957  -0.459012
0.250069 0.280009  0.64993 0.0228254 -0.104495  0.657522  0.25  0.28  0.65     0 -0.15   0.6    1.16072  -0.677129  -0.251029   -2.56583 -0.0857905    3.08963  -0.460023
0.250069 0.280009  0.64993 0.0228249 -0.104497   0.65752  0.25  0.28  0.65     0 -0.15   0.6    1.16073  -0.677138  -0.251038   -2.56585 -0.0856933    3.08969   -0.46103
0.250068 0.280009 0.649931 0.0228243   -0.1045  0.657518  0.25  0.28  0.65     0 -0.15   0.6    1.16073  -0.677148  -0.251046   -2.56586 -0.0855952    3.08976  -0.462035
0.250068 0.280009 0.649931 0.0228237 -0.104502  0.657517  0.25  0.28  0.65     0 -0.15   0.6   1.16074 -0.677157 -0.251054  -2.56588 -0.085496   3.08982 -0.463036
0.250068 0.280009 0.649931 0.0228231 -0.104504  0.657516  0.25  0.28  0.65     0 -0.15   0.6    1.16075  -0.677166  -0.251062   -2.56589 -0.0853959    3.08987  -0.464033
0.250067 0.280009 0.649931 0.0228226 -0.104506  0.657514  0.25  0.28  0.65     0 -0.15   0.6    1.16076  -0.677175   -0.25107   -2.56591 -0.0852949    3.08993  -0.465028
0.250067 0.280009 0.649932  0.022822 -0.104509  0.657513  0.25  0.28  0.65     0 -0.15   0.6    1.16077  -0.677185  -0.251078   -2.56592 -0.0851929    3.08999  -0.466019
0.250067 0.280009 0.649932 0.0228213 -0.104511  0.657511  0.25  0.28  0.65     0 -0.15   0.6    1.16078  -0.677194  -0.251085   -2.56594 -0.0850901    3.09005  -0.467007
0.250066 0.280008 0.649933 0.0228208 -0.104513   0.65751  0.25  0.28  0.65     0 -0.15   0.6    1.16079  -0.677203  -0.251093   -2.56595 -0.0849864    3.09011  -0.467991
0.250066 0.280009 0.649933 0.0228202 -0.104515  0.657508  0.25  0.28  0.65     0 -0.15   0.6     1.1608  -0.677213    -0.2511   -2.56596 -0.0848818    3.09016  -0.468973
