    0.5665 -0.0119941   0.652099  0.1249 -0.0266  0.6984     0.5665 -0.0119941   0.652099     0.1249    -0.0266     0.6984       0       0       0 -1.5708       0  1.5708       0
    0.5665 -0.0119939   0.652099  0.1249 -0.0266  0.6984   0.566494 -0.0119886   0.652099   0.124898 -0.0266023   0.698398  9.89509e-06 -5.03796e-05  9.89509e-06     -1.57086  2.56521e-06      1.57084 -3.57102e-06
   0.5665 -0.011994  0.652099  0.1249 -0.0266  0.6984   0.566476 -0.0119722   0.652099   0.124891 -0.0266093   0.698393  3.05927e-05  -0.00015568  3.05927e-05       -1.571  7.92878e-06      1.57092 -1.10366e-05
  0.566488 -0.0119842     0.6521   0.124885 -0.0265979   0.698403   0.566447  -0.011945   0.652099   0.124879 -0.0266207   0.698383  6.21328e-05 -0.000316702  6.21227e-05     -1.57122  1.61698e-05      1.57105 -2.28017e-05
  0.566462 -0.0119622   0.652098   0.124855 -0.0265931    0.69841   0.566406  -0.011907   0.652098   0.124863 -0.0266368   0.698371  0.000104337 -0.000533866  0.000104283     -1.57151  2.73191e-05      1.57123 -3.92913e-05
  0.566423 -0.0119269   0.652094    0.12481 -0.0265855   0.698421   0.566353 -0.0118583   0.652098   0.124842 -0.0266574   0.698354  0.000156959 -0.000807613  0.000156789     -1.57188   4.1403e-05      1.57147 -6.09122e-05
  0.566372 -0.0118791   0.652086   0.124749 -0.0265752   0.698435   0.566288 -0.0117989   0.652098   0.124817 -0.0266825   0.698334  0.000219805   -0.0011384   0.00021939     -1.57233  5.84666e-05      1.57177 -8.80467e-05
  0.566307 -0.0118189   0.652077   0.124672 -0.0265623   0.698452   0.566213 -0.0117289   0.652097   0.124787 -0.0267121   0.698311  0.000292698  -0.00152661  0.000291833     -1.57286  7.85696e-05      1.57214 -0.000121054
  0.566231 -0.0117466   0.652067    0.12458 -0.0265467   0.698473   0.566125 -0.0116483   0.652097   0.124752 -0.0267461   0.698283 0.000375503 -0.00197258 0.000373885    -1.57346  0.00010179     1.57258 -0.00016027
  0.566141 -0.0116629   0.652058    0.12447 -0.0265287   0.698498   0.566027 -0.0115572   0.652096   0.124713 -0.0267846   0.698253  0.000468151  -0.00247653  0.000465348     -1.57415  0.000128226      1.57308 -0.000206008
  0.566039 -0.0115678    0.65205   0.124344 -0.0265083   0.698526   0.565916 -0.0114557   0.652095    0.12467 -0.0268275   0.698219 0.000570582 -0.00303862 0.000566014    -1.57492 0.000157987     1.57366 -0.00025856
  0.565924 -0.0114612   0.652045     0.1242 -0.0264855   0.698559   0.565795 -0.0113437   0.652094   0.124622 -0.0268749   0.698181  0.000682728  -0.00365888  0.000675627     -1.57577  0.000191189      1.57432 -0.000318202
  0.565797 -0.0113434   0.652042    0.12404 -0.0264603   0.698595   0.565663 -0.0112214   0.652094    0.12457 -0.0269265    0.69814 0.000804573  -0.0043373 0.000793953    -1.57671 0.000227955     1.57507  -0.0003852
  0.565657 -0.0112142   0.652041   0.123861 -0.0264326   0.698635   0.565519 -0.0110889   0.652093   0.124513 -0.0269826   0.698095  0.000936094  -0.00507384  0.000920714     -1.57773  0.000268416      1.57589 -0.000459799
  0.565504 -0.0110738   0.652042   0.123665 -0.0264027   0.698679   0.565364  -0.010946   0.652092   0.124452 -0.0270429   0.698047    0.0010773  -0.00586841   0.00105563     -1.57884  0.000312707       1.5768 -0.000542232
   0.56534 -0.0109222   0.652045   0.123452 -0.0263704   0.698727   0.565198  -0.010793    0.65209   0.124386 -0.0271076   0.697995  0.00122822 -0.00672087  0.00119838    -1.58003 0.000360968      1.5778 -0.00063272
  0.565163 -0.0107595   0.652049   0.123221 -0.0263358   0.698779   0.565021 -0.0106299   0.652089   0.124316 -0.0271766    0.69794   0.00138889  -0.00763109   0.00134863     -1.58131  0.000413345      1.57889 -0.000731467
  0.564974 -0.0105861   0.652055  0.122972 -0.026299  0.698834   0.564834 -0.0104566   0.652088   0.124242 -0.0272498   0.697882   0.00155942  -0.00859889   0.00150607     -1.58268  0.000469993      1.58007 -0.000838665
  0.564774 -0.0104021   0.652061 0.122707 -0.02626 0.698892   0.564635 -0.0102734   0.652087   0.124164 -0.0273272    0.69782   0.00173995  -0.00962412   0.00167034     -1.58413  0.000531073      1.58135 -0.000954493
  0.564562 -0.0102073   0.652068   0.122424 -0.0262189   0.698954   0.564426 -0.0100802   0.652085   0.124081 -0.0274088   0.697755  0.00193063  -0.0107066  0.00184107    -1.58567 0.000596746     1.58272 -0.00107912
  0.564338 -0.0100028   0.652076   0.122124 -0.0261758    0.69902   0.564205 -0.0098771   0.652084   0.123994 -0.0274947   0.697687   0.0021317  -0.0118461  0.00201792    -1.58731  0.00066719     1.58419 -0.00121268
   0.564104 -0.00978816    0.652084   0.121807 -0.0261307   0.699088    0.563975 -0.00966414    0.652082    0.123903  -0.0275847    0.697615  0.00234341  -0.0130426  0.00220049    -1.58902 0.000742582     1.58576 -0.00135534
   0.563859 -0.00956408    0.652092   0.121473 -0.0260838   0.699159    0.563733 -0.00944138    0.652081    0.123808  -0.0276788     0.69754  0.00256609   -0.014296  0.00238843    -1.59083 0.000823106     1.58743  -0.0015072
   0.563604 -0.00933032    0.652099   0.121124 -0.0260349   0.699233    0.563481 -0.00920887    0.652079    0.123709  -0.0277771    0.697461  0.00280009  -0.0156061   0.0025813    -1.59273 0.000908946      1.5892 -0.00166838
   0.563339 -0.00908696    0.652105   0.120759 -0.0259843   0.699309    0.563219 -0.00896667    0.652077    0.123605  -0.0278794     0.69738  0.00304576   -0.016973  0.00277866    -1.59471  0.00100029     1.59107 -0.00183899
   0.563064 -0.00883419    0.652108   0.120378 -0.0259319   0.699388    0.562946 -0.00871483    0.652075    0.123497  -0.0279859    0.697295  0.00330354  -0.0183965  0.00298004    -1.59678  0.00109732     1.59304 -0.00201912
    0.56278 -0.00857209     0.65211   0.119981 -0.0258777   0.699469    0.562662 -0.00845341    0.652074    0.123385  -0.0280963    0.697207  0.00357388  -0.0198767  0.00318493    -1.59893  0.00120022     1.59512 -0.00220884
   0.562486 -0.00830019    0.652108   0.119569 -0.0258217   0.699552    0.562369 -0.00818247    0.652072     0.12327  -0.0282109    0.697116  0.00385724  -0.0214135  0.00339276    -1.60118  0.00130918      1.5973 -0.00240825
   0.562182 -0.00801875    0.652104  0.119142 -0.025764  0.699637    0.562065 -0.00790206     0.65207     0.12315  -0.0283294    0.697021  0.00415412  -0.0230066  0.00360292     -1.6035  0.00142436     1.59958 -0.00261741
   0.561868 -0.00772775    0.652097   0.118699 -0.0257046   0.699724     0.56175 -0.00761222    0.652068    0.123026  -0.0284518    0.696923  0.00446507  -0.0246558  0.00381477    -1.60592  0.00154596     1.60197 -0.00283638
   0.561545 -0.00742765    0.652088    0.11824 -0.0256436   0.699813    0.561426 -0.00731303    0.652065    0.122898  -0.0285783    0.696823  0.00479071  -0.0263608  0.00402767    -1.60841  0.00167414     1.60446 -0.00306523
   0.561212 -0.00711806    0.652077   0.117766 -0.0255809   0.699904    0.561092 -0.00700453    0.652063    0.122766  -0.0287087    0.696719  0.00513169  -0.0281213  0.00424089    -1.61099  0.00180908     1.60705 -0.00330401
  0.560868 -0.0067994   0.652066   0.117276 -0.0255168   0.699997    0.560747 -0.00668678    0.652061     0.12263  -0.0288429    0.696611  0.00548872  -0.0299366  0.00445369    -1.61365  0.00195095     1.60975 -0.00355278
   0.560515 -0.00647155    0.652055    0.11677 -0.0254511   0.700092    0.560393 -0.00635983    0.652059     0.12249  -0.0289811    0.696501  0.00586255  -0.0318062  0.00466527    -1.61639  0.00209993     1.61256 -0.00381157
   0.560151 -0.00613481    0.652044   0.116248 -0.0253841   0.700189    0.560029 -0.00602373    0.652056    0.122346  -0.0291232    0.696388    0.006254  -0.0337295  0.00487482    -1.61921  0.00225619     1.61547 -0.00408044
   0.559777 -0.00578938    0.652035   0.115709 -0.0253157   0.700287    0.559654 -0.00567855    0.652054    0.122199   -0.029269    0.696272  0.00666398  -0.0357057  0.00508146    -1.62211  0.00241989     1.61848 -0.00435941
   0.559393 -0.00543498    0.652027   0.115155 -0.0252461   0.700387    0.559271 -0.00532433    0.652051    0.122047  -0.0294187    0.696152  0.00709339   -0.037734  0.00528428    -1.62509  0.00259119      1.6216 -0.00464854
   0.558998 -0.00507155    0.652022   0.114584 -0.0251751   0.700489    0.558877 -0.00496114    0.652049    0.121892  -0.0295722     0.69603  0.00754322  -0.0398135  0.00548228    -1.62814  0.00277023     1.62483 -0.00494786
   0.558592 -0.00469967    0.652018  0.113997 -0.025103  0.700592    0.558473 -0.00458902    0.652046    0.121733  -0.0297295    0.695905  0.00801453  -0.0419435  0.00567446    -1.63128  0.00295717     1.62815 -0.00525741
   0.558177 -0.00431896    0.652016   0.113395 -0.0250299   0.700697    0.558061 -0.00420803    0.652043     0.12157  -0.0298905    0.695776  0.00850843   -0.044123  0.00585974    -1.63449  0.00315213     1.63158 -0.00557721
   0.557751 -0.00392938    0.652016   0.112776 -0.0249556   0.700803    0.557638 -0.00381823     0.65204    0.121403  -0.0300552    0.695645 0.00902606 -0.0463511 0.00603698   -1.63777 0.00335524    1.63511 -0.0059073
   0.557315 -0.00353111    0.652017   0.112143 -0.0248803    0.70091    0.557206 -0.00341966    0.652037    0.121232  -0.0302237     0.69551 0.00956864  -0.048627 0.00620499   -1.64113  0.0035666    1.63875 -0.0062477
   0.556869 -0.00312407     0.65202   0.111494 -0.0248042   0.701017   0.556765 -0.0030124   0.652034   0.121058 -0.0303958   0.695373   0.0101375  -0.0509499  0.00636254    -1.64456  0.00378633     1.64248 -0.00659845
  0.556414 -0.0027085   0.652023   0.110831 -0.0247272   0.701126    0.556314 -0.00259648    0.652032     0.12088  -0.0305716    0.695233   0.0107339  -0.0533189  0.00650833    -1.64807  0.00401451     1.64632 -0.00695958
   0.555949 -0.00228445    0.652027   0.110153 -0.0246496   0.701234    0.555854 -0.00217196    0.652028    0.120699   -0.030751     0.69509  0.0113593 -0.0557331 0.00664105   -1.65164 0.00425122    1.65025 -0.0073311
   0.555475 -0.00185165    0.652031   0.109462 -0.0245712   0.701343    0.555384 -0.00173891    0.652025    0.120513   -0.030934    0.694944   0.0120152  -0.0581919  0.00675927    -1.65529  0.00449652     1.65429 -0.00771304
   0.554991 -0.00141029    0.652034   0.108757 -0.0244924   0.701452    0.554906 -0.00129737    0.652022    0.120325  -0.0311206    0.694795   0.0127031  -0.0606945  0.00686154    -1.65901  0.00475046     1.65843 -0.00810542
    0.554499 -0.000960503     0.652038   0.108038 -0.0244131   0.701561     0.554418 -0.000847397     0.652019     0.120132   -0.0313107     0.694644   0.0134246  -0.0632401  0.00694636    -1.66279  0.00501308     1.66266 -0.00850825
    0.553997 -0.000502249      0.65204   0.107307 -0.0243335   0.701669     0.553921 -0.000389049     0.652016     0.119936   -0.0315044     0.694489   0.0141814   -0.065828  0.00701217    -1.66664  0.00528438       1.667 -0.00892156
   0.553487 -3.5815e-05    0.652041   0.106563 -0.0242538   0.701777    0.553415 7.76218e-05    0.652012    0.119736  -0.0317017    0.694332   0.0149753  -0.0684575  0.00705738    -1.67056  0.00556439     1.67143 -0.00934536
   0.552968 0.000439222    0.652041   0.105806 -0.0241739   0.701884      0.5529 0.000552559    0.652009    0.119533  -0.0319024    0.694172   0.0158081   -0.071128   0.0070803    -1.67454  0.00585309     1.67595 -0.00977966
   0.552441 0.000922594     0.65204   0.105038 -0.0240942    0.70199   0.552377 0.00103571   0.652005   0.119327 -0.0321066   0.694009  0.0166816 -0.0738388 0.00707919   -1.67858 0.00615043    1.68058 -0.0102245
 0.551906 0.0014137  0.652038   0.104258 -0.0240148   0.702095   0.551844 0.00152702   0.652002   0.119116 -0.0323142   0.693843  0.0175979 -0.0765891 0.00705233   -1.68269 0.00645639    1.68529 -0.0106798
  0.551362 0.00191311   0.652034   0.103466 -0.0239357   0.702199   0.551303 0.00202643   0.651998   0.118903 -0.0325252   0.693675  0.0185589 -0.0793784 0.00699788   -1.68685 0.00677089     1.6901 -0.0111457
   0.55081 0.00242073   0.652029   0.102663 -0.0238572   0.702302   0.550753 0.00253388   0.651995   0.118686 -0.0327397   0.693504  0.0195669 -0.0822059 0.00691393   -1.69108 0.00709385    1.69501 -0.0116222
   0.55025 0.00293599   0.652022   0.101849 -0.0237795   0.702403   0.550194 0.00304934   0.651991   0.118465 -0.0329575    0.69333   0.020624 -0.0850709 0.00679859   -1.69536 0.00742516    1.70001 -0.0121092
  0.549681 0.00345939   0.652015   0.101023 -0.0237027   0.702502   0.549627 0.00357273   0.651987   0.118241 -0.0331787   0.693154  0.0217324 -0.0879727 0.00664984    -1.6997 0.00776469    1.70509 -0.0126068
  0.549104 0.00399081   0.652007   0.100187 -0.0236271     0.7026   0.549051   0.004104   0.651983   0.118014 -0.0334033   0.692975  0.0228946 -0.0909105 0.00646562   -1.70409  0.0081123    1.71027 -0.0131151
  0.548519 0.00452996   0.651997  0.0993407 -0.0235528   0.702695   0.548467  0.0046431   0.651979   0.117783 -0.0336311   0.692793  0.0241129 -0.0938836 0.00624383   -1.70854 0.00846782    1.71554 -0.0136339
  0.547926 0.00507684   0.651988  0.0984836 -0.0234801   0.702789   0.547874 0.00518998   0.651976    0.11755 -0.0338622   0.692609  0.0253898 -0.0968913 0.00598232   -1.71304 0.00883105     1.7209 -0.0141634
  0.547324 0.00563149   0.651978  0.0976162 -0.0234093   0.702881   0.547273 0.00574458   0.651972   0.117312 -0.0340966   0.692422   0.026728 -0.0999326 0.00567886   -1.71759 0.00920178    1.72635 -0.0147035
 0.546714 0.0061936  0.651967  0.0967389 -0.0233405    0.70297   0.546663 0.00630684   0.651968   0.117072 -0.0343342   0.692233  0.0281302  -0.103007  0.0053312   -1.72219 0.00957978    1.73188 -0.0152543
  0.546096 0.00676344   0.651955 0.0958519 -0.023274  0.703057   0.546045 0.00687671   0.651963   0.116828  -0.034575   0.692041  0.0295989  -0.106113 0.00493701   -1.72683 0.00996477    1.73751 -0.0158158
   0.54547 0.00734103   0.651943  0.0949551 -0.0232102   0.703142    0.54542 0.00745414   0.651959   0.116581 -0.0348191   0.691846  0.0311371  -0.109251 0.00449388   -1.73153  0.0103565    1.74321 -0.0163879
  0.544834 0.00792572   0.651936  0.0940474 -0.0231493   0.703224   0.544786 0.00803907   0.651955   0.116331 -0.0350663   0.691649  0.0327477  -0.112419 0.00399939   -1.73627  0.0107546      1.749 -0.0169708
   0.54419 0.00851593   0.651939 0.0931281 -0.023092  0.703305   0.544143 0.00863144   0.651951   0.116077 -0.0353166   0.691449  0.0344339  -0.115615 0.00345114   -1.74106  0.0111587    1.75488 -0.0175645
  0.543537 0.00911147   0.651948   0.092199 -0.0230386   0.703383   0.543493 0.00923121   0.651946   0.115821 -0.0355701   0.691247  0.0361989  -0.118839 0.00284676    -1.7459  0.0115686    1.76084 -0.0181689
  0.542876 0.00971727   0.651944   0.091263 -0.0229886   0.703458   0.542835 0.00983831   0.651942   0.115561 -0.0358266   0.691043  0.0380456  -0.122091 0.00218345   -1.75078  0.0119838    1.76688  -0.018784
 0.542207 0.0103346  0.651926 0.0903209 -0.022942  0.703527   0.542169  0.0104527   0.651938   0.115298 -0.0360863   0.690836  0.0399767  -0.125369 0.00145824    -1.7557  0.0124038      1.773   -0.01941
  0.54153 0.0109595  0.651906  0.0893711 -0.0228999   0.703593  0.541496 0.0110743  0.651933  0.115033 -0.036349  0.690626   0.0419955   -0.128673 0.000668444    -1.76065   0.0128282      1.7792  -0.0200468
 0.540846 0.0115901  0.651894  0.0884126 -0.0228631   0.703657   0.540814  0.0117031   0.651929   0.114764 -0.0366147   0.690414    0.0441053    -0.132001 -0.000188527     -1.76565    0.0132564      1.78549   -0.0206944
 0.540153 0.0122252  0.651891   0.087445 -0.0228321   0.703717   0.540125   0.012339   0.651924   0.114492 -0.0368834     0.6902   0.0463098   -0.135353 -0.00111524    -1.77068   0.0136881     1.79185  -0.0213528
 0.539452 0.0128657  0.651897  0.0864685 -0.0228073   0.703775   0.539428  0.0129819    0.65192   0.114217 -0.0371552   0.689983   0.0486127   -0.138728 -0.00211437    -1.77575   0.0141227     1.79829   -0.022022
 0.538743 0.0135122  0.651908   0.085484 -0.0227889    0.70383   0.538723  0.0136319   0.651915   0.113939 -0.0374299   0.689764   0.0510175   -0.142125 -0.00318869    -1.78086   0.0145596      1.8048  -0.0227019
 0.538026 0.0141657   0.65192  0.0844924 -0.0227772    0.70388   0.538011  0.0142888    0.65191   0.113658 -0.0377075   0.689543   0.0535278   -0.145542 -0.00434108    -1.78601   0.0149983     1.81139  -0.0233927
 0.537301 0.0148268   0.65193  0.0834949 -0.0227726   0.703926  0.537292 0.0149527  0.651905  0.113374 -0.037988  0.689319   0.0561471   -0.148979 -0.00557449    -1.79119   0.0154381     1.81806  -0.0240942
 0.536569 0.0154953  0.651935  0.0824926 -0.0227755   0.703968   0.536565  0.0156233   0.651901   0.113087 -0.0382714   0.689093    0.058879   -0.152435 -0.00689182    -1.79641   0.0158784      1.8248  -0.0248065
  0.53583 0.0161714  0.651935  0.0814862 -0.0227863   0.704004    0.53583  0.0163008   0.651896   0.112797 -0.0385577   0.688865   0.061727   -0.15591  -0.008296   -1.80166  0.0163184    1.83161 -0.0255294
 0.535085 0.0168544  0.651931   0.080476 -0.0228057   0.704036   0.535089   0.016985   0.651891   0.112504 -0.0388469   0.688634   0.0646947   -0.159403 -0.00978992    -1.80693   0.0167575     1.83849   -0.026263
0.534334 0.017544 0.651923  0.0794625 -0.0228342   0.704062    0.53434  0.0176758   0.651886   0.112209 -0.0391389   0.688401  0.0677858  -0.162913 -0.0113764   -1.81224  0.0171949    1.84544 -0.0270071
 0.533576 0.0182403  0.651912  0.0784458 -0.0228724   0.704083   0.533584  0.0183733   0.651881    0.11191 -0.0394336   0.688166  0.0710038  -0.166441 -0.0130584   -1.81757  0.0176299    1.85246 -0.0277618
 0.532812 0.0189426  0.651901 0.0774258 -0.022921    0.7041   0.532821  0.0190774   0.651876   0.111609 -0.0397312   0.687929  0.0743527  -0.169986 -0.0148387   -1.82293  0.0180617    1.85955 -0.0285268
 0.532042 0.0196512  0.651889  0.0764027 -0.0229804   0.704111   0.532051   0.019788   0.651871   0.111305 -0.0400315    0.68769  0.0778361  -0.173546 -0.0167202   -1.82831  0.0184895     1.8667 -0.0293022
 0.531264 0.0203662  0.651877  0.0753767 -0.0230514   0.704117   0.531273   0.020505   0.651865   0.110999 -0.0403345   0.687448  0.0814578  -0.177123 -0.0187058   -1.83371  0.0189124    1.87391 -0.0300878
  0.53048 0.0210873  0.651866  0.0743479 -0.0231345   0.704118   0.530489  0.0212284    0.65186   0.110689 -0.0406402   0.687204  0.0852216  -0.180714 -0.0207983   -1.83914  0.0193297    1.88119 -0.0308836
 0.529689 0.0218147  0.651854  0.0733167 -0.0232303   0.704114   0.529698  0.0219582   0.651855   0.110377 -0.0409487   0.686958  0.0891312  -0.184319 -0.0230008   -1.84459  0.0197403    1.88853 -0.0316894
 0.528891 0.0225485  0.651844  0.0722833 -0.0233395   0.704104     0.5289  0.0226943    0.65185   0.110062 -0.0412597    0.68671  0.0931904  -0.187938  -0.025316   -1.85005  0.0201435    1.89593 -0.0325052
 0.528087 0.0232886  0.651833  0.0712482 -0.0234628   0.704089   0.528096  0.0234367   0.651844   0.109745 -0.0415734    0.68646   0.097403   -0.19157 -0.0277468   -1.85554  0.0205383    1.90339 -0.0333308
 0.527275 0.0240349  0.651823  0.0702116 -0.0236009   0.704068   0.527284  0.0241852   0.651839   0.109424 -0.0418898   0.686208   0.101773  -0.195214 -0.0302961   -1.86104  0.0209238    1.91091 -0.0341661
 0.526457 0.0247876  0.651813  0.0691742 -0.0237544   0.704041   0.526466  0.0249398   0.651834   0.109102 -0.0422087   0.685954   0.106303  -0.198871 -0.0329667   -1.86656  0.0212989    1.91848  -0.035011
 0.525631 0.0255464  0.651803   0.068136 -0.0239241   0.704008   0.525642  0.0257005   0.651828   0.108776 -0.0425302   0.685697   0.110998  -0.202538 -0.0357613   -1.87209  0.0216628     1.9261 -0.0358653
 0.524799 0.0263112  0.651795  0.0670975 -0.0241108    0.70397   0.524811  0.0264673   0.651823   0.108448 -0.0428542   0.685439   0.115861  -0.206216 -0.0386828   -1.87763  0.0220145    1.93378 -0.0367289
  0.52396 0.0270821  0.651787  0.0660593 -0.0243151   0.703925   0.523973    0.02724   0.651817   0.108118 -0.0431808   0.685178   0.120896  -0.209905 -0.0417337   -1.88319  0.0223529    1.94151 -0.0376016
 0.523115 0.0278588   0.65178  0.0650217 -0.0245378   0.703875   0.523129  0.0280186   0.651811   0.107785 -0.0435098   0.684916   0.126105  -0.213604 -0.0449167   -1.88876   0.022677    1.94929 -0.0384832
 0.522263 0.0286413  0.651774  0.0639852 -0.0247797   0.703818   0.522279  0.0288031   0.651806   0.107449 -0.0438414   0.684652   0.131494  -0.217312 -0.0482344   -1.89434  0.0229859    1.95711 -0.0393735
 0.521404 0.0294296  0.651769  0.0629505 -0.0250416   0.703755   0.521422  0.0295934     0.6518   0.107111 -0.0441754   0.684385   0.137064  -0.221029 -0.0516892   -1.89993  0.0232785    1.96498 -0.0402723
 0.520539 0.0302238  0.651764  0.0619179 -0.0253242   0.703685   0.520559  0.0303895   0.651794   0.106771 -0.0445118   0.684117    0.14282  -0.224756 -0.0552835   -1.90552  0.0235538     1.9729 -0.0411794
 0.519668 0.0310237   0.65176  0.0608881 -0.0256284   0.703609    0.51969  0.0311912   0.651789   0.106428 -0.0448506   0.683847   0.148765  -0.228491 -0.0590197   -1.91112  0.0238109    1.98086 -0.0420945
 0.518791 0.0318289  0.651756  0.0598617 -0.0259549   0.703525   0.518815  0.0319986   0.651783   0.106082 -0.0451918   0.683575   0.154901  -0.232235 -0.0628999   -1.91673  0.0240485    1.98885 -0.0430174
0.517908  0.03264 0.651753  0.0588393 -0.0263044   0.703435   0.517934  0.0328115   0.651777   0.105734 -0.0455354   0.683301   0.161232  -0.235987 -0.0669262   -1.92234  0.0242659    1.99689 -0.0439479
 0.517019 0.0334564  0.651749  0.0578216 -0.0266779   0.703338   0.517047    0.03363   0.651771   0.105384 -0.0458813   0.683025   0.167761  -0.239749 -0.0711006   -1.92796  0.0244619    2.00496 -0.0448855
 0.516124 0.0342783  0.651744  0.056809 -0.027076  0.703234   0.516154   0.034454   0.651765   0.105032 -0.0462295   0.682747   0.174489  -0.243519  -0.075425   -1.93357  0.0246356    2.01307 -0.0458301
 0.515223 0.0351055  0.651739  0.0558024 -0.0274996   0.703122  0.515255 0.0352834  0.651759  0.104677  -0.04658  0.682468   0.181421  -0.247299  -0.079901   -1.93919   0.024786    2.02121 -0.0467813
 0.514318 0.0359382  0.651733  0.0548023 -0.0279494   0.703002    0.51435  0.0361181   0.651753    0.10432 -0.0469328   0.682187   0.188558  -0.251089 -0.0845303   -1.94481  0.0249122    2.02939 -0.0477388
 0.513406 0.0367763  0.651726  0.0538094 -0.0284263   0.702875   0.513439  0.0369582   0.651747   0.103961 -0.0472878   0.681903   0.195902  -0.254888 -0.0893142   -1.95042  0.0250132    2.03759 -0.0487022
  0.51249 0.0376194  0.651719 0.0528241 -0.028931   0.70274  0.512523 0.0378035  0.651741  0.103599 -0.047645  0.681619   0.203456  -0.258699 -0.0942541   -1.95603  0.0250881    2.04581 -0.0496712
0.511568 0.038468  0.65171  0.0518472 -0.0294642   0.702597   0.511601   0.038654   0.651735   0.103235 -0.0480045   0.681332   0.211222   -0.26252  -0.099351   -1.96164  0.0251361    2.05407 -0.0506454
 0.510641 0.0393218  0.651701  0.0508793 -0.0300269   0.702446   0.510674  0.0395096   0.651729   0.102869 -0.0483661   0.681044     0.2192  -0.266354  -0.104606   -1.96724  0.0251562    2.06234 -0.0516244
 0.509709 0.0401806   0.65169  0.0499209 -0.0306197   0.702287   0.509741  0.0403704   0.651723   0.102501 -0.0487298   0.680754   0.227394  -0.270201  -0.110019   -1.97283  0.0251477    2.07064 -0.0526078
 0.508772 0.0410444  0.651679  0.0489727 -0.0312434   0.702119   0.508802  0.0412362   0.651716   0.102131 -0.0490957   0.680462   0.235803  -0.274062  -0.115592   -1.97842  0.0251099    2.07896 -0.0535952
  0.50783 0.0419134  0.651667  0.0480352 -0.0318988   0.701943   0.507858   0.042107    0.65171   0.101758 -0.0494637   0.680168   0.244429  -0.277937  -0.121324     -1.984  0.0250419    2.08729 -0.0545862
 0.506883 0.0427873  0.651654   0.047109 -0.0325866   0.701758   0.506909  0.0429827   0.651704   0.101384 -0.0498338   0.679873   0.253272  -0.281829  -0.127216   -1.98957  0.0249431    2.09564 -0.0555803
0.505931 0.043666  0.65164  0.0461948 -0.0333076   0.701564  0.505955 0.0438632  0.651698  0.101007 -0.050206  0.679576  0.262334 -0.285737 -0.133267  -1.99513 0.0248128     2.104 -0.056577
 0.504974 0.0445499  0.651627  0.0452931 -0.0340624    0.70136   0.504995  0.0447486   0.651691   0.100628 -0.0505801   0.679278  0.271614 -0.289664 -0.139477  -2.00067 0.0246505   2.11237 -0.057576
 0.504012 0.0454384  0.651612  0.0444045 -0.0348517   0.701148    0.50403  0.0456388   0.651685   0.100248 -0.0509563   0.678978   0.281112  -0.293611  -0.145845   -2.00621  0.0244556    2.12075 -0.0585768
 0.503046 0.0463319  0.651598  0.0435298 -0.0356762   0.700925    0.50306  0.0465336   0.651678  0.0998649 -0.0513345   0.678677   0.290828  -0.297578   -0.15237   -2.01173  0.0242276    2.12915 -0.0595789
 0.502074 0.0472299  0.651584  0.0426695 -0.0365366   0.700693   0.502085  0.0474332   0.651672  0.0994801 -0.0517146   0.678373    0.30076  -0.301568   -0.15905   -2.01723  0.0239662    2.13754 -0.0605817
 0.501098 0.0481325  0.651569  0.0418244 -0.0374334   0.700451   0.501105  0.0483373   0.651665  0.0990934 -0.0520967   0.678069   0.310907  -0.305583  -0.165885   -2.02272   0.023671    2.14594 -0.0615849
 0.500116 0.0490399  0.651554   0.040995 -0.0383673   0.700198    0.50012  0.0492459   0.651659  0.0987047 -0.0524807   0.677763   0.321268  -0.309623   -0.17287   -2.02819  0.0233418    2.15435 -0.0625879
  0.49913 0.0499518   0.65154  0.0401821 -0.0393387   0.699935   0.499131  0.0501591   0.651652  0.0983141 -0.0528666   0.677455    0.33184   -0.31369  -0.180005   -2.03365  0.0229782    2.16276 -0.0635903
  0.49814 0.0508683  0.651525  0.0393864 -0.0403482   0.699661   0.498136  0.0510767   0.651646  0.0979216 -0.0532544   0.677146    0.34262  -0.317787  -0.187285   -2.03909  0.0225803    2.17116 -0.0645915
0.497145 0.051789 0.651511  0.0386087 -0.0413961   0.699375   0.497137  0.0519986   0.651639  0.0975272 -0.0536441   0.676835  0.353605 -0.321915 -0.194708  -2.04451  0.022148   2.17957 -0.065591
0.496145 0.052714 0.651497  0.0378495 -0.0424829   0.699078   0.496133  0.0529249   0.651632   0.097131 -0.0540355   0.676523   0.364791  -0.326075  -0.202268   -2.04992  0.0216813    2.18797 -0.0665883
  0.49514 0.0536437  0.651482  0.0371099 -0.0436087   0.698769   0.495124  0.0538555   0.651626   0.096733 -0.0544288   0.676209  0.376172  -0.33027 -0.209962   -2.0553 0.0211804   2.19637 -0.067583
 0.494132 0.0545773  0.651468  0.0363904 -0.0447739   0.698448   0.494111  0.0547902   0.651619  0.0963331 -0.0548238   0.675894   0.387745  -0.334502  -0.217783   -2.06066  0.0206455    2.20476 -0.0685745
 0.493119 0.0555153  0.651454  0.0356919 -0.0459786   0.698115   0.493093  0.0557292   0.651612  0.0959315 -0.0552206   0.675578   0.399502  -0.338772  -0.225726   -2.06601  0.0200769    2.21315 -0.0695623
 0.492101 0.0564574  0.651439  0.0350151 -0.0472227   0.697768   0.492071  0.0566722   0.651605  0.0955281 -0.0556192    0.67526  0.411436 -0.343082 -0.233784  -2.07133 0.0194752   2.22154 -0.070546
  0.49108 0.0574038  0.651424  0.0343606 -0.0485063   0.697409   0.491044  0.0576193   0.651599   0.095123 -0.0560194   0.674941   0.42354 -0.347435 -0.241948  -2.07663 0.0188407   2.22991 -0.071525
 0.490054 0.0583541  0.651409 0.0337294 -0.049829  0.697036   0.490013  0.0585704   0.651592  0.0947162 -0.0564214    0.67462  0.435803 -0.351831 -0.250212  -2.08191 0.0181742   2.23828 -0.072499
 0.489025 0.0593086  0.651394   0.033122 -0.0511907   0.696649  0.488978 0.0595254  0.651585 0.0943077 -0.056825  0.674298   0.448217  -0.356272  -0.258565   -2.08717  0.0174764    2.24664 -0.0734675
 0.487991 0.0602668  0.651378  0.0325392 -0.0525909   0.696248   0.487939  0.0604843   0.651578  0.0938975 -0.0572302   0.673975  0.460771 -0.360761 -0.266997   -2.0924 0.0167482   2.25499  -0.07443
0.486954 0.061229 0.651362 0.0319814 -0.054029  0.695832   0.486895  0.0614471   0.651571  0.0934857 -0.0576371   0.673651   0.473451  -0.365297  -0.275498   -2.09762  0.0159904    2.26333 -0.0753862
 0.485912 0.0621951  0.651346  0.0314494 -0.0555041   0.695402   0.485848  0.0624136   0.651564  0.0930722 -0.0580456   0.673325   0.486246  -0.369883  -0.284054   -2.10281  0.0152042    2.27166 -0.0763357
0.484867 0.063165 0.651329  0.0309437 -0.0570154   0.694956   0.484796  0.0633839   0.651557  0.0926572 -0.0584556   0.672998    0.49914  -0.374518  -0.292655   -2.10797  0.0143908    2.27998 -0.0772781
 0.483818 0.0641389  0.651311  0.0304647 -0.0585616   0.694495    0.48374  0.0643578    0.65155  0.0922406 -0.0588672    0.67267   0.512117  -0.379204  -0.301284   -2.11311  0.0135513    2.28829 -0.0782132
 0.482765 0.0651164  0.651294   0.030013 -0.0601415   0.694019   0.482681  0.0653353   0.651543  0.0918225 -0.0592803   0.672341   0.525161   -0.38394  -0.309929   -2.11823  0.0126872    2.29659 -0.0791407
 0.481709 0.0660975  0.651276  0.0295887 -0.0617536   0.693528   0.481617  0.0663164   0.651536  0.0914028 -0.0596949    0.67201   0.538255  -0.388726  -0.318572   -2.12333  0.0117998    2.30488 -0.0800603
 0.480649 0.0670822  0.651258   0.029192 -0.0633959    0.69302   0.48055  0.067301  0.651529 0.0909817 -0.060111  0.671678  0.551378  -0.39356 -0.327198   -2.1284 0.0108908   2.31317 -0.080972
 0.479585 0.0680706   0.65124  0.0288231 -0.0650666   0.692497   0.479479   0.068289   0.651522   0.090559 -0.0605286   0.671345    0.56451  -0.398443   -0.33579   -2.13345 0.00996164    2.32144 -0.0818755
 0.478517 0.0690626  0.651222  0.0284822 -0.0667632   0.691959   0.478404  0.0692805   0.651515  0.0901349 -0.0609476   0.671011   0.577631  -0.403371  -0.344329   -2.13847 0.00901409    2.32971 -0.0827708
 0.477445 0.0700579  0.651205   0.028169 -0.0684834   0.691405  0.477326 0.0702753  0.651508 0.0897094 -0.061368  0.670676   0.590718  -0.408342  -0.352797   -2.14347 0.00804982    2.33797 -0.0836579
 0.47637 0.071056 0.651188  0.0278832 -0.0702244   0.690836   0.476244  0.0712733     0.6515  0.0892825 -0.0617898   0.670339   0.603749  -0.413354  -0.361175   -2.14845 0.00707059    2.34622 -0.0845368
 0.47529 0.072058 0.651172  0.0276247 -0.0719832   0.690252   0.475159  0.0722746   0.651493  0.0888542 -0.0622129   0.670002   0.616701  -0.418401  -0.369444    -2.1534 0.00607815    2.35447 -0.0854077
0.474207 0.073063 0.651156   0.027393 -0.0737565   0.689653    0.47407  0.0732791   0.651486  0.0884245 -0.0626374   0.669664    0.62955  -0.423481  -0.377585   -2.15832 0.00507429    2.36271 -0.0862706
  0.47312 0.0740709  0.651141  0.0271873 -0.0755411   0.689041   0.472978  0.0742867   0.651479  0.0879935 -0.0630632   0.669324   0.642272  -0.428587   -0.38558   -2.16323 0.00406075    2.37095 -0.0871258
 0.472029 0.0750819  0.651126   0.027007 -0.0773331   0.688415   0.471883  0.0752973   0.651472  0.0875612 -0.0634904   0.668983   0.654846  -0.433715   -0.39341    -2.1681 0.00303929    2.37918 -0.0879737
 0.470935 0.0760964  0.651113  0.0268512 -0.0791289   0.687778   0.470784   0.076311   0.651464  0.0871276 -0.0639187   0.668642   0.667247  -0.438858  -0.401057   -2.17296 0.00201158    2.38742 -0.0888144
 0.469836 0.0771134  0.651102   0.026719 -0.0809245   0.687128   0.469682  0.0773276   0.651457  0.0866928 -0.0643484   0.668299    0.679454   -0.444009   -0.408505    -2.17779 0.000979252     2.39565  -0.0896483
 0.468733 0.0781334  0.651091  0.0266091 -0.0827159   0.686468   0.468577  0.0783471    0.65145  0.0862567 -0.0647792   0.667956     0.691447    -0.449162    -0.415737     -2.18259 -5.61322e-05      2.40387    -0.090476
 0.467627 0.0791563  0.651081  0.0265204 -0.0844991   0.685799   0.467469  0.0793695   0.651442  0.0858194 -0.0652113   0.667611    0.703205   -0.454308   -0.422739    -2.18737 -0.00109311      2.4121  -0.0912978
 0.466516 0.0801819  0.651073 0.0264515  -0.08627  0.685122   0.466357  0.0803947   0.651435  0.0853809 -0.0656446   0.667266    0.714711   -0.459442   -0.429499    -2.19213 -0.00213031     2.42033  -0.0921142
 0.465402 0.0812102  0.651066  0.0264011 -0.0880247   0.684437  0.465243 0.0814226  0.651428 0.0849412 -0.066079  0.666919    0.725949   -0.464554   -0.436005    -2.19686 -0.00316648     2.42855  -0.0929258
 0.464284 0.0822416   0.65106  0.0263677 -0.0897592   0.683748   0.464126  0.0824532    0.65142  0.0845003 -0.0665145   0.666572    0.736904   -0.469637   -0.442248    -2.20157 -0.00420045     2.43678   -0.093733
 0.463163 0.0832754  0.651056  0.0263498 -0.0914698   0.683053   0.463006  0.0834864   0.651413  0.0840584 -0.0669511   0.666224    0.747564   -0.474683    -0.44822    -2.20625 -0.00523121       2.445  -0.0945365
 0.462037 0.0843121  0.651052  0.0263458 -0.0931529   0.682357   0.461884  0.0845222   0.651405  0.0836153 -0.0673889   0.665875     0.75792   -0.479686   -0.453915     -2.2109 -0.00625782     2.45323  -0.0953368
 0.460908 0.0853517   0.65105  0.0263544 -0.0948053   0.681658   0.460758  0.0855605   0.651398  0.0831712 -0.0678277   0.665525    0.767964   -0.484637   -0.459329    -2.21553 -0.00727949     2.46145  -0.0961344
 0.459776 0.0863935  0.651049  0.0263739 -0.0964238    0.68096    0.45963  0.0866012    0.65139   0.082726 -0.0682675   0.665174     0.77769    -0.48953   -0.464461    -2.22014 -0.00829553     2.46968  -0.0969299
  0.45864 0.0874382  0.651049   0.026403 -0.0980058   0.680264   0.458499  0.0876444   0.651383  0.0822798 -0.0687084   0.664823    0.787096   -0.494359    -0.46931    -2.22472 -0.00930536     2.47791  -0.0977238
 0.457501 0.0884855  0.651049  0.0264402 -0.0995487    0.67957   0.457366  0.0886899   0.651375  0.0818326 -0.0691502    0.66447   0.796179  -0.499118  -0.473878   -2.22927 -0.0103085    2.48613 -0.0985166
 0.456358 0.0895358  0.651051 0.0264842  -0.10105   0.67888   0.45623 0.0897378  0.651368 0.0813844 -0.069593  0.664117    0.80494  -0.503801  -0.478167   -2.23379 -0.0113045    2.49435 -0.0993088
 0.455213 0.0905881  0.651053 0.0265338 -0.102509  0.678195   0.455092  0.0907878    0.65136  0.0809352 -0.0700368   0.663763   0.813383  -0.508405  -0.482181   -2.23829 -0.0122931    2.50257  -0.100101
 0.454065 0.0916431  0.651055 0.0265877 -0.103924  0.677517   0.453951  0.0918401   0.651353  0.0804851 -0.0704815   0.663409   0.821511  -0.512924  -0.485928   -2.24276 -0.0132741    2.51078  -0.100893
 0.452914 0.0927004  0.651059  0.026645 -0.105293  0.676846   0.452809  0.0928945   0.651345  0.0800341 -0.0709271   0.663053    0.82933  -0.517357  -0.489411    -2.2472 -0.0142473    2.51899  -0.101686
  0.45176 0.0937602  0.651063 0.0267046 -0.106617  0.676184   0.451663   0.093951   0.651337  0.0795822 -0.0713736   0.662697   0.836846  -0.521699  -0.492641   -2.25162 -0.0152125     2.5272   -0.10248
 0.450604 0.0948224  0.651066 0.0267658 -0.107893  0.675531   0.450516  0.0950095    0.65133  0.0791294 -0.0718209   0.662341   0.844068  -0.525948  -0.495623     -2.256 -0.0161698    2.53539  -0.103276
 0.449445 0.0958868  0.651071 0.0268278 -0.109123  0.674888   0.449367    0.09607   0.651322  0.0786758 -0.0722691   0.661983  0.851004 -0.530104 -0.498368  -2.26035 -0.017119   2.54358 -0.104073
 0.448284 0.0969529  0.651075   0.02689 -0.110306  0.674255   0.448215  0.0971324   0.651315  0.0782213 -0.0727181   0.661625   0.857665  -0.534164  -0.500885   -2.26468 -0.0180602    2.55176  -0.104872
0.447121 0.098021 0.651079 0.0269516 -0.111443  0.673634   0.447061  0.0981966   0.651307  0.0777661 -0.0731679   0.661266   0.864059  -0.538129  -0.503182   -2.26897 -0.0189935    2.55992  -0.105673
 0.445956 0.0990912  0.651084 0.0270124 -0.112533  0.673024   0.445906  0.0992627   0.651299  0.0773101 -0.0736184   0.660907   0.870198  -0.541998   -0.50527   -2.27324 -0.0199188    2.56807  -0.106477
0.444789 0.100163 0.651088  0.027072 -0.113579  0.672426   0.444748    0.10033   0.651292  0.0768533 -0.0740696   0.660547   0.876091   -0.54577  -0.507157   -2.27747 -0.0208364     2.5762  -0.107283
0.443621 0.101237 0.651092 0.0271302 -0.114579   0.67184   0.443589     0.1014   0.651284  0.0763959 -0.0745216   0.660187   0.881751  -0.549448  -0.508855   -2.28167 -0.0217462    2.58432  -0.108092
0.442451 0.102312 0.651096 0.0271865 -0.115537  0.671267   0.442428   0.102471   0.651276  0.0759377 -0.0749743   0.659826   0.887188  -0.553031  -0.510372   -2.28583 -0.0226484    2.59242  -0.108904
0.441279 0.103388 0.651099  0.027241 -0.116452  0.670706   0.441265   0.103544   0.651268  0.0754788 -0.0754277   0.659464   0.892413  -0.556521  -0.511717   -2.28997 -0.0235431     2.6005  -0.109719
0.440106 0.104466 0.651103 0.0272935 -0.117325  0.670157   0.440101   0.104618   0.651261  0.0750193 -0.0758817   0.659102   0.897436  -0.559919    -0.5129   -2.29407 -0.0244304    2.60856  -0.110537
0.438931 0.105546 0.651106 0.0273441 -0.118159  0.669622   0.438935   0.105694   0.651253  0.0745591 -0.0763363    0.65874   0.902268  -0.563227   -0.51393   -2.29814 -0.0253105    2.61659  -0.111359
0.437756 0.106626 0.651108 0.0273926 -0.118953  0.669098   0.437767   0.106771   0.651245  0.0740984 -0.0767915   0.658377    0.90692  -0.566446  -0.514816   -2.30217 -0.0261834    2.62459  -0.112184
0.436579 0.107707  0.65111 0.0274393  -0.11971  0.668588   0.436598    0.10785   0.651238   0.073637 -0.0772473   0.658013   0.911401  -0.569578  -0.515564   -2.30617 -0.0270494    2.63257  -0.113012
0.435401  0.10879 0.651112 0.027484 -0.12043 0.668089   0.435428    0.10893    0.65123  0.0731751 -0.0777037    0.65765    0.91572  -0.572626  -0.516184   -2.31014 -0.0279086    2.64052  -0.113844
0.434222 0.109874 0.651113  0.027527 -0.121115  0.667603   0.434256   0.110011   0.651222  0.0727127 -0.0781606   0.657285   0.919888  -0.575591  -0.516683   -2.31407 -0.0287611    2.64844  -0.114679
0.433042 0.110958 0.651114 0.0275684 -0.121767  0.667129  0.433083  0.111093  0.651214 0.0722497 -0.078618  0.656921  0.923913 -0.578475 -0.517069  -2.31797 -0.029607   2.65633 -0.115518
0.431862 0.112044 0.651114 0.0276085 -0.122386  0.666666   0.431908   0.112176   0.651206  0.0717863 -0.0790759   0.656555   0.927803  -0.581281  -0.517347   -2.32183 -0.0304465    2.66418   -0.11636
0.430681 0.113131 0.651114 0.0276472 -0.122973  0.666215   0.430733   0.113261   0.651199  0.0713224 -0.0795342    0.65619   0.931566   -0.58401  -0.517524   -2.32566 -0.0312797      2.672  -0.117206
0.429498 0.114218 0.651113 0.0276847 -0.123531  0.665776  0.429556  0.114347  0.651191  0.070858 -0.079993  0.655824   0.935211  -0.586664  -0.517608   -2.32945 -0.0321067    2.67978  -0.118055
0.428316 0.115306 0.651111 0.0277214 -0.124059  0.665348   0.428378   0.115433   0.651183  0.0703932 -0.0804522   0.655458   0.938744  -0.589247  -0.517602    -2.3332 -0.0329278    2.68752  -0.118909
0.427132 0.116395 0.651109 0.0277572  -0.12456   0.66493   0.427199   0.116521   0.651175   0.069928 -0.0809118   0.655091   0.942173  -0.591759  -0.517513   -2.33692 -0.0337429    2.69522  -0.119766
0.425948 0.117486 0.651106 0.0277925 -0.125034  0.664523    0.42602   0.117609   0.651167  0.0694624 -0.0813718   0.654725   0.945504  -0.594203  -0.517347    -2.3406 -0.0345522    2.70288  -0.120626
0.424764 0.118576 0.651103 0.0278274 -0.125482  0.664127   0.424839   0.118698    0.65116  0.0689965 -0.0818321   0.654358   0.948742  -0.596582  -0.517107   -2.34425 -0.0353559     2.7105   -0.12149
0.423579 0.119668 0.651099 0.0278621 -0.125906  0.663741   0.423658   0.119788   0.651152  0.0685303 -0.0822927    0.65399   0.951895  -0.598896  -0.516798   -2.34785 -0.0361541    2.71807  -0.122358
0.422393  0.12076 0.651095 0.0278966 -0.126306  0.663365   0.422475   0.120879   0.651144  0.0680638 -0.0827537   0.653623   0.954966  -0.601147  -0.516425   -2.35143 -0.0369469     2.7256   -0.12323
0.421207 0.121853  0.65109 0.0279313 -0.126684  0.662998   0.421292    0.12197   0.651136  0.0675969 -0.0832149   0.653255   0.957962  -0.603338  -0.515991   -2.35496 -0.0377344    2.73308  -0.124105
0.420021 0.122946 0.651085 0.0279661  -0.12704  0.662641   0.420109   0.123062   0.651128  0.0671298 -0.0836764   0.652887   0.960887  -0.605471    -0.5155   -2.35846 -0.0385167    2.74051  -0.124984
0.418835 0.124041 0.651079 0.0280014 -0.127375  0.662293   0.418925   0.124155    0.65112  0.0666625 -0.0841381   0.652519   0.963745  -0.607547  -0.514956   -2.36192 -0.0392939     2.7479  -0.125866
0.417648 0.125136 0.651073  0.028037 -0.127691  0.661954  0.41774 0.125248 0.651112 0.066195  -0.0846  0.65215    0.96654  -0.609568  -0.514361   -2.36534 -0.0400662    2.75523  -0.126753
 0.41646 0.126231 0.651067 0.0280732 -0.127987  0.661624   0.416555   0.126341   0.651105  0.0657273 -0.0850621   0.651782   0.969277  -0.611535  -0.513719   -2.36873 -0.0408336    2.76251  -0.127643
0.415273 0.127327 0.651061 0.0281101 -0.128265  0.661302   0.415369   0.127435   0.651097  0.0652594 -0.0855243   0.651413   0.971958  -0.613449  -0.513033   -2.37208 -0.0415963    2.76973  -0.128536
0.414085 0.128423 0.651054 0.0281477 -0.128525  0.660989   0.414183   0.128529   0.651089  0.0647914 -0.0859867   0.651045   0.974588  -0.615314  -0.512305   -2.37539 -0.0423543    2.77691  -0.129433
0.412898 0.129519 0.651048 0.0281861 -0.128768  0.660684   0.412997   0.129624   0.651081  0.0643232 -0.0864493   0.650676   0.977169  -0.617129  -0.511537   -2.37867 -0.0431077    2.78403  -0.130334
 0.41171 0.130616 0.651041 0.0282254 -0.128995  0.660387    0.41181   0.130718   0.651073   0.063855 -0.0869119   0.650307   0.979704  -0.618896  -0.510732   -2.38191 -0.0438567    2.79109  -0.131239
0.410522 0.131712 0.651034 0.0282656 -0.129206  0.660097   0.410624   0.131813   0.651065  0.0633867 -0.0873745   0.649938   0.982196  -0.620617  -0.509892   -2.38511 -0.0446012    2.79809  -0.132147
0.409334 0.132809 0.651027 0.0283068 -0.129402  0.659815   0.409437   0.132908   0.651057  0.0629184 -0.0878373   0.649569   0.984647  -0.622293  -0.509018   -2.38828 -0.0453415    2.80504  -0.133059
0.408146 0.133906  0.65102  0.028349 -0.129584  0.659541  0.40825 0.134003  0.65105  0.06245  -0.0883   0.6492   0.987059  -0.623924  -0.508113   -2.39141 -0.0460776    2.81192  -0.133975
0.406958 0.135003 0.651013 0.0283922 -0.129752  0.659274   0.407063   0.135098   0.651042  0.0619816 -0.0887628   0.648831   0.989435  -0.625513  -0.507178    -2.3945 -0.0468095    2.81875  -0.134894
0.405771   0.1361 0.651007 0.0284364 -0.129906  0.659013   0.405876   0.136193   0.651034  0.0615133 -0.0892255   0.648462   0.991776   -0.62706  -0.506215   -2.39755 -0.0475374    2.82551  -0.135817
0.404583 0.137197    0.651 0.0284817 -0.130047   0.65876    0.40469   0.137288   0.651026   0.061045 -0.0896882   0.648093   0.994085  -0.628566  -0.505225   -2.40057 -0.0482614    2.83222  -0.136743
0.403396 0.138293 0.650993  0.028528 -0.130176  0.658514   0.403503   0.138382   0.651018  0.0605767 -0.0901508   0.647724   0.996362  -0.630033  -0.504209   -2.40355 -0.0489814    2.83886  -0.137674
0.402209 0.139389 0.650985 0.0285754 -0.130292  0.658274   0.402317   0.139477    0.65101  0.0601086 -0.0906133   0.647355    0.99861  -0.631461  -0.503169    -2.4065 -0.0496976    2.84543  -0.138607
0.401023 0.140485 0.650978 0.0286238 -0.130397  0.658041   0.401131   0.140571   0.651002  0.0596406 -0.0910757   0.646987   1.00083 -0.632852 -0.502105  -2.40941  -0.05041   2.85194 -0.139545
0.399837 0.141581 0.650971 0.0286732  -0.13049  0.657814   0.399945   0.141665   0.650994  0.0591727 -0.0915379   0.646618    1.00302  -0.634206  -0.501019   -2.41228 -0.0511188    2.85839  -0.140486
0.398651 0.142676 0.650964 0.0287236 -0.130573  0.657593  0.39876 0.142758 0.650987 0.058705   -0.092  0.64625    1.00519  -0.635524  -0.499911   -2.41512 -0.0518239    2.86477  -0.141431
0.397466  0.14377 0.650957 0.0287747 -0.130644  0.657379  0.397575  0.143851  0.650979 0.0582375 -0.092462  0.645881    1.00733  -0.636807  -0.498783   -2.41793 -0.0525254    2.87108   -0.14238
0.396282 0.144865  0.65095 0.0288269 -0.130706   0.65717   0.396391   0.144944   0.650971  0.0577702 -0.0929237   0.645513    1.00945  -0.638056  -0.497636   -2.42069 -0.0532235    2.87733  -0.143332
0.395098 0.145958 0.650942 0.0288799 -0.130757  0.656968   0.395208   0.146036   0.650963  0.0573031 -0.0933851   0.645145    1.01154  -0.639272  -0.496469   -2.42343 -0.0539181     2.8835  -0.144288
0.393915 0.147051 0.650934 0.0289337 -0.130799  0.656771   0.394025   0.147127   0.650955  0.0568362 -0.0938463   0.644777    1.01362  -0.640456  -0.495284   -2.42612 -0.0546093    2.88961  -0.145248
0.392733 0.148143 0.650927 0.0289883 -0.130831   0.65658   0.392842   0.148218   0.650947  0.0563697 -0.0943073    0.64441    1.01567  -0.641608  -0.494081   -2.42878 -0.0552972    2.89565  -0.146211
0.391552 0.149235 0.650919 0.0290435 -0.130854  0.656395   0.391661   0.149308    0.65094  0.0559035 -0.0947679   0.644042     1.0177  -0.642729  -0.492862   -2.43141 -0.0559817    2.90162  -0.147178
0.390371 0.150326 0.650911 0.0290993 -0.130868  0.656215    0.39048   0.150397   0.650932  0.0554375 -0.0952282   0.643675    1.01971  -0.643821  -0.491625     -2.434 -0.0566631    2.90751  -0.148149
0.389192 0.151416 0.650903 0.0291556 -0.130874  0.656041   0.389301   0.151485   0.650924   0.054972 -0.0956882   0.643309     1.0217  -0.644882  -0.490373   -2.43656 -0.0573412    2.91334  -0.149123
0.388013 0.152505 0.650895 0.0292124 -0.130871  0.655872   0.388122   0.152573   0.650916  0.0545068 -0.0961478   0.642942    1.02367  -0.645916  -0.489106   -2.43908 -0.0580161    2.91909  -0.150102
0.386836 0.153593 0.650887 0.0292696 -0.130861  0.655708  0.386944  0.153659  0.650908  0.054042 -0.096607  0.642576    1.02562  -0.646921  -0.487823   -2.44157 -0.0586879    2.92477  -0.151083
0.385659  0.15468 0.650879  0.029327 -0.130842  0.655549   0.385767   0.154745     0.6509  0.0535776 -0.0970658    0.64221    1.02755  -0.647899  -0.486525   -2.44403 -0.0593566    2.93038  -0.152069
0.384484 0.155766 0.650871 0.0293847 -0.130816  0.655396   0.384592    0.15583   0.650893  0.0531137 -0.0975242   0.641845    1.02947   -0.64885  -0.485213   -2.44645 -0.0600223    2.93591  -0.153058
 0.38331 0.156852 0.650863 0.0294425 -0.130782  0.655247  0.383417  0.156913  0.650885 0.0526503 -0.097982  0.641479    1.03137  -0.649775  -0.483887   -2.44884 -0.0606849    2.94137  -0.154051
0.382138 0.157935 0.650855 0.0295004 -0.130741  0.655104   0.382244   0.157995   0.650877  0.0521873 -0.0984395   0.641115    1.03325  -0.650675  -0.482548    -2.4512 -0.0613444    2.94675  -0.155048
0.380966 0.159018 0.650847 0.0295583 -0.130693  0.654965   0.381072   0.159076   0.650869  0.0517249 -0.0988963    0.64075   1.03511  -0.65155 -0.481195  -2.45352 -0.062001   2.95206 -0.156049
0.379796 0.160099 0.650839  0.029616 -0.130638   0.65483   0.379902   0.160156   0.650862   0.051263 -0.0993527   0.640387    1.03696    -0.6524  -0.479829   -2.45581 -0.0626546     2.9573  -0.157053
0.378628  0.16118 0.650831 0.0296735 -0.130577  0.654701   0.378733   0.161235   0.650854  0.0508016 -0.0998085   0.640023    1.03879  -0.653228   -0.47845   -2.45806 -0.0633052    2.96246  -0.158061
 0.37746 0.162258 0.650823 0.0297307  -0.13051  0.654576  0.377565  0.162312  0.650846 0.0503408 -0.100264   0.63966     1.0406  -0.654032  -0.477059   -2.46029 -0.0639528    2.96754  -0.159073
0.376295 0.163336 0.650815 0.0297875 -0.130436  0.654456  0.376399  0.163388  0.650838 0.0498807 -0.100718  0.639298     1.0424  -0.654813  -0.475655   -2.46248 -0.0645975    2.97255  -0.160088
0.375131 0.164411 0.650807 0.0298439 -0.130356   0.65434  0.375235  0.164462  0.650831 0.0494212 -0.101172  0.638936    1.04418  -0.655573  -0.474239   -2.46464 -0.0652393    2.97748  -0.161107
0.373969 0.165486 0.650799 0.0298998  -0.13027  0.654228  0.374072  0.165535  0.650823 0.0489623 -0.101626  0.638574   1.04594 -0.656311 -0.472812  -2.46677 -0.065878   2.98233  -0.16213
0.372808 0.166559 0.650791  0.029955 -0.130179  0.654121  0.372911  0.166606  0.650815 0.0485041 -0.102078  0.638213    1.04769  -0.657028  -0.471373   -2.46887 -0.0665139    2.98711  -0.163157
0.371649  0.16763 0.650783 0.0300095 -0.130081  0.654017  0.371752  0.167675  0.650807 0.0480467  -0.10253  0.637853    1.04942  -0.657725  -0.469922   -2.47094 -0.0671468    2.99181  -0.164188
0.370492 0.168699 0.650775 0.0300631 -0.129979  0.653918  0.370594  0.168743    0.6508 0.0475899 -0.102982  0.637493    1.05113  -0.658401  -0.468461   -2.47298 -0.0677767    2.99643  -0.165222
0.369337 0.169767 0.650767  0.030116 -0.129872  0.653823  0.369439  0.169809  0.650792 0.0471339 -0.103432  0.637134    1.05283  -0.659059  -0.466988   -2.47498 -0.0684036    3.00098   -0.16626
0.368184 0.170833  0.65076 0.0301679 -0.129759  0.653733  0.368285  0.170874  0.650784 0.0466787 -0.103882  0.636775    1.05451  -0.659697  -0.465505   -2.47696 -0.0690276    3.00544  -0.167302
0.367032 0.171897 0.650752 0.0302187 -0.129641  0.653645  0.367133  0.171936  0.650777 0.0462242 -0.104331  0.636417    1.05618  -0.660317  -0.464011    -2.4789 -0.0696485    3.00983  -0.168347
0.365883 0.172959 0.650744 0.0302685 -0.129519  0.653562  0.365984  0.172996  0.650769 0.0457706 -0.104779  0.636059    1.05783  -0.660919  -0.462506   -2.48082 -0.0702664    3.01414  -0.169397
0.364736 0.174019 0.650737  0.030317 -0.129392  0.653483  0.364837  0.174055  0.650762 0.0453178 -0.105226  0.635703    1.05947  -0.661504  -0.460991   -2.48271 -0.0708813    3.01838   -0.17045
0.363591 0.175077 0.650729 0.0303643 -0.129261  0.653407  0.363691  0.175111  0.650754 0.0448659 -0.105673  0.635347    1.06108  -0.662071  -0.459466   -2.48457 -0.0714932    3.02253  -0.171507
0.362449 0.176133 0.650721 0.0304104 -0.129125  0.653335  0.362549  0.176166  0.650746 0.0444149 -0.106119  0.634991    1.06269  -0.662621  -0.457932   -2.48639 -0.0721019    3.02661  -0.172568
0.361308 0.177188 0.650714  0.030455 -0.128985  0.653267  0.361408  0.177218  0.650739 0.0439648 -0.106563  0.634637    1.06427  -0.663156  -0.456387   -2.48819 -0.0727075    3.03061  -0.173632
0.360171 0.178239 0.650706 0.0304982 -0.128842  0.653202   0.36027  0.178268  0.650731 0.0435156 -0.107007  0.634283   1.06585 -0.663674 -0.454833  -2.48997  -0.07331   3.03454 -0.174701
0.359035 0.179289 0.650698 0.0305398 -0.128694   0.65314  0.359134  0.179316  0.650724 0.0430674  -0.10745   0.63393     1.0674  -0.664177   -0.45327   -2.49171 -0.0739093    3.03838  -0.175773
0.357902 0.180336 0.650691   0.03058 -0.128542  0.653082  0.358001  0.180362  0.650716 0.0426202 -0.107892  0.633577    1.06894  -0.664665  -0.451698   -2.49342 -0.0745054    3.04215  -0.176849
0.356772 0.181381 0.650683 0.0306185 -0.128387  0.653028   0.35687  0.181405  0.650709  0.042174 -0.108333  0.633226    1.07046  -0.665139  -0.450117   -2.49511 -0.0750982    3.04584  -0.177929
0.355644 0.182423 0.650675 0.0306552 -0.128229  0.652976  0.355742  0.182445  0.650701 0.0417288 -0.108772  0.632875    1.07197  -0.665598  -0.448527   -2.49677 -0.0756877    3.04946  -0.179013
0.354519 0.183463 0.650668 0.0306903 -0.128067  0.652928  0.354616  0.183484  0.650694 0.0412847 -0.109211  0.632525   1.07346 -0.666044 -0.446928  -2.49841 -0.076274     3.053   -0.1801
0.353396 0.184501  0.65066 0.0307236 -0.127901  0.652883  0.353494   0.18452  0.650686 0.0408416 -0.109649  0.632176    1.07494  -0.666475  -0.445321   -2.50001 -0.0768568    3.05646  -0.181191
0.352277 0.185536 0.650652 0.0307551 -0.127733  0.652841  0.352374  0.185553  0.650679 0.0403997 -0.110086  0.631828     1.0764  -0.666894  -0.443706   -2.50159 -0.0774362    3.05984  -0.182287
 0.35116 0.186568 0.650645 0.0307847 -0.127561  0.652802  0.351257  0.186583  0.650672 0.0399588 -0.110521  0.631481    1.07785    -0.6673  -0.442083   -2.50314 -0.0780122    3.06315  -0.183386
0.350046 0.187597 0.650637 0.0308123 -0.127387  0.652765  0.350143  0.187611  0.650664 0.0395191 -0.110955  0.631134    1.07928  -0.667694  -0.440452   -2.50467 -0.0785847    3.06638  -0.184488
0.348935 0.188624  0.65063 0.0308381  -0.12721  0.652732  0.349031  0.188636  0.650657 0.0390806 -0.111389  0.630789    1.08069  -0.668075  -0.438813   -2.50617 -0.0791536    3.06954  -0.185595
0.347827 0.189648 0.650622 0.0308619  -0.12703  0.652702  0.347923  0.189659  0.650649 0.0386433 -0.111821  0.630444    1.08209  -0.668445  -0.437167   -2.50765 -0.0797188    3.07262  -0.186706
0.346722 0.190669 0.650615 0.0308837 -0.126848  0.652674  0.346818  0.190678  0.650642 0.0382072 -0.112252  0.630101    1.08347  -0.668803  -0.435514    -2.5091 -0.0802805    3.07563   -0.18782
 0.34562 0.191687 0.650607 0.0309033 -0.126663  0.652649  0.345716  0.191695  0.650635 0.0377724 -0.112681  0.629758    1.08484  -0.669151  -0.433854   -2.51052 -0.0808384    3.07857  -0.188938
0.344522 0.192703   0.6506  0.030921 -0.126476  0.652627  0.344617  0.192709  0.650628 0.0373388  -0.11311  0.629417    1.08619  -0.669487  -0.432187   -2.51192 -0.0813925    3.08143   -0.19006
0.343427 0.193715 0.650592 0.0309366 -0.126286  0.652607  0.343522  0.193719   0.65062 0.0369064 -0.113537  0.629076    1.08753  -0.669813  -0.430514    -2.5133 -0.0819428    3.08422  -0.191186
0.342335 0.194724 0.650585   0.03095 -0.126095   0.65259   0.34243  0.194727  0.650613 0.0364755 -0.113963  0.628736    1.08885  -0.670128  -0.428835   -2.51465 -0.0824892    3.08693  -0.192316
0.341246  0.19573 0.650578 0.0309613 -0.125901  0.652576  0.341341  0.195731  0.650606 0.0360458 -0.114387  0.628398    1.09016  -0.670434  -0.427149   -2.51598 -0.0830317    3.08957  -0.193449
0.340161 0.196733  0.65057 0.0309706 -0.125706  0.652563  0.340256  0.196733  0.650599 0.0356175  -0.11481  0.628061    1.09145  -0.670729  -0.425458   -2.51728 -0.0835702    3.09214  -0.194587
0.339079 0.197733 0.650563 0.0309776 -0.125508  0.652554  0.339174  0.197731  0.650591 0.0351906 -0.115232  0.627724    1.09273  -0.671016  -0.423761   -2.51856 -0.0841046    3.09464  -0.195728
0.338001 0.198729 0.650556 0.0309824 -0.125309  0.652546  0.338096  0.198725  0.650584 0.0347651 -0.115652  0.627389    1.09399  -0.671293  -0.422058   -2.51981 -0.0846349    3.09707  -0.196873
0.336926 0.199722 0.650549 0.0309852 -0.125108  0.652541  0.337021  0.199717  0.650577  0.034341 -0.116071  0.627055    1.09523  -0.671561  -0.420351   -2.52105 -0.0851609    3.09943  -0.198022
0.335855 0.200712 0.650541 0.0309858 -0.124906  0.652538   0.33595  0.200705   0.65057 0.0339183 -0.116489  0.626722    1.09646   -0.67182  -0.418639   -2.52226 -0.0856828    3.10172  -0.199175
0.334788 0.201698 0.650534 0.0309841 -0.124702  0.652537  0.334883   0.20169  0.650563 0.0334972 -0.116905   0.62639    1.09768  -0.672071  -0.416922   -2.52344 -0.0862003    3.10394  -0.200332
0.333725 0.202681 0.650527 0.0309804 -0.124497  0.652538  0.333819  0.202671  0.650556 0.0330775  -0.11732  0.626059    1.09888  -0.672313    -0.4152   -2.52461 -0.0867134     3.1061  -0.201492
0.332665  0.20366  0.65052 0.0309744  -0.12429  0.652542   0.33276  0.203648  0.650549 0.0326594 -0.117733   0.62573    1.10007  -0.672547  -0.413475   -2.52575 -0.0872221    3.10818  -0.202656
0.331609 0.204635 0.650513 0.0309662 -0.124082  0.652547  0.331704  0.204622  0.650542 0.0322428 -0.118144  0.625402    1.10124  -0.672774  -0.411746   -2.52687 -0.0877263     3.1102  -0.203824
0.330558 0.205607 0.650506 0.0309559 -0.123874  0.652555  0.330652  0.205592  0.650535 0.0318278 -0.118554  0.625075     1.1024  -0.672993  -0.410013   -2.52797 -0.0882259    3.11215  -0.204996
 0.32951 0.206575 0.650499 0.0309435 -0.123663  0.652564  0.329605  0.206559  0.650528 0.0314143 -0.118963  0.624749    1.10354  -0.673204  -0.408276   -2.52905 -0.0887209    3.11404  -0.206172
0.328466  0.20754 0.650492 0.0309288 -0.123452  0.652575  0.328561  0.207522  0.650521 0.0310025  -0.11937  0.624425    1.10467  -0.673408  -0.406537    -2.5301 -0.0892112    3.11587  -0.207352
0.327427   0.2085 0.650485 0.0309121  -0.12324  0.652588  0.327522  0.208481  0.650514 0.0305923 -0.119775  0.624102    1.10578  -0.673605  -0.404795   -2.53114 -0.0896967    3.11763  -0.208535
0.326392 0.209457 0.650478 0.0308933 -0.123027  0.652603  0.326487  0.209436  0.650507 0.0301838 -0.120179   0.62378    1.10688  -0.673795   -0.40305   -2.53215 -0.0901774    3.11932  -0.209722
0.325361 0.210409 0.650471 0.0308723 -0.122814  0.652619  0.325456  0.210387    0.6505  0.029777 -0.120581  0.623459    1.10797  -0.673978  -0.401303   -2.53314 -0.0906533    3.12096  -0.210913
0.324334 0.211358 0.650464 0.0308492   -0.1226  0.652637  0.324429  0.211334  0.650494 0.0293719 -0.120981   0.62314    1.10904  -0.674154  -0.399554   -2.53412 -0.0911242    3.12253  -0.212108
0.323312 0.212303 0.650457 0.0308242 -0.122384  0.652657  0.323407  0.212277  0.650487 0.0289685 -0.121379  0.622822     1.1101  -0.674324  -0.397803   -2.53507 -0.0915901    3.12404  -0.213307
0.322294 0.213243  0.65045 0.0307971 -0.122169  0.652679  0.322389  0.213216   0.65048 0.0285669 -0.121776  0.622506    1.11114  -0.674488   -0.39605     -2.536 -0.0920509     3.1255  -0.214509
 0.32128 0.214179 0.650444 0.0307678 -0.121953  0.652702  0.321376   0.21415  0.650473  0.028167 -0.122171  0.622191    1.11217  -0.674645  -0.394296   -2.53691 -0.0925066    3.12689  -0.215715
0.320272 0.215111 0.650437 0.0307367 -0.121736  0.652726  0.320367  0.215081  0.650467  0.027769 -0.122565  0.621877    1.11319  -0.674797  -0.392542   -2.53781 -0.0929571    3.12823  -0.216925
0.319267 0.216039  0.65043 0.0307036 -0.121519  0.652752  0.319363  0.216007   0.65046 0.0273728 -0.122956  0.621565    1.11419  -0.674942  -0.390786   -2.53868 -0.0934024    3.12951  -0.218138
0.318268 0.216963 0.650423 0.0306686 -0.121301   0.65278  0.318364  0.216929  0.650453 0.0269784 -0.123346  0.621254    1.11518  -0.675082   -0.38903   -2.53954 -0.0938424    3.13073  -0.219356
0.317273 0.217881 0.650417 0.0306315 -0.121084  0.652809  0.317369  0.217847  0.650447 0.0265859 -0.123733  0.620945    1.11616  -0.675215  -0.387274   -2.54037 -0.0942771     3.1319  -0.220576
0.316283 0.218796  0.65041 0.0305926 -0.120866  0.652839   0.31638   0.21876   0.65044 0.0261953 -0.124119  0.620637    1.11712  -0.675344  -0.385518   -2.54119 -0.0947063    3.13301  -0.221801
0.315298 0.219706 0.650403  0.030552 -0.120647   0.65287  0.315395  0.219669  0.650434 0.0258066 -0.124503  0.620331    1.11807  -0.675467  -0.383763   -2.54199 -0.0951301    3.13407  -0.223029
0.314318 0.220612 0.650397 0.0305094 -0.120429  0.652903  0.314415  0.220573  0.650427 0.0254199 -0.124885  0.620027    1.11901  -0.675584  -0.382008   -2.54277 -0.0955484    3.13508  -0.224262
0.313343 0.221513  0.65039 0.0304651  -0.12021  0.652937   0.31344  0.221472  0.650421 0.0250351 -0.125266  0.619723    1.11994  -0.675696  -0.380254   -2.54353 -0.0959611    3.13603  -0.225497
0.312373 0.222409 0.650384  0.030419 -0.119992  0.652973   0.31247  0.222367  0.650414 0.0246524 -0.125644  0.619422    1.12085  -0.675803  -0.378501   -2.54428 -0.0963682    3.13694  -0.226736
0.311408 0.223301 0.650377 0.0303712 -0.119773  0.653009  0.311505  0.223257  0.650408 0.0242716  -0.12602  0.619122    1.12175  -0.675905   -0.37675   -2.54501 -0.0967697    3.13779  -0.227979
0.310448 0.224187 0.650371 0.0303217 -0.119555  0.653047  0.310545  0.224143  0.650402 0.0238929 -0.126394  0.618824    1.12263  -0.676002  -0.375001   -2.54572 -0.0971654     3.1386  -0.229226
0.309493 0.225069 0.650365 0.0302705 -0.119336  0.653086  0.309591  0.225023  0.650395 0.0235162 -0.126766  0.618527    1.12351  -0.676095  -0.373253   -2.54641 -0.0975554    3.13935  -0.230476
0.308544 0.225947 0.650358 0.0302179 -0.119118  0.653126  0.308642  0.225899  0.650389 0.0231416 -0.127136  0.618232    1.12437  -0.676182  -0.371508   -2.54709 -0.0979396    3.14006   -0.23173
0.307599 0.226819 0.650352 0.0301635   -0.1189  0.653167  0.307698   0.22677  0.650383 0.0227692 -0.127504  0.617938    1.12522  -0.676264  -0.369766   -2.54775 -0.0983179    3.14073  -0.232987
0.306661 0.227686 0.650346 0.0301076 -0.118682  0.653209  0.306759  0.227636  0.650376 0.0223988  -0.12787  0.617646    1.12606  -0.676342  -0.368026   -2.54839 -0.0986904    3.14135  -0.234247
0.305728 0.228548  0.65034 0.0300503 -0.118464  0.653251  0.305826  0.228496   0.65037 0.0220306 -0.128234  0.617356   1.12688 -0.676416  -0.36629  -2.54902 -0.099057   3.14192 -0.235511
  0.3048 0.229405 0.650334 0.0299915 -0.118247  0.653295  0.304899  0.229352  0.650364 0.0216646 -0.128596  0.617068    1.12769  -0.676485  -0.364557   -2.54963 -0.0994175    3.14246  -0.236779
0.303878 0.230257 0.650327 0.0299314 -0.118029   0.65334  0.303977  0.230202  0.650358 0.0213008 -0.128955  0.616781     1.1285  -0.676549  -0.362828   -2.55022 -0.0997721    3.14295   -0.23805
0.302961 0.231104 0.650321 0.0298699 -0.117813  0.653386  0.303061  0.231048  0.650352 0.0209392 -0.129312  0.616497   1.12928 -0.676609 -0.361103   -2.5508 -0.100121   3.14339 -0.239324
 0.30205 0.231945 0.650315  0.029807 -0.117596  0.653432   0.30215  0.231888  0.650346 0.0205799 -0.129667  0.616213   1.13006 -0.676665 -0.359382  -2.55137 -0.100463    3.1438 -0.240602
0.301145 0.232781 0.650309 0.0297428  -0.11738   0.65348  0.301245  0.232723   0.65034 0.0202228  -0.13002  0.615932   1.13083 -0.676716 -0.357665  -2.55192   -0.1008   3.14417 -0.241883
0.300246 0.233612 0.650303 0.0296773 -0.117165  0.653528  0.300346  0.233552  0.650334 0.0198681 -0.130371  0.615653   1.13158 -0.676764 -0.355954  -2.55245  -0.10113    3.1445 -0.243167
0.299352 0.234437 0.650297 0.0296106  -0.11695  0.653577  0.299453  0.234376  0.650328 0.0195156 -0.130719  0.615375   1.13233 -0.676807 -0.354247  -2.55297 -0.101454   3.14479 -0.244455
0.298465 0.235257 0.650291 0.0295429 -0.116735  0.653626  0.298566  0.235194  0.650322 0.0191655 -0.131065  0.615099   1.13306 -0.676846 -0.352546  -2.55347 -0.101772   3.14505 -0.245746
0.297583 0.236071 0.650286 0.0294739 -0.116521  0.653677  0.297685  0.236007  0.650316 0.0188178 -0.131408  0.614825   1.13378 -0.676882  -0.35085  -2.55396 -0.102084   3.14527  -0.24704
0.296708  0.23688  0.65028  0.029404 -0.116308  0.653728   0.29681  0.236815   0.65031 0.0184724 -0.131749  0.614553   1.13449 -0.676913 -0.349161  -2.55444 -0.102389   3.14546 -0.248337
0.295839 0.237683 0.650274 0.0293329 -0.116095  0.653779  0.295941  0.237616  0.650305 0.0181295 -0.132088  0.614283   1.13519 -0.676941 -0.347477   -2.5549 -0.102689   3.14561 -0.249638
0.294975  0.23848 0.650268 0.0292609 -0.115883  0.653832  0.295078  0.238413  0.650299  0.017789 -0.132425  0.614015   1.13588 -0.676965   -0.3458  -2.55535 -0.102982   3.14573 -0.250941
0.294119 0.239272 0.650262 0.0291879 -0.115672  0.653884  0.294221  0.239203  0.650293 0.0174509 -0.132759  0.613748   1.13656 -0.676985  -0.34413  -2.55579 -0.103268   3.14582 -0.252247
0.293268 0.240058 0.650257  0.029114 -0.115461  0.653938  0.293371  0.239987  0.650288 0.0171154  -0.13309  0.613484   1.13722 -0.677001 -0.342467  -2.55621 -0.103549   3.14587 -0.253557
0.292424 0.240837 0.650252 0.0290393 -0.115251  0.653992  0.292527  0.240766  0.650282 0.0167823 -0.133419  0.613222   1.13788 -0.677014 -0.340811  -2.55662 -0.103823    3.1459 -0.254869
0.291586 0.241611 0.650246 0.0289637 -0.115042  0.654046  0.291689  0.241539  0.650276 0.0164518 -0.133746  0.612961   1.13852 -0.677023 -0.339162  -2.55701 -0.104091    3.1459 -0.256185
0.290754 0.242379  0.65024 0.0288873 -0.114834  0.654101  0.290858  0.242305  0.650271 0.0161238  -0.13407  0.612703   1.13916 -0.677029 -0.337521   -2.5574 -0.104352   3.14587 -0.257503
0.289929 0.243141 0.650235 0.0288102 -0.114626  0.654156  0.290034  0.243066  0.650266 0.0157984 -0.134391  0.612446   1.13978 -0.677031 -0.335888  -2.55777 -0.104607   3.14581 -0.258824
0.289111 0.243897  0.65023 0.0287323 -0.114419  0.654212  0.289216  0.243821   0.65026 0.0154756  -0.13471  0.612192    1.1404  -0.67703 -0.334264  -2.55813 -0.104856   3.14573 -0.260147
0.288299 0.244647 0.650224 0.0286539 -0.114214  0.654268  0.288404  0.244569  0.650255 0.0151554 -0.135027   0.61194     1.141 -0.677026 -0.332648  -2.55847 -0.105099   3.14562 -0.261474
0.287494  0.24539 0.650219 0.0285749 -0.114009  0.654325    0.2876  0.245312  0.650249 0.0148379  -0.13534   0.61169    1.1416 -0.677019 -0.331041  -2.55881 -0.105335   3.14548 -0.262803
0.286696 0.246128 0.650214 0.0284952 -0.113805  0.654382  0.286802  0.246048  0.650244  0.014523 -0.135651  0.611442   1.14218 -0.677008 -0.329443  -2.55913 -0.105564   3.14533 -0.264135
0.285905 0.246859 0.650209 0.0284151 -0.113602  0.654439  0.286011  0.246777  0.650239 0.0142109  -0.13596  0.611196   1.14276 -0.676994 -0.327855  -2.55944 -0.105788   3.14515 -0.265469
 0.28512 0.247583 0.650203 0.0283345   -0.1134  0.654496  0.285227  0.247501  0.650234 0.0139014 -0.136266  0.610952   1.14332 -0.676978 -0.326276  -2.55975 -0.106005   3.14494 -0.266806
0.284343 0.248301 0.650198 0.0282533 -0.113199  0.654554  0.284449  0.248218  0.650228 0.0135947 -0.136569   0.61071   1.14388 -0.676958 -0.324706  -2.56004 -0.106216   3.14472 -0.268145
0.283572 0.249013 0.650193 0.0281719 -0.112999  0.654612  0.283679  0.248929  0.650223 0.0132908 -0.136869  0.610471   1.14442 -0.676935 -0.323147  -2.56031  -0.10642   3.14448 -0.269487
0.282809 0.249718 0.650188   0.02809 -0.112801   0.65467  0.282916  0.249633  0.650218 0.0129896 -0.137166  0.610234   1.14496  -0.67691 -0.321599  -2.56058 -0.106618   3.14421 -0.270831
0.282052 0.250417 0.650184 0.0280078 -0.112603  0.654729   0.28216   0.25033  0.650213 0.0126912 -0.137461  0.609999   1.14549 -0.676882 -0.320061  -2.56084  -0.10681   3.14393 -0.272177
0.281303 0.251109 0.650179 0.0279253 -0.112407  0.654787  0.281411  0.251021  0.650208 0.0123957 -0.137753  0.609766     1.146 -0.676851 -0.318534  -2.56109 -0.106995   3.14363 -0.273525
0.280561 0.251794 0.650174 0.0278425 -0.112212  0.654846   0.28067  0.251705  0.650203 0.0121031 -0.138042  0.609535   1.14651 -0.676817 -0.317018  -2.56133 -0.107174   3.14331 -0.274876
0.279826 0.252473 0.650169 0.0277596 -0.112018  0.654904  0.279935  0.252383  0.650199 0.0118133 -0.138329  0.609307   1.14701 -0.676781 -0.315513  -2.56156 -0.107347   3.14298 -0.276228
0.279099 0.253145 0.650165 0.0276764 -0.111825  0.654963  0.279208  0.253053  0.650194 0.0115264 -0.138612  0.609081    1.1475 -0.676743  -0.31402  -2.56178 -0.107513   3.14263 -0.277583
0.278379  0.25381  0.65016 0.0275932 -0.111634  0.655022  0.278489  0.253717  0.650189 0.0112425 -0.138893  0.608857   1.14798 -0.676702 -0.312539  -2.56199 -0.107674   3.14227  -0.27894
0.277667 0.254468 0.650155 0.0275098 -0.111443  0.655081  0.277777  0.254374  0.650184 0.0109615  -0.13917  0.608636   1.14845 -0.676659  -0.31107  -2.56219 -0.107828   3.14189 -0.280298
0.276962 0.255119 0.650151 0.0274264 -0.111255  0.655139  0.277072  0.255024   0.65018 0.0106834 -0.139445  0.608417   1.14891 -0.676614 -0.309614  -2.56238 -0.107975    3.1415 -0.281658
0.276265 0.255763 0.650146  0.027343 -0.111067  0.655198  0.276375  0.255667  0.650175 0.0104084 -0.139717    0.6082   1.14937 -0.676567  -0.30817  -2.56257 -0.108117   3.14109  -0.28302
0.275575   0.2564 0.650142 0.0272596 -0.110881  0.655257  0.275686  0.256303   0.65017 0.0101364 -0.139985  0.607986   1.14981 -0.676517 -0.306739  -2.56274 -0.108252   3.14068 -0.284384
0.274893  0.25703 0.650138 0.0271763 -0.110697  0.655316   0.275004   0.256932   0.650166 0.00986745  -0.140251   0.607774   1.15025 -0.676466 -0.305321  -2.56291 -0.108382   3.14025 -0.285749
0.274219 0.257652 0.650133  0.027093 -0.110514  0.655374   0.274331   0.257553   0.650161 0.00960156  -0.140514   0.607564   1.15067 -0.676413 -0.303916  -2.56307 -0.108505   3.13981 -0.287115
0.273553 0.258268 0.650129 0.0270099 -0.110333  0.655433   0.273665   0.258168   0.650157 0.00933876  -0.140773   0.607357   1.15109 -0.676358 -0.302525  -2.56322 -0.108622   3.13936 -0.288483
0.272894 0.258876 0.650125 0.0269269 -0.110153  0.655491   0.273007   0.258775   0.650153 0.00907907   -0.14103   0.607153    1.1515 -0.676301 -0.301148  -2.56337 -0.108733   3.13891 -0.289853
0.272244 0.259477 0.650121 0.0268442 -0.109975  0.655549   0.272357   0.259374   0.650148 0.00882253  -0.141283   0.606951    1.1519 -0.676243 -0.299784  -2.56351 -0.108837   3.13844 -0.291223
0.271601  0.26007 0.650117 0.0267616 -0.109798  0.655607   0.271714   0.259967   0.650144 0.00856914  -0.141534   0.606751    1.1523 -0.676183 -0.298436  -2.56364 -0.108936   3.13797 -0.292595
0.270967 0.260656 0.650112 0.0266793 -0.109623  0.655664    0.27108   0.260552    0.65014 0.00831894  -0.141781   0.606554   1.15268 -0.676122 -0.297101  -2.56376 -0.109029   3.13749 -0.293968
 0.27034 0.261235 0.650109 0.0265973  -0.10945  0.655722   0.270455   0.261129   0.650136 0.00807194  -0.142025   0.606359   1.15306 -0.676059 -0.295782  -2.56388 -0.109116     3.137 -0.295342
0.269722 0.261806 0.650105 0.0265156 -0.109278  0.655779   0.269837   0.261699   0.650132 0.00782818  -0.142266   0.606167   1.15343 -0.675996 -0.294477  -2.56399 -0.109197   3.13651 -0.296717
0.269113 0.262369 0.650101 0.0264343 -0.109108  0.655835   0.269227   0.262261   0.650128 0.00758767  -0.142503   0.605978   1.15379 -0.675931 -0.293188  -2.56409 -0.109272   3.13601 -0.298092
0.268511 0.262925 0.650097 0.0263534  -0.10894  0.655892   0.268626   0.262816   0.650124 0.00735045  -0.142738   0.605791   1.15414 -0.675865 -0.291914  -2.56419 -0.109341   3.13551 -0.299469
0.267918 0.263473 0.650094 0.0262729 -0.108774  0.655948   0.268033   0.263363    0.65012 0.00711652  -0.142969   0.605607   1.15449 -0.675799 -0.290656  -2.56428 -0.109404     3.135 -0.300846
0.267333 0.264013  0.65009 0.0261929  -0.10861  0.656003   0.267449   0.263902   0.650116 0.00688592  -0.143197   0.605425   1.15482 -0.675731 -0.289414  -2.56436 -0.109462   3.13449 -0.302224
0.266757 0.264545 0.650086 0.0261133 -0.108448  0.656059   0.266873   0.264433   0.650112 0.00665867  -0.143421   0.605246   1.15515 -0.675663 -0.288188  -2.56445 -0.109514   3.13397 -0.303602
0.266189 0.265069 0.650083 0.0260343 -0.108288  0.656113   0.266306   0.264957   0.650108 0.00643479  -0.143642    0.60507   1.15547 -0.675594 -0.286978  -2.56452  -0.10956   3.13345  -0.30498
 0.26563 0.265586 0.650079 0.0259559 -0.108129  0.656168   0.265747   0.265472   0.650104 0.00621431   -0.14386   0.604896   1.15579 -0.675525 -0.285785  -2.56459   -0.1096   3.13293 -0.306359
 0.26508 0.266094 0.650076 0.0258779 -0.107973  0.656221   0.265197    0.26598   0.650101 0.00599724  -0.144075   0.604725   1.15609 -0.675456 -0.284609  -2.56466 -0.109635   3.13241 -0.307738
0.264538 0.266595 0.650072 0.0258006 -0.107819  0.656275   0.264656   0.266479   0.650097 0.00578362  -0.144286   0.604557   1.15639 -0.675386 -0.283449  -2.56472 -0.109664   3.13189 -0.309117
0.264005 0.267087 0.650069  0.025724 -0.107667  0.656328   0.264123    0.26697   0.650094 0.00557346  -0.144493   0.604391   1.15668 -0.675316 -0.282307  -2.56477 -0.109687   3.13136 -0.310497
0.263481 0.267571 0.650066 0.0256479 -0.107517   0.65638    0.2636  0.267453   0.65009 0.0053668 -0.144698  0.604228   1.15697 -0.675246 -0.281183  -2.56482 -0.109705   3.13084 -0.311876
0.262966 0.268047 0.650063 0.0255726  -0.10737  0.656431   0.263085   0.267928   0.650087 0.00516364  -0.144898   0.604068   1.15724 -0.675176 -0.280076  -2.56487 -0.109718   3.13031 -0.313255
0.262459 0.268514  0.65006 0.0254981 -0.107224  0.656482   0.262579   0.268395   0.650083 0.00496403  -0.145096   0.603911   1.15751 -0.675107 -0.278987  -2.56491 -0.109725   3.12979 -0.314633
0.261962 0.268974 0.650057 0.0254242 -0.107081  0.656533   0.262082   0.268853    0.65008 0.00476797  -0.145289   0.603756   1.15777 -0.675037 -0.277917  -2.56495 -0.109727   3.12927 -0.316012
0.261474 0.269425 0.650054 0.0253511  -0.10694  0.656582   0.261594   0.269303   0.650077 0.00457549  -0.145479   0.603605   1.15802 -0.674968 -0.276864  -2.56499 -0.109723   3.12874  -0.31739
0.260995 0.269867 0.650051 0.0252788 -0.106802  0.656631   0.261116   0.269745   0.650074 0.00438662  -0.145666   0.603456   1.15827   -0.6749  -0.27583  -2.56502 -0.109714   3.12822 -0.318767
0.260525 0.270301 0.650048 0.0252074 -0.106666   0.65668   0.260646   0.270178   0.650071 0.00420139  -0.145849    0.60331   1.15851 -0.674832 -0.274815  -2.56505   -0.1097   3.12771 -0.320144
0.260065 0.270726 0.650045 0.0251367 -0.106532  0.656727  0.260186  0.270602  0.650068 0.0040198 -0.146028  0.603167   1.15874 -0.674765 -0.273819  -2.56508  -0.10968   3.12719 -0.321519
0.259613 0.271143 0.650043  0.025067 -0.106401  0.656774   0.259735   0.271018   0.650065 0.00384189  -0.146204   0.603027   1.15897 -0.674699 -0.272842   -2.5651 -0.109655   3.12668 -0.322895
0.259171 0.271552  0.65004 0.0249981 -0.106273   0.65682   0.259294   0.271426   0.650062 0.00366768  -0.146376    0.60289   1.15918 -0.674634 -0.271885  -2.56512 -0.109626   3.12617 -0.324269
0.258739 0.271951 0.650037 0.0249303 -0.106147  0.656865  0.258862  0.271824  0.650059 0.0034972 -0.146545  0.602755   1.15939  -0.67457 -0.270947  -2.56514 -0.109591   3.12566 -0.325642
0.258316 0.272342 0.650035 0.0248632 -0.106024   0.65691   0.258439   0.272214   0.650056 0.00333046   -0.14671   0.602624    1.1596 -0.674507 -0.270029  -2.56515 -0.109551   3.12516 -0.327013
0.257903 0.272723 0.650032 0.0247972 -0.105903  0.656953  0.258027  0.272595  0.650053 0.0031675 -0.146871  0.602495    1.1598 -0.674446 -0.269131  -2.56517 -0.109506   3.12466 -0.328384
0.257499 0.273096  0.65003 0.0247321 -0.105785  0.656996   0.257623   0.272967   0.650051 0.00300832  -0.147028    0.60237   1.15999 -0.674386 -0.268253  -2.56518 -0.109456   3.12417 -0.329753
0.257105  0.27346 0.650028 0.0246681  -0.10567  0.657038   0.257229    0.27333   0.650048 0.00285297  -0.147181   0.602248   1.16017 -0.674328 -0.267396  -2.56519 -0.109401   3.12368 -0.331121
0.256721 0.273815 0.650025 0.0246051 -0.105557  0.657079   0.256846   0.273684   0.650045 0.00270145  -0.147331   0.602128   1.16034 -0.674271 -0.266559  -2.56519 -0.109342   3.12319 -0.332487
0.256346 0.274161 0.650023 0.0245432 -0.105448  0.657119  0.256471   0.27403  0.650043 0.0025538 -0.147477  0.602012   1.16051 -0.674216 -0.265743   -2.5652 -0.109277   3.12271 -0.333851
0.255981 0.274498 0.650021 0.0244823 -0.105341  0.657158   0.256107   0.274366   0.650041 0.00241004  -0.147619   0.601899   1.16068 -0.674163 -0.264948   -2.5652 -0.109208   3.12224 -0.335214
0.255626 0.274826 0.650019 0.0244225 -0.105238  0.657196   0.255753   0.274693   0.650038 0.00227018  -0.147757   0.601789   1.16083 -0.674112 -0.264175  -2.56521 -0.109134   3.12177 -0.336574
0.255281 0.275145 0.650017 0.0243638 -0.105137  0.657233   0.255408    0.27501   0.650036 0.00213426  -0.147891   0.601681   1.16098 -0.674063 -0.263422  -2.56521 -0.109056   3.12131 -0.337933
0.254946 0.275454 0.650015 0.0243062 -0.105039  0.657269  0.255074  0.275319  0.650034 0.0020023 -0.148022  0.601577   1.16113 -0.674016 -0.262692  -2.56521 -0.108973   3.12086  -0.33929
0.254622 0.275754 0.650013 0.0242499 -0.104944  0.657304    0.25475   0.275618   0.650031 0.00187432  -0.148148   0.601477   1.16126 -0.673971 -0.261983  -2.56521 -0.108885   3.12041 -0.340644
0.254307 0.276045 0.650011 0.0241947 -0.104853  0.657338   0.254435   0.275908   0.650029 0.00175035  -0.148271   0.601379   1.16139 -0.673929 -0.261296  -2.56521 -0.108792   3.11996 -0.341996
0.254003 0.276326  0.65001 0.0241407 -0.104764  0.657371  0.254131  0.276188  0.650027 0.0016304 -0.148389  0.601284   1.16152  -0.67389 -0.260631   -2.5652 -0.108696   3.11953 -0.343346
0.253708 0.276597 0.650009 0.0240878 -0.104679  0.657403   0.253838   0.276459   0.650025 0.00151451  -0.148504   0.601193   1.16163 -0.673853 -0.259989   -2.5652 -0.108594    3.1191 -0.344693
0.253425  0.27686 0.650007 0.0240363 -0.104597  0.657433   0.253554   0.276721   0.650024 0.00140269  -0.148614   0.601105   1.16174 -0.673819 -0.259369   -2.5652 -0.108489   3.11868 -0.346037
0.253151 0.277112 0.650005  0.023986 -0.104518  0.657463   0.253281   0.276973   0.650022 0.00129496  -0.148721    0.60102   1.16185 -0.673787 -0.258772  -2.56519 -0.108379   3.11827 -0.347379
0.252888 0.277355 0.650004 0.0239369 -0.104442  0.657491   0.253019   0.277215    0.65002 0.00119136  -0.148823   0.600939   1.16194 -0.673759 -0.258198  -2.56519 -0.108265   3.11786 -0.348717
0.252636 0.277588 0.650002 0.0238891  -0.10437  0.657519   0.252767   0.277447   0.650018 0.00109191  -0.148921    0.60086   1.16204 -0.673733 -0.257647  -2.56518 -0.108146   3.11746 -0.350053
0.252394 0.277812 0.650001 0.0238427 -0.104301  0.657545   0.252525    0.27767   0.650017 0.00099662  -0.149015   0.600785   1.16212 -0.673711 -0.257119  -2.56518 -0.108023   3.11707 -0.351386
0.252162 0.278025     0.65 0.0237975 -0.104235   0.65757    0.252295    0.277883    0.650015 0.000905525   -0.149105    0.600713    1.1622 -0.673692 -0.256615  -2.56517 -0.107896   3.11669 -0.352715
0.251942 0.278229 0.649998 0.0237537 -0.104173  0.657593    0.252074    0.278086    0.650014 0.000818645   -0.149191    0.600645   1.16227 -0.673676 -0.256134  -2.56517 -0.107765   3.11632 -0.354042
0.251732 0.278423 0.649997 0.0237112 -0.104115  0.657616    0.251865    0.278279    0.650012 0.000736004   -0.149273     0.60058   1.16234 -0.673664 -0.255677  -2.56517  -0.10763   3.11596 -0.355364
0.251533 0.278607 0.649996 0.0236701 -0.104059  0.657637    0.251666    0.278463    0.650011 0.000657626    -0.14935    0.600518    1.1624 -0.673655 -0.255244  -2.56516 -0.107491    3.1156 -0.356684
0.251344 0.278781 0.649995 0.0236304 -0.104008  0.657657    0.251479    0.278636     0.65001 0.000583533   -0.149423     0.60046   1.16245 -0.673649 -0.254836  -2.56516 -0.107348   3.11525 -0.357999
0.251167 0.278945 0.649995 0.023592 -0.10396 0.657675    0.251302    0.278799    0.650009 0.000513749   -0.149492    0.600405    1.1625 -0.673648 -0.254451  -2.56516 -0.107201   3.11491 -0.359312
0.251001 0.279098 0.649994 0.0235551 -0.103915  0.657693    0.251136    0.278952    0.650008 0.000448297   -0.149557    0.600353   1.16254 -0.673649 -0.254092  -2.56515  -0.10705   3.11458  -0.36062
0.250845 0.279242 0.649993 0.0235196 -0.103875  0.657709    0.250981    0.279095    0.650007 0.000387202   -0.149617    0.600305   1.16257 -0.673655 -0.253756  -2.56515 -0.106895   3.11426 -0.361924
0.250701 0.279375 0.649993 0.0234855 -0.103838  0.657723    0.250837    0.279227    0.650006 0.000330485   -0.149673     0.60026    1.1626 -0.673664 -0.253446  -2.56515 -0.106736   3.11395 -0.363224
0.250568 0.279498 0.649992 0.0234528 -0.103805  0.657737    0.250705     0.27935    0.650005 0.000278172   -0.149725    0.600219   1.16262 -0.673677 -0.253161  -2.56515 -0.106574   3.11365 -0.364521
0.250446  0.27961 0.649992 0.0234217 -0.103775  0.657749    0.250584    0.279462    0.650004 0.000230284   -0.149772    0.600181   1.16264 -0.673695 -0.252901  -2.56515 -0.106407   3.11336 -0.365813
0.250335 0.279712 0.649991  0.023392 -0.103749  0.657759    0.250473    0.279563    0.650003 0.000186846   -0.149815    0.600147   1.16264 -0.673716 -0.252666  -2.56515 -0.106237   3.11308   -0.3671
0.250236 0.279804 0.649991 0.0233638 -0.103727  0.657768    0.250375    0.279654    0.650002 0.000147882   -0.149854    0.600117   1.16265 -0.673741 -0.252457  -2.56515 -0.106064    3.1128 -0.368383
0.250148 0.279885  0.64999 0.0233371 -0.103709  0.657776    0.250287    0.279735    0.650002 0.000113413   -0.149888    0.600089   1.16264  -0.67377 -0.252273  -2.56516 -0.105886   3.11254 -0.369662
0.250072 0.279956  0.64999  0.023312 -0.103695  0.657783    0.250212    0.279805    0.650001 8.34644e-05   -0.149918    0.600066   1.16263 -0.673804 -0.252115  -2.56516 -0.105705   3.11229 -0.370936
0.250007 0.280016  0.64999 0.0232883 -0.103685  0.657788   0.250147   0.279864   0.650001 5.8059e-05  -0.149943   0.600046   1.16262 -0.673841 -0.251983  -2.56517 -0.105521   3.11204 -0.372206
0.249953 0.280065  0.64999 0.0232662 -0.103678  0.657791    0.250094    0.279913    0.650001 3.72202e-05   -0.149963    0.600029   1.16259 -0.673883 -0.251878  -2.56517 -0.105333   3.11181  -0.37347
0.249911 0.280104  0.64999 0.0232457 -0.103675  0.657793    0.250053    0.279951        0.65 2.09715e-05   -0.149979    0.600017   1.16257 -0.673929 -0.251798  -2.56518 -0.105141   3.11159  -0.37473
0.249881 0.280131  0.64999 0.0232267 -0.103677  0.657794    0.250024    0.279978        0.65 9.33627e-06   -0.149991    0.600007   1.16253 -0.673979 -0.251745  -2.56519 -0.104946   3.11137 -0.375984
0.249863 0.280148  0.64999 0.0232093 -0.103682  0.657793    0.250006    0.279995        0.65 2.33797e-06   -0.149998    0.600002   1.16249 -0.674034 -0.251719   -2.5652 -0.104748   3.11117 -0.377234
0.249857 0.280154  0.64999 0.0231934 -0.103692  0.657791         0.25         0.28         0.65 -2.77556e-17        -0.15          0.6   1.16244 -0.674093 -0.251719  -2.56521 -0.104546   3.11098 -0.378478
0.249862 0.280149 0.649991 0.0231792 -0.103705  0.657787  0.25  0.28  0.65     0 -0.15   0.6    1.1624 -0.674151 -0.251723  -2.56522 -0.104344   3.11079 -0.379719
0.249879 0.280133 0.649991 0.0231666 -0.103723  0.657782  0.25  0.28  0.65     0 -0.15   0.6   1.16236 -0.674208 -0.251727  -2.56523 -0.104145   3.11061 -0.380956
0.249896 0.280117 0.649992 0.0231547 -0.103741  0.657777  0.25  0.28  0.65     0 -0.15   0.6   1.16234 -0.674264 -0.251732  -2.56524 -0.103946   3.11043 -0.382189
0.249912 0.280102 0.649993 0.0231435 -0.103759  0.657771  0.25  0.28  0.65     0 -0.15   0.6   1.16231 -0.674318 -0.251737  -2.56525 -0.103748   3.11026 -0.383419
0.249926 0.280088 0.649995 0.0231333 -0.103776  0.657766  0.25  0.28  0.65     0 -0.15   0.6   1.16229 -0.674371 -0.251742  -2.56526 -0.103552   3.11009 -0.384645
0.249938 0.280076 0.649997 0.0231239 -0.103793  0.657761  0.25  0.28  0.65     0 -0.15   0.6   1.16228 -0.674423 -0.251747  -2.56527 -0.103356   3.10992 -0.385868
0.249949 0.280065 0.649999 0.0231151 -0.103809  0.657756  0.25  0.28  0.65     0 -0.15   0.6   1.16227 -0.674474 -0.251753  -2.56529 -0.103161   3.10976 -0.387087
0.249958 0.280056     0.65 0.0231071 -0.103825  0.657751  0.25  0.28  0.65     0 -0.15   0.6   1.16227 -0.674524 -0.251758   -2.5653 -0.102967    3.1096 -0.388303
0.249966 0.280048 0.650001 0.0230998  -0.10384  0.657746  0.25  0.28  0.65     0 -0.15   0.6   1.16226 -0.674572 -0.251763  -2.56531 -0.102773   3.10945 -0.389515
0.249974 0.280041 0.650002  0.023093 -0.103855  0.657742  0.25  0.28  0.65     0 -0.15   0.6   1.16226  -0.67462 -0.251768  -2.56532  -0.10258    3.1093 -0.390723
 0.24998 0.280036 0.650001 0.0230868 -0.103869  0.657737  0.25  0.28  0.65     0 -0.15   0.6   1.16226 -0.674666 -0.251773  -2.56534 -0.102387   3.10916 -0.391928
0.249985 0.280031     0.65 0.0230812 -0.103882  0.657732  0.25  0.28  0.65     0 -0.15   0.6   1.16226 -0.674712 -0.251778  -2.56535 -0.102195   3.10901 -0.393129
 0.24999 0.280028 0.649998  0.023076 -0.103894  0.657728  0.25  0.28  0.65     0 -0.15   0.6   1.16227 -0.674757 -0.251782  -2.56536 -0.102003   3.10888 -0.394326
0.249994 0.280025 0.649997 0.0230712 -0.103907  0.657724  0.25  0.28  0.65     0 -0.15   0.6   1.16227 -0.674801 -0.251786  -2.56537 -0.101812   3.10874  -0.39552
0.249997 0.280023 0.649995 0.0230666 -0.103919  0.657719  0.25  0.28  0.65     0 -0.15   0.6   1.16227 -0.674845  -0.25179  -2.56539  -0.10162   3.10861  -0.39671
0.249999 0.280022 0.649992 0.0230625  -0.10393  0.657715  0.25  0.28  0.65     0 -0.15   0.6   1.16228 -0.674888 -0.251794   -2.5654 -0.101429   3.10848 -0.397897
0.250002 0.280021  0.64999 0.0230584 -0.103941  0.657711  0.25  0.28  0.65     0 -0.15   0.6   1.16229 -0.674931 -0.251797  -2.56541 -0.101238   3.10836  -0.39908
0.250003 0.280021 0.649989 0.0230545 -0.103952  0.657707  0.25  0.28  0.65     0 -0.15   0.6   1.16229 -0.674973   -0.2518  -2.56542 -0.101048   3.10823 -0.400259
0.250005  0.28002 0.649987 0.0230507 -0.103963  0.657703  0.25  0.28  0.65     0 -0.15   0.6    1.1623 -0.675015 -0.251803  -2.56544 -0.100857   3.10811 -0.401435
0.250006 0.280019 0.649987 0.0230469 -0.103974  0.657699  0.25  0.28  0.65     0 -0.15   0.6    1.1623 -0.675055 -0.251805  -2.56545 -0.100667     3.108 -0.402607
0.250007 0.280018 0.649987 0.0230431 -0.103985  0.657696  0.25  0.28  0.65     0 -0.15   0.6   1.16231 -0.675095 -0.251808  -2.56546 -0.100477   3.10788 -0.403776
0.250007 0.280017 0.649987 0.0230393 -0.103995  0.657692  0.25  0.28  0.65     0 -0.15   0.6   1.16232 -0.675135  -0.25181  -2.56547 -0.100287   3.10777 -0.404941
0.250008 0.280016 0.649988 0.0230355 -0.104006  0.657688  0.25  0.28  0.65     0 -0.15   0.6   1.16232 -0.675173 -0.251812  -2.56548 -0.100097   3.10767 -0.406103
0.250009 0.280015 0.649988 0.0230317 -0.104016  0.657684  0.25  0.28  0.65     0 -0.15   0.6    1.16233  -0.675211  -0.251814    -2.5655 -0.0999074    3.10756  -0.407261
0.250009 0.280014  0.64999 0.0230278 -0.104027  0.657681  0.25  0.28  0.65     0 -0.15   0.6    1.16233  -0.675248  -0.251815   -2.56551 -0.0997179    3.10746  -0.408416
 0.25001 0.280013 0.649991  0.023024 -0.104037  0.657677  0.25  0.28  0.65     0 -0.15   0.6    1.16234  -0.675285  -0.251817   -2.56552 -0.0995286    3.10736  -0.409567
 0.25001 0.280011 0.649992 0.0230203 -0.104047  0.657674  0.25  0.28  0.65     0 -0.15   0.6    1.16235   -0.67532  -0.251818   -2.56553 -0.0993394    3.10726  -0.410714
0.250011  0.28001 0.649993 0.0230165 -0.104057   0.65767  0.25  0.28  0.65     0 -0.15   0.6    1.16236  -0.675355   -0.25182   -2.56555 -0.0991505    3.10716  -0.411858
0.250012 0.280009 0.649994 0.0230129 -0.104067  0.657667  0.25  0.28  0.65     0 -0.15   0.6    1.16236  -0.675389  -0.251821   -2.56556 -0.0989618    3.10707  -0.412999
0.250012 0.280008 0.649995 0.0230094 -0.104076  0.657663  0.25  0.28  0.65     0 -0.15   0.6    1.16237  -0.675423  -0.251822   -2.56557 -0.0987733    3.10698  -0.414136
0.250013 0.280006 0.649996 0.0230059 -0.104085   0.65766  0.25  0.28  0.65     0 -0.15   0.6   1.16238 -0.675455 -0.251823  -2.56559 -0.098585   3.10689  -0.41527
0.250014 0.280005 0.649996 0.0230025 -0.104094  0.657657  0.25  0.28  0.65     0 -0.15   0.6   1.16238 -0.675488 -0.251824   -2.5656 -0.098397    3.1068   -0.4164
0.250015 0.280004 0.649996 0.0229992 -0.104103  0.657654  0.25  0.28  0.65     0 -0.15   0.6    1.16239  -0.675519  -0.251825   -2.56561 -0.0982092    3.10671  -0.417527
0.250016 0.280004 0.649996  0.022996 -0.104111   0.65765  0.25  0.28  0.65     0 -0.15   0.6     1.1624  -0.675551  -0.251825   -2.56563 -0.0980216    3.10663   -0.41865
0.250017 0.280003 0.649996  0.022993 -0.104119  0.657647  0.25  0.28  0.65     0 -0.15   0.6    1.16241  -0.675581  -0.251826   -2.56564 -0.0978343    3.10655   -0.41977
0.250017 0.280003 0.649995   0.02299 -0.104127  0.657644  0.25  0.28  0.65     0 -0.15   0.6    1.16242  -0.675612  -0.251826   -2.56565 -0.0976472    3.10647  -0.420887
0.250018 0.280002 0.649995 0.0229872 -0.104134  0.657641  0.25  0.28  0.65     0 -0.15   0.6    1.16243  -0.675642  -0.251827   -2.56567 -0.0974603    3.10639     -0.422
0.250019 0.280002 0.649994 0.0229844 -0.104142  0.657638  0.25  0.28  0.65     0 -0.15   0.6    1.16243  -0.675671  -0.251827   -2.56568 -0.0972737    3.10631   -0.42311
0.250019 0.280002 0.649993 0.0229817 -0.104149  0.657636  0.25  0.28  0.65     0 -0.15   0.6    1.16244  -0.675701  -0.251827   -2.56569 -0.0970873    3.10624  -0.424216
0.250019 0.280002 0.649992 0.0229791 -0.104156  0.657633  0.25  0.28  0.65     0 -0.15   0.6    1.16245   -0.67573  -0.251828   -2.56571 -0.0969011    3.10616  -0.425319
0.250019 0.280002 0.649992 0.0229765 -0.104163   0.65763  0.25  0.28  0.65     0 -0.15   0.6    1.16246  -0.675758  -0.251828   -2.56572 -0.0967152    3.10609  -0.426419
 0.25002 0.280002 0.649991 0.022974 -0.10417 0.657627  0.25  0.28  0.65     0 -0.15   0.6    1.16247  -0.675786  -0.251828   -2.56573 -0.0965295    3.10602  -0.427515
 0.25002 0.280003 0.649991 0.0229716 -0.104177  0.657624  0.25  0.28  0.65     0 -0.15   0.6   1.16248 -0.675814 -0.251828  -2.56574 -0.096344   3.10595 -0.428608
 0.25002 0.280003 0.649991 0.0229692 -0.104183  0.657622  0.25  0.28  0.65     0 -0.15   0.6    1.16249  -0.675842  -0.251828   -2.56576 -0.0961587    3.10589  -0.429697
0.250019 0.280003 0.649991 0.0229667  -0.10419  0.657619  0.25  0.28  0.65     0 -0.15   0.6    1.16249  -0.675869  -0.251827   -2.56577 -0.0959736    3.10582  -0.430784
0.250019 0.280003 0.649991 0.0229643 -0.104197  0.657616  0.25  0.28  0.65     0 -0.15   0.6     1.1625  -0.675896  -0.251827   -2.56578 -0.0957888    3.10576  -0.431867
0.250019 0.280003 0.649991 0.0229619 -0.104203  0.657614  0.25  0.28  0.65     0 -0.15   0.6    1.16251  -0.675922  -0.251827    -2.5658 -0.0956041     3.1057  -0.432946
0.250019 0.280003 0.649992 0.0229596  -0.10421  0.657611  0.25  0.28  0.65     0 -0.15   0.6    1.16252  -0.675948  -0.251826   -2.56581 -0.0954197    3.10563  -0.434023
0.250019 0.280003 0.649992 0.0229573 -0.104216  0.657609  0.25  0.28  0.65     0 -0.15   0.6    1.16253  -0.675974  -0.251826   -2.56582 -0.0952355    3.10558  -0.435096
0.250018 0.280003 0.649992  0.022955 -0.104223  0.657606  0.25  0.28  0.65     0 -0.15   0.6    1.16253  -0.675999  -0.251825   -2.56583 -0.0950515    3.10552  -0.436166
0.250018 0.280003 0.649993 0.0229527 -0.104229  0.657603  0.25  0.28  0.65     0 -0.15   0.6    1.16254  -0.676024  -0.251825   -2.56585 -0.0948677    3.10546  -0.437232
0.250018 0.280002 0.649993 0.0229504 -0.104235  0.657601  0.25  0.28  0.65     0 -0.15   0.6    1.16255  -0.676048  -0.251824   -2.56586 -0.0946842     3.1054  -0.438295
0.250017 0.280002 0.649994 0.0229482 -0.104241  0.657599  0.25  0.28  0.65     0 -0.15   0.6    1.16256  -0.676072  -0.251824   -2.56587 -0.0945009    3.10535  -0.439355
0.250017 0.280002 0.649994  0.022946 -0.104247  0.657596  0.25  0.28  0.65     0 -0.15   0.6    1.16256  -0.676096  -0.251823   -2.56589 -0.0943178    3.10529  -0.440412
0.250017 0.280002 0.649994 0.0229438 -0.104253  0.657594  0.25  0.28  0.65     0 -0.15   0.6   1.16257 -0.676119 -0.251822   -2.5659 -0.094135   3.10524 -0.441466
0.250017 0.280002 0.649995 0.0229417 -0.104258  0.657591  0.25  0.28  0.65     0 -0.15   0.6    1.16258  -0.676142  -0.251821   -2.56591 -0.0939524    3.10519  -0.442516
0.250017 0.280002 0.649995 0.0229397 -0.104264  0.657589  0.25  0.28  0.65     0 -0.15   0.6    1.16259  -0.676165  -0.251821   -2.56593 -0.0937701    3.10514  -0.443563
0.250017 0.280002 0.649994 0.0229376 -0.104269  0.657587  0.25  0.28  0.65     0 -0.15   0.6    1.16259  -0.676187   -0.25182   -2.56594 -0.0935881    3.10509  -0.444607
0.250017 0.280002 0.649994 0.0229356 -0.104275  0.657584  0.25  0.28  0.65     0 -0.15   0.6     1.1626  -0.676209  -0.251819   -2.56595 -0.0934063    3.10504  -0.445648
0.250017 0.280002 0.649994 0.0229336  -0.10428  0.657582  0.25  0.28  0.65     0 -0.15   0.6    1.16261  -0.676231  -0.251818   -2.56596 -0.0932247    3.10499  -0.446686
0.250017 0.280002 0.649994 0.0229317 -0.104285   0.65758  0.25  0.28  0.65     0 -0.15   0.6    1.16262  -0.676253  -0.251817   -2.56598 -0.0930435    3.10495   -0.44772
0.250017 0.280002 0.649994 0.0229298  -0.10429  0.657578  0.25  0.28  0.65     0 -0.15   0.6    1.16262  -0.676274  -0.251816   -2.56599 -0.0928625     3.1049  -0.448751
0.250017 0.280002 0.649994 0.0229279 -0.104295  0.657576  0.25  0.28  0.65     0 -0.15   0.6    1.16263  -0.676295  -0.251815     -2.566 -0.0926818    3.10485  -0.449779
0.250017 0.280002 0.649994 0.022926  -0.1043 0.657574  0.25  0.28  0.65     0 -0.15   0.6    1.16264  -0.676316  -0.251814   -2.56602 -0.0925014    3.10481  -0.450804
0.250017 0.280002 0.649994 0.0229242 -0.104305  0.657571  0.25  0.28  0.65     0 -0.15   0.6    1.16265  -0.676337  -0.251813   -2.56603 -0.0923213    3.10477  -0.451826
0.250017 0.280002 0.649994 0.0229224 -0.104309  0.657569  0.25  0.28  0.65     0 -0.15   0.6    1.16265  -0.676358  -0.251812   -2.56604 -0.0921415    3.10472  -0.452845
0.250017 0.280002 0.649994 0.0229206 -0.104314  0.657567  0.25  0.28  0.65     0 -0.15   0.6    1.16266  -0.676378  -0.251811   -2.56605 -0.0919619    3.10468  -0.453861
0.250017 0.280002 0.649993 0.0229188 -0.104318  0.657565  0.25  0.28  0.65     0 -0.15   0.6    1.16267  -0.676398   -0.25181   -2.56607 -0.0917827    3.10464  -0.454873
0.250017 0.280002 0.649993  0.022917 -0.104323  0.657563  0.25  0.28  0.65     0 -0.15   0.6    1.16267  -0.676418  -0.251809   -2.56608 -0.0916037     3.1046  -0.455882
0.250017 0.280001 0.649994 0.0229153 -0.104328  0.657561  0.25  0.28  0.65     0 -0.15   0.6   1.16268 -0.676438 -0.251807  -2.56609 -0.091425   3.10456 -0.456889
0.250017 0.280002 0.649993 0.0229136 -0.104332  0.657559  0.25  0.28  0.65     0 -0.15   0.6    1.16269  -0.676457  -0.251806    -2.5661 -0.0912467    3.10452  -0.457892
0.250017 0.280002 0.649993 0.0229119 -0.104336  0.657557  0.25  0.28  0.65     0 -0.15   0.6     1.1627  -0.676476  -0.251805   -2.56612 -0.0910686    3.10449  -0.458892
0.250017 0.280002 0.649993 0.0229103 -0.104341  0.657555  0.25  0.28  0.65     0 -0.15   0.6     1.1627  -0.676495  -0.251804   -2.56613 -0.0908908    3.10445  -0.459889
0.250017 0.280002 0.649993 0.0229087 -0.104345  0.657553  0.25  0.28  0.65     0 -0.15   0.6    1.16271  -0.676514  -0.251802   -2.56614 -0.0907133    3.10441  -0.460884
0.250017 0.280001 0.649993 0.0229071 -0.104349  0.657551  0.25  0.28  0.65     0 -0.15   0.6    1.16272  -0.676533  -0.251801   -2.56615 -0.0905361    3.10438  -0.461875
0.250017 0.280001 0.649994 0.0229055 -0.104353  0.657549  0.25  0.28  0.65     0 -0.15   0.6    1.16273  -0.676551    -0.2518   -2.56616 -0.0903592    3.10434  -0.462863
0.250016 0.280002 0.649994 0.0229039 -0.104357  0.657548  0.25  0.28  0.65     0 -0.15   0.6    1.16273  -0.676569  -0.251798   -2.56618 -0.0901826    3.10431  -0.463848
0.250016 0.280001 0.649994 0.0229024 -0.104362  0.657546  0.25  0.28  0.65     0 -0.15   0.6    1.16274  -0.676587  -0.251797   -2.56619 -0.0900063    3.10427   -0.46483
0.250016 0.280001 0.649994 0.0229009 -0.104366  0.657544  0.25  0.28  0.65     0 -0.15   0.6    1.16275  -0.676605  -0.251796    -2.5662 -0.0898303    3.10424  -0.465809
0.250016 0.280001 0.649994 0.0228994  -0.10437  0.657542  0.25  0.28  0.65     0 -0.15   0.6    1.16275  -0.676623  -0.251794   -2.56621 -0.0896547    3.10421  -0.466785
0.250016 0.280002 0.649995 0.0228978 -0.104373   0.65754  0.25  0.28  0.65     0 -0.15   0.6    1.16276   -0.67664  -0.251793   -2.56622 -0.0894793    3.10418  -0.467758
0.250016 0.280001 0.649994 0.0228964 -0.104377  0.657538  0.25  0.28  0.65     0 -0.15   0.6    1.16277  -0.676657  -0.251791   -2.56624 -0.0893042    3.10414  -0.468728
0.250016 0.280002 0.649994  0.022895 -0.104381  0.657537  0.25  0.28  0.65     0 -0.15   0.6    1.16278  -0.676674   -0.25179   -2.56625 -0.0891294    3.10411  -0.469695
0.250015 0.280002 0.649994 0.0228936 -0.104385  0.657535  0.25  0.28  0.65     0 -0.15   0.6   1.16278 -0.676691 -0.251788  -2.56626 -0.088955   3.10408 -0.470659
0.250015 0.280002 0.649994 0.0228921 -0.104388  0.657533  0.25  0.28  0.65     0 -0.15   0.6    1.16279  -0.676708  -0.251787   -2.56627 -0.0887809    3.10405   -0.47162
0.250015 0.280002 0.649995 0.0228908 -0.104392  0.657532  0.25  0.28  0.65     0 -0.15   0.6    1.1628 -0.676725 -0.251785  -2.56628 -0.088607   3.10402 -0.472579
0.250015 0.280002 0.649995 0.0228894 -0.104396   0.65753  0.25  0.28  0.65     0 -0.15   0.6     1.1628  -0.676741  -0.251783    -2.5663 -0.0884335    3.10399  -0.473534
0.250015 0.280001 0.649995  0.022888 -0.104399  0.657528  0.25  0.28  0.65     0 -0.15   0.6    1.16281  -0.676757  -0.251782   -2.56631 -0.0882603    3.10397  -0.474486
0.250015 0.280002 0.649995 0.0228866 -0.104403  0.657526  0.25  0.28  0.65     0 -0.15   0.6    1.16282  -0.676773   -0.25178   -2.56632 -0.0880875    3.10394  -0.475436
0.250015 0.280001 0.649994 0.0228853 -0.104406  0.657525  0.25  0.28  0.65     0 -0.15   0.6   1.16282 -0.676789 -0.251779  -2.56633 -0.087915   3.10391 -0.476383
0.250015 0.280002 0.649994  0.022884 -0.104409  0.657523  0.25  0.28  0.65     0 -0.15   0.6    1.16283  -0.676805  -0.251777   -2.56634 -0.0877428    3.10388  -0.477326
0.250015 0.280002 0.649994 0.0228828 -0.104413  0.657522  0.25  0.28  0.65     0 -0.15   0.6    1.16284  -0.676821  -0.251775   -2.56635 -0.0875709    3.10386  -0.478267
0.250015 0.280002 0.649994 0.0228814 -0.104416   0.65752  0.25  0.28  0.65     0 -0.15   0.6    1.16284  -0.676836  -0.251774   -2.56637 -0.0873994    3.10383  -0.479205
0.250015 0.280002 0.649994 0.0228802 -0.104419  0.657518  0.25  0.28  0.65     0 -0.15   0.6    1.16285  -0.676852  -0.251772   -2.56638 -0.0872281     3.1038   -0.48014
0.250015 0.280002 0.649995 0.0228789 -0.104423  0.657517  0.25  0.28  0.65     0 -0.15   0.6    1.16286  -0.676867   -0.25177   -2.56639 -0.0870573    3.10378  -0.481072
0.250015 0.280001 0.649995 0.0228775 -0.104426  0.657515  0.25  0.28  0.65     0 -0.15   0.6    1.16286  -0.676882  -0.251768    -2.5664 -0.0868867    3.10375  -0.482002
0.250015 0.280001 0.649995 0.0228763 -0.104429  0.657514  0.25  0.28  0.65     0 -0.15   0.6    1.16287  -0.676897  -0.251767   -2.56641 -0.0867165    3.10373  -0.482928
0.250015 0.280002 0.649994 0.0228752 -0.104432  0.657512  0.25  0.28  0.65     0 -0.15   0.6    1.16288  -0.676912  -0.251765   -2.56642 -0.0865467     3.1037  -0.483852
0.250015 0.280001 0.649994 0.0228739 -0.104435   0.65751  0.25  0.28  0.65     0 -0.15   0.6    1.16288  -0.676927  -0.251763   -2.56643 -0.0863771    3.10368  -0.484773
