  0.566524 -0.0119992   0.652027    0.12493 -0.0266001   0.698388   0.566524 -0.0119992   0.652027    0.12493 -0.0266001   0.698388       0       0       0 -1.5708       0  1.5708       0
  0.566524 -0.0119992   0.652027    0.12493 -0.0266001   0.698388   0.566519 -0.0119937   0.652027   0.124928 -0.0266024   0.698386 9.96223e-06 -3.3547e-05 9.96178e-06    -1.57083 2.65029e-06     1.57077 2.50636e-06
  0.566524 -0.0119991   0.652027    0.12493 -0.0266001   0.698388   0.566501 -0.0119774   0.652027   0.124921 -0.0266093   0.698381  3.07773e-05 -0.000103791  3.07759e-05      -1.5709  8.18909e-06      1.57072  7.71548e-06
  0.566512 -0.0119892   0.652028    0.12492 -0.0265979   0.698391   0.566471 -0.0119502   0.652026   0.124909 -0.0266208   0.698372  6.24914e-05 -0.000210542  6.24893e-05     -1.57101  1.66128e-05      1.57064  1.55666e-05
  0.566486 -0.0119669   0.652027   0.124899 -0.0265931   0.698397    0.56643 -0.0119122   0.652026   0.124893 -0.0266369   0.698359   0.00010492 -0.000353302  0.000104919     -1.57116  2.78638e-05      1.57053  2.59596e-05
  0.566447 -0.0119318   0.652023   0.124868 -0.0265855   0.698405   0.566377 -0.0118635   0.652026   0.124872 -0.0266575   0.698342  0.000157827 -0.000531652  0.000157829     -1.57134   4.1875e-05       1.5704    3.879e-05
  0.566395 -0.0118839   0.652017   0.124827 -0.0265751   0.698416   0.566313 -0.0118041   0.652025   0.124847 -0.0266826   0.698322  0.000220993 -0.000745247  0.000221005     -1.57156  5.85832e-05      1.57025  5.39523e-05
  0.566331 -0.0118241    0.65201   0.124775 -0.0265621   0.698429   0.566237  -0.011734   0.652025   0.124817 -0.0267121   0.698299  0.000294252 -0.000993741  0.000294279     -1.57181  7.79422e-05      1.57007  7.13489e-05
  0.566254 -0.0117521   0.652002   0.124713 -0.0265465   0.698446    0.56615 -0.0116535   0.652024   0.124782 -0.0267462   0.698272 0.000377425  -0.0012768 0.000377478    -1.57209 9.99075e-05     1.56987 9.08823e-05
  0.566164 -0.0116686   0.651996   0.124641 -0.0265285   0.698465   0.566051 -0.0115624   0.652024   0.124743 -0.0267847   0.698241 0.000470382 -0.00159403  0.00047047    -1.57241 0.000124446     1.56966 0.000112456
  0.566061 -0.0115738    0.65199   0.124558 -0.0265079   0.698487   0.565941 -0.0114608   0.652023     0.1247 -0.0268276   0.698207 0.000573001 -0.00194506 0.000573139    -1.57277 0.000151531     1.56942 0.000135971
  0.565946 -0.0114675   0.651987   0.124464 -0.0264849   0.698513    0.56582 -0.0113489   0.652022   0.124652 -0.0268749   0.698169 0.000685147 -0.00232952 0.000685346    -1.57316 0.000181132     1.56916 0.000161331
0.565819 -0.01135 0.651985   0.124359 -0.0264595   0.698541   0.565687 -0.0112266   0.652021     0.1246 -0.0269266   0.698128 0.000806701 -0.00274702 0.000806974    -1.57359 0.000213227     1.56889 0.000188435
 0.565679 -0.011221  0.651986   0.124244 -0.0264316   0.698572   0.565543  -0.011094   0.652021   0.124543 -0.0269826   0.698083 0.000937521 -0.00319719 0.000937879    -1.57405 0.000247788      1.5686 0.000217177
  0.565527 -0.0110809   0.651987   0.124118 -0.0264012   0.698606   0.565388 -0.0109511    0.65202   0.124482  -0.027043   0.698035  0.00107748 -0.00367973  0.00107794    -1.57454 0.000284789     1.56829  0.00024745
  0.565362 -0.0109299    0.65199   0.123982 -0.0263686   0.698642   0.565223 -0.0107981   0.652018   0.124416 -0.0271077   0.697983   0.0012265 -0.00419437  0.00122705    -1.57507 0.000324212     1.56797 0.000279143
  0.565186 -0.0107675   0.651994   0.123836 -0.0263335   0.698682   0.565046  -0.010635   0.652017   0.124346 -0.0271766   0.697928  0.00138442 -0.00474089  0.00138507    -1.57564 0.000366027     1.56764 0.000312145
  0.564998 -0.0105944   0.651999   0.123679 -0.0262962   0.698724   0.564858 -0.0104618   0.652016   0.124272 -0.0272498    0.69787  0.00155115 -0.00531911  0.00155187    -1.57624 0.000410216     1.56729 0.000346339
  0.564799 -0.0104105   0.652004   0.123512 -0.0262565   0.698768   0.564659 -0.0102785   0.652015   0.124194 -0.0273273   0.697808  0.00172659  -0.0059289  0.00172737    -1.57688 0.000456759     1.56694  0.00038161
  0.564588 -0.0102163   0.652009   0.123336 -0.0262146   0.698815    0.56445 -0.0100853   0.652014   0.124111 -0.0274089   0.697743  0.00191068 -0.00657015  0.00191148    -1.57755 0.000505642     1.56657 0.000417837
  0.564366 -0.0100117   0.652015   0.123149 -0.0261706   0.698865    0.56423 -0.0098822   0.652012   0.124024 -0.0274947   0.697675  0.00210335 -0.00724282  0.00210412    -1.57826 0.000556853      1.5662   0.0004549
   0.564133 -0.00979674    0.652021   0.122953 -0.0261243   0.698917    0.563999 -0.00966923    0.652011    0.123933  -0.0275847    0.697603  0.00230453 -0.00794691  0.00230518    -1.57901 0.000610378     1.56582 0.000492678
    0.56389 -0.00957187    0.652026  0.122748 -0.026076  0.698971    0.563757 -0.00944646    0.652009    0.123838  -0.0276789    0.697528  0.00251418 -0.00868243  0.00251462    -1.57979  0.00066621     1.56543 0.000531045
   0.563636 -0.00933727    0.652031   0.122533 -0.0260256   0.699027    0.563505 -0.00921395    0.652007    0.123738  -0.0277771     0.69745  0.00273229 -0.00944945  0.00273237    -1.58061 0.000724344     1.56504 0.000569878
   0.563371 -0.00909319    0.652035   0.122308 -0.0259733   0.699086    0.563243 -0.00897174    0.652006    0.123635  -0.0278795    0.697368  0.00295884  -0.0102481   0.0029584    -1.58147 0.000784783     1.56465  0.00060905
   0.563096 -0.00883955    0.652039   0.122074 -0.0259189   0.699146    0.56297 -0.0087199   0.652004   0.123527 -0.0279859   0.697283  0.00319384  -0.0110785  0.00319266    -1.58237 0.000847526     1.56426 0.000648433
   0.562811 -0.00857672    0.652041   0.121831 -0.0258627   0.699209    0.562686 -0.00845848    0.652002    0.123415  -0.0280964    0.697195   0.0034373  -0.0119409  0.00343513     -1.5833 0.000912578     1.56386 0.000687899
   0.562516 -0.00830446    0.652042   0.121579 -0.0258045   0.699273    0.562393 -0.00818753       0.652    0.123299  -0.0282109    0.697104  0.00368922  -0.0128354  0.00368575    -1.58427 0.000979942     1.56347 0.000727317
   0.562211 -0.00802319    0.652042   0.121318 -0.0257445    0.69934    0.562089 -0.00790711    0.651998    0.123179  -0.0283294    0.697009  0.00394963  -0.0137623   0.0039445    -1.58528  0.00104963     1.56308 0.000766559
   0.561897 -0.00773291     0.65204   0.121048 -0.0256827   0.699408    0.561775 -0.00761728    0.651996    0.123055  -0.0284519    0.696912  0.00421857   -0.014722  0.00421134    -1.58633  0.00112165     1.56269 0.000805491
   0.561572 -0.00743353    0.652037   0.120769 -0.0256189   0.699478     0.56145 -0.00731808    0.651994    0.122927  -0.0285783    0.696811  0.00449606  -0.0157147  0.00448622    -1.58741  0.00119601     1.56231 0.000843978
   0.561239 -0.00712506    0.652031   0.120481 -0.0255534    0.69955    0.561116 -0.00700957    0.651992    0.122795  -0.0287087    0.696707  0.00478213  -0.0167405   0.0047691    -1.58854  0.00127272     1.56193 0.000881882
   0.560895 -0.00680761    0.652025  0.120184 -0.025486  0.699624    0.560771 -0.00669181     0.65199    0.122659   -0.028843      0.6966  0.00507681  -0.0177999   0.0050599     -1.5897  0.00135181     1.56157 0.000919069
   0.560542 -0.00648096    0.652016   0.119877 -0.0254168   0.699699    0.560417 -0.00636486    0.651988    0.122519  -0.0289812     0.69649  0.00538011  -0.0188931  0.00535855    -1.59091  0.00143327     1.56121 0.000955398
    0.56018 -0.00614533    0.652007   0.119561 -0.0253459   0.699776    0.560053 -0.00602876    0.651985    0.122376  -0.0291232    0.696376  0.00569208  -0.0200201  0.00566497    -1.59215  0.00151712     1.56087 0.000990723
   0.559807 -0.00580059    0.651997   0.119235 -0.0252731   0.699855    0.559678 -0.00568357    0.651983    0.122228  -0.0292691     0.69626 0.00601274 -0.0211812 0.00597906   -1.59343 0.00160339    1.56054 0.00102491
   0.559425 -0.00544696    0.651986     0.1189 -0.0251985   0.699936    0.559294 -0.00532935     0.65198    0.122076  -0.0294188    0.696141 0.00634213 -0.0223766 0.00630073   -1.59476 0.00169209    1.56022  0.0010578
   0.559033 -0.00508406    0.651976   0.118554 -0.0251222   0.700019    0.558901 -0.00496614    0.651978    0.121921  -0.0295723    0.696018 0.00668028 -0.0236061 0.00662985   -1.59612 0.00178325    1.55992 0.00108926
   0.558631 -0.00471216    0.651967   0.118198 -0.0250441   0.700104    0.558497 -0.00459402    0.651975    0.121762  -0.0297295    0.695893 0.00702721 -0.0248699 0.00696631   -1.59752 0.00187688    1.55964 0.00111915
   0.558218 -0.00433143    0.651958   0.117831 -0.0249643    0.70019    0.558084 -0.00421302    0.651973    0.121599  -0.0298906    0.695765   0.007383  -0.026168 0.00730997   -1.59897 0.00197303    1.55937 0.00114731
   0.557796 -0.00394192    0.651951   0.117453 -0.0248829   0.700279    0.557662 -0.00382321     0.65197    0.121432  -0.0300553    0.695633  0.0077477 -0.0275002 0.00766072   -1.60046 0.00207173    1.55913 0.00117361
   0.557363 -0.00354348    0.651945   0.117065 -0.0247997    0.70037     0.55723 -0.00342464    0.651967    0.121262  -0.0302237    0.695499 0.00812137 -0.0288664  0.0080184   -1.60199 0.00217301    1.55891 0.00119789
    0.55692 -0.00313625    0.651941  0.116665 -0.024715  0.700462    0.556788 -0.00301737    0.651964    0.121087  -0.0303958    0.695362 0.00850409 -0.0302666 0.00838286   -1.60356 0.00227691    1.55871 0.00122001
   0.556467 -0.00272019    0.651939   0.116255 -0.0246286   0.700556    0.556337 -0.00260144    0.651962    0.120909  -0.0305716    0.695222 0.00889593 -0.0317007 0.00875393   -1.60517 0.00238347    1.55854 0.00123983
   0.556005 -0.00229536    0.651939   0.115834 -0.0245406   0.700653    0.555877 -0.00217692    0.651959    0.120728   -0.030751    0.695078 0.00929698 -0.0331685 0.00913143   -1.60683 0.00249274    1.55839  0.0012572
   0.555532 -0.00186195     0.65194   0.115401 -0.0244511   0.700751    0.555408 -0.00174386    0.651956    0.120542   -0.030934    0.694933 0.00970734 -0.0346701 0.00951518   -1.60854 0.00260476    1.55827 0.00127197
    0.55505 -0.00141963    0.651943 0.114958 -0.02436  0.70085    0.554929 -0.00130231    0.651953    0.120353  -0.0311206    0.694784  0.0101271 -0.0362053 0.00990496   -1.61029 0.00271958    1.55819 0.00128401
    0.554558 -0.000968876     0.651946   0.114504 -0.0242674   0.700952     0.554441 -0.000852332     0.651949     0.120161   -0.0313108     0.694632  0.0105564 -0.0377741  0.0103006   -1.61208 0.00283726    1.55813 0.00129316
    0.554057 -0.000509738      0.65195   0.114039 -0.0241734   0.701054     0.553945 -0.000393975     0.651946     0.119965   -0.0315045     0.694478  0.0109954 -0.0393766  0.0107018   -1.61392 0.00295784    1.55811  0.0012993
    0.553546 -4.22781e-05     0.651955   0.113564 -0.0240779   0.701158    0.553439 7.27033e-05    0.651943    0.119765  -0.0317017     0.69432  0.0114442 -0.0410128  0.0111085    -1.6158 0.00308139    1.55812 0.00130226
   0.553027 0.000433669    0.651959   0.113078 -0.0239811   0.701264    0.552924 0.000547649     0.65194    0.119562  -0.0319024     0.69416   0.011903 -0.0426827  0.0115203   -1.61773 0.00320796    1.55816 0.00130193
   0.552499 0.000918061    0.651963   0.112582 -0.0238828    0.70137     0.5524 0.00103081   0.651936   0.119355 -0.0321066   0.693998  0.0123719 -0.0443866   0.011937   -1.61971 0.00333761    1.55825 0.00129815
  0.551962 0.00141048   0.651966   0.112075 -0.0237833   0.701477   0.551868 0.00152212   0.651933   0.119145 -0.0323142   0.693832  0.0128512 -0.0461245  0.0123584   -1.62173 0.00347042    1.55837 0.00129079
  0.551417 0.00191106   0.651969   0.111559 -0.0236824   0.701586   0.551326 0.00202154   0.651929   0.118931 -0.0325253   0.693664  0.0133412 -0.0478967  0.0127841    -1.6238 0.00360644    1.55853 0.00127971
  0.550864 0.00241998    0.65197   0.111032 -0.0235803   0.701695   0.550776 0.00252901   0.651926   0.118714 -0.0327398   0.693493  0.0138419 -0.0497033  0.0132139   -1.62591 0.00374575    1.55874 0.00126478
  0.550302 0.00293648    0.65197   0.110496 -0.0234771   0.701805   0.550217 0.00304447   0.651922   0.118494 -0.0329576   0.693319  0.0143536 -0.0515445  0.0136476   -1.62807 0.00388843    1.55898 0.00124588
  0.549732 0.00346116   0.651968   0.109949 -0.0233726   0.701915    0.54965 0.00356787   0.651919    0.11827 -0.0331788   0.693143  0.0148767 -0.0534206  0.0140847   -1.63028 0.00403454    1.55927 0.00122285
  0.549155 0.00399348   0.651965   0.109392 -0.0232671   0.702026   0.549074 0.00409915   0.651915   0.118042 -0.0334033   0.692964  0.0154115 -0.0553317   0.014525   -1.63254 0.00418417    1.55961 0.00119558
  0.548569 0.00453367    0.65196   0.108826 -0.0231605   0.702138    0.54849 0.00463827   0.651911   0.117812 -0.0336311   0.692782  0.0159582 -0.0572781   0.014968   -1.63484 0.00433739       1.56 0.00116393
  0.547975 0.00508167   0.651954   0.108249 -0.0230528    0.70225   0.547897 0.00518515   0.651908   0.117578 -0.0338623   0.692598  0.0165171 -0.0592599  0.0154136   -1.63719 0.00449431    1.56043 0.00112778
  0.547373 0.00563727   0.651947   0.107662 -0.0229442   0.702363   0.547296 0.00573976   0.651904   0.117341 -0.0340966   0.692411  0.0170887 -0.0612773  0.0158612   -1.63959 0.00465499    1.56091   0.001087
  0.546764 0.00620046   0.651938   0.107065 -0.0228346   0.702476   0.546686 0.00630203     0.6519     0.1171 -0.0343343   0.692222  0.0176733 -0.0633305  0.0163104   -1.64203 0.00481954    1.56144 0.00104146
  0.546146 0.00677126   0.651929   0.106457 -0.0227242   0.702589   0.546068 0.00687191   0.651896   0.116856 -0.0345751    0.69203   0.0182713  -0.0654194    0.016761    -1.64453  0.00498805     1.56203 0.000991042
   0.54552 0.00734936   0.651919  0.105838 -0.022613  0.702703   0.545442 0.00744935   0.651892   0.116609 -0.0348191   0.691835   0.0188831  -0.0675442   0.0172123    -1.64706  0.00516061     1.56267 0.000935615
  0.544887 0.00793486   0.651909  0.105209 -0.022501  0.702817   0.544808 0.00803429   0.651888   0.116359 -0.0350663   0.691638   0.0195092  -0.0697048    0.017664    -1.64965  0.00533733     1.56336 0.000875059
  0.544245 0.00852796   0.651899    0.10457 -0.0223882   0.702931   0.544166 0.00862667   0.651884   0.116105 -0.0353167   0.691438   0.0201501  -0.0719014   0.0181156    -1.65229   0.0055183     1.56411 0.000809252
 0.543595 0.0091282  0.651889   0.103919 -0.0222748   0.703046   0.543516 0.00922645   0.651879   0.115849 -0.0355701   0.691236   0.0208062  -0.0741337   0.0185665    -1.65497  0.00570364     1.56492 0.000738072
  0.542937 0.00973572   0.651879   0.103257 -0.0221609    0.70316   0.542858 0.00983356   0.651875   0.115589 -0.0358267   0.691032   0.0214782  -0.0764017   0.0190163     -1.6577  0.00589344     1.56578 0.000661398
 0.542271 0.0103506   0.65187   0.102584 -0.0220464   0.703275   0.542192   0.010448   0.651871   0.115326 -0.0360863   0.690825   0.0221665  -0.0787054   0.0194643    -1.66047  0.00608782     1.56671 0.000579111
 0.541597 0.0109727  0.651862     0.1019 -0.0219314    0.70339  0.541518 0.0110696  0.651867   0.11506 -0.036349  0.690615   0.0228718  -0.0810445     0.01991     -1.6633  0.00628689     1.56769 0.000491095
 0.540915 0.0116018  0.651854  0.101205 -0.021816  0.703505   0.540837  0.0116984   0.651862   0.114791 -0.0366148   0.690403   0.0235946  -0.0834188   0.0203528    -1.66617  0.00649075     1.56874 0.000397229
 0.540225 0.0122378  0.651847   0.100498 -0.0217004   0.703619   0.540147  0.0123343   0.651858   0.114519 -0.0368835   0.690189   0.0243358  -0.0858283    0.020792    -1.66909  0.00669952     1.56985 0.000297398
0.539526 0.012881 0.651842  0.0997805 -0.0215845   0.703734    0.53945  0.0129773   0.651853   0.114244 -0.0371552   0.689972   0.0250959  -0.0882726   0.0212269    -1.67206  0.00691332     1.57102 0.000191489
  0.53882 0.0135314  0.651837  0.0990515 -0.0214684   0.703848   0.538746  0.0136272   0.651849   0.113966 -0.0374299   0.689753   0.0258757  -0.0907516   0.0216569    -1.67507  0.00713225     1.57226 7.93889e-05
 0.538106 0.0141885  0.651833  0.0983112 -0.0213523   0.703962   0.538034  0.0142842   0.651844   0.113685 -0.0377075   0.689532    0.0266759   -0.0932651    0.0220812     -1.67814   0.00735644      1.57356 -3.90161e-05
 0.537384 0.0148524   0.65183  0.0975599 -0.0212362   0.704075   0.537314   0.014948    0.65184   0.113401 -0.0379881   0.689308    0.0274974   -0.0958128    0.0224991     -1.68125   0.00758599      1.57493 -0.000163836
 0.536654 0.0155235  0.651827  0.0967975 -0.0211201   0.704188   0.536587  0.0156187   0.651835   0.113114 -0.0382715   0.689082     0.028341   -0.0983945    0.0229097     -1.68441   0.00782101      1.57637 -0.000295181
 0.535917 0.0162011  0.651825  0.0960242 -0.0210043     0.7043   0.535853  0.0162961    0.65183   0.112824 -0.0385578   0.688854    0.0292075     -0.10101    0.0233122     -1.68761   0.00806163      1.57787 -0.000433157
 0.535173 0.0168854  0.651823  0.0952401 -0.0208887   0.704411   0.535111  0.0169803   0.651826   0.112531 -0.0388469   0.688624     0.030098    -0.103659    0.0237058     -1.69087   0.00830795      1.57945 -0.000577871
 0.534421 0.0175764  0.651821  0.0944452 -0.0207736   0.704521   0.534362  0.0176712   0.651821   0.112236 -0.0391389   0.688391    0.0310133    -0.106342    0.0240895     -1.69417   0.00856008      1.58109 -0.000729426
 0.533662 0.0182739   0.65182 0.0936397 -0.020659   0.70463   0.533606  0.0183687   0.651816   0.111937 -0.0394337   0.688156    0.0319545    -0.109058    0.0244625     -1.69752   0.00881814       1.5828 -0.000887926
 0.532896 0.0189781  0.651818 0.0928239 -0.020545  0.704738   0.532843  0.0190728   0.651811   0.111636 -0.0397312   0.687918   0.0329227   -0.111807   0.0248239    -1.70091  0.00908223     1.58459 -0.00105347
 0.532123 0.0196887  0.651816  0.0919977 -0.0204317   0.704845   0.532072  0.0197834   0.651806   0.111332 -0.0400315   0.687679   0.0339188   -0.114589   0.0251725    -1.70435  0.00935245     1.58645 -0.00122616
 0.531343 0.0204058  0.651813  0.0911613 -0.0203193    0.70495   0.531295  0.0205004   0.651801   0.111025 -0.0403345   0.687437   0.0349442   -0.117403   0.0255073    -1.70784  0.00962891     1.58838 -0.00140609
 0.530556 0.0211293  0.651809  0.0903148 -0.0202079   0.705053   0.530511  0.0212239   0.651796   0.110716 -0.0406403   0.687194   0.0359999    -0.12025   0.0258274    -1.71137  0.00991171     1.59038 -0.00159336
 0.529763 0.0218589  0.651805  0.0894583 -0.0200977   0.705155    0.52972  0.0219537   0.651791   0.110404 -0.0409487   0.686948   0.0370873    -0.12313   0.0261316    -1.71495   0.0102009     1.59246 -0.00178806
 0.528963 0.0225951    0.6518  0.0885921 -0.0199887   0.705255   0.528922  0.0226898   0.651786   0.110089 -0.0412598     0.6867   0.0382076   -0.126042   0.0264188    -1.71858   0.0104967     1.59462 -0.00199028
 0.528157 0.0233374  0.651793  0.0877162 -0.0198812   0.705353   0.528117  0.0234321   0.651781   0.109771 -0.0415735    0.68645   0.0393621   -0.128986   0.0266878    -1.72225    0.010799     1.59685 -0.00220012
0.527344 0.024086 0.651786  0.0868307 -0.0197752   0.705449   0.527306  0.0241807   0.651776   0.109451 -0.0418898   0.686197   0.0405522   -0.131962   0.0269373    -1.72596   0.0111081     1.59915 -0.00241767
 0.526525 0.0248407  0.651777  0.0859353 -0.0196711   0.705543   0.526488  0.0249353    0.65177   0.109128 -0.0422088   0.685943   0.0417794   -0.134969   0.0271662    -1.72972   0.0114239     1.60153 -0.00264302
 0.525699 0.0256012  0.651771  0.0850295 -0.0195689   0.705635   0.525663  0.0256961   0.651765   0.108802 -0.0425302   0.685687   0.0430452   -0.138008   0.0273731    -1.73352   0.0117466     1.60399 -0.00287626
 0.524866 0.0263669  0.651771  0.0841125 -0.0194691   0.705725   0.524832  0.0264628    0.65176   0.108474 -0.0428543   0.685428   0.0443512   -0.141078   0.0275568    -1.73737   0.0120762     1.60653 -0.00311746
 0.524026 0.0271372  0.651775  0.0831848 -0.0193719   0.705813   0.523994  0.0272356   0.651754   0.108144 -0.0431808   0.685168   0.0456992   -0.144177    0.027716    -1.74126   0.0124128     1.60914 -0.00336669
  0.52318 0.0279138  0.651775  0.0822488 -0.0192771   0.705899    0.52315  0.0280142   0.651749   0.107811 -0.0435099   0.684906   0.0470908   -0.147307   0.0278492    -1.74519   0.0127565     1.61183 -0.00362406
 0.522328 0.0286993  0.651761  0.0813059 -0.0191844    0.70598     0.5223  0.0287987   0.651744   0.107475 -0.0438414   0.684641   0.0485274   -0.150467   0.0279549    -1.74917   0.0131073      1.6146 -0.00388968
 0.521471 0.0294925  0.651739  0.0803553 -0.0190944   0.706058   0.521443   0.029589   0.651738   0.107137 -0.0441754   0.684375   0.0500106   -0.153657   0.0280312    -1.75318    0.013465     1.61745 -0.00416365
 0.520607 0.0302916  0.651717  0.0793959 -0.0190075   0.706133    0.52058  0.0303851   0.651733   0.106796 -0.0445118   0.684107   0.0515422   -0.156877   0.0280768    -1.75723   0.0138298     1.62038 -0.00444605
 0.519738 0.0310947  0.651701  0.0784265 -0.0189244   0.706206   0.519711  0.0311868   0.651727   0.106453 -0.0448507   0.683837   0.0531242   -0.160127   0.0280901    -1.76133   0.0142017     1.62339 -0.00473693
 0.518862 0.0319013  0.651693  0.0774464 -0.0188455   0.706276   0.518836  0.0319942   0.651721   0.106108 -0.0451919   0.683565   0.0547588   -0.163404   0.0280697    -1.76546   0.0145808     1.62648 -0.00503635
 0.517979 0.0327126  0.651693  0.0764558 -0.0187708   0.706344   0.517955  0.0328072   0.651716    0.10576 -0.0455354   0.683291    0.056448    -0.16671   0.0280141    -1.76963   0.0149671     1.62965 -0.00534437
 0.517089 0.0335289  0.651698  0.0754552 -0.0187004    0.70641   0.517068  0.0336257    0.65171    0.10541 -0.0458813   0.683015   0.0581941   -0.170043   0.0279216    -1.77385   0.0153606      1.6329 -0.00566107
 0.516193 0.0343507  0.651704  0.0744454 -0.0186347   0.706472   0.516174  0.0344497   0.651704   0.105057 -0.0462295   0.682737   0.0599991   -0.173402   0.0277904    -1.77811   0.0157612     1.63623 -0.00598653
 0.515291 0.0351786  0.651708  0.0734274 -0.0185737    0.70653  0.515275 0.0352791  0.651699  0.104702  -0.04658  0.682458   0.0618651   -0.176788   0.0276188     -1.7824    0.016169     1.63964 -0.00632081
 0.514382 0.0360125  0.651709  0.0724019 -0.0185178   0.706585    0.51437  0.0361138   0.651693   0.104345 -0.0469328   0.682177   0.0637943   -0.180199   0.0274049    -1.78674   0.0165839     1.64313 -0.00666402
 0.513469 0.0368523  0.651705  0.0713695 -0.0184672   0.706635    0.51346  0.0369539   0.651687   0.103986 -0.0472878   0.681894  0.0657888  -0.183636  0.0271468   -1.79111  0.0170057     1.6467 -0.0070162
  0.51255 0.0376976  0.651699  0.0703303 -0.0184223   0.706681   0.512543  0.0377992   0.651681   0.103624 -0.0476451   0.681609    0.067851   -0.187098   0.0268427    -1.79552   0.0174344     1.65035 -0.00737743
 0.511626 0.0385482  0.651689  0.0692846 -0.0183835   0.706723   0.511622  0.0386497   0.651675    0.10326 -0.0480045   0.681322   0.0699831   -0.190585   0.0264907    -1.79996   0.0178698     1.65409 -0.00774776
 0.510698 0.0394038  0.651678  0.0682323 -0.0183513    0.70676   0.510694  0.0395054   0.651669   0.102894 -0.0483661   0.681034   0.0721876   -0.194096    0.026089    -1.80444    0.018312      1.6579 -0.00812725
 0.509764 0.0402639  0.651667  0.0671735 -0.0183261   0.706793   0.509761  0.0403662   0.651663   0.102526 -0.0487299   0.680744    0.074467   -0.197632   0.0256357    -1.80895   0.0187607      1.6618 -0.00851594
 0.508825 0.0411289  0.651656  0.0661081 -0.0183081   0.706822   0.508822   0.041232   0.651657   0.102155 -0.0490958   0.680452   0.0768236   -0.201192   0.0251288     -1.8135   0.0192158     1.66577 -0.00891388
 0.507881 0.0419987  0.651645  0.065036 -0.018298  0.706847   0.507878  0.0421028   0.651651   0.101783 -0.0494638   0.680159   0.0792602   -0.204774   0.0245664    -1.81808   0.0196772     1.66983 -0.00932112
 0.506931 0.0428732  0.651636 0.0639575 -0.018296  0.706867   0.506929  0.0429785   0.651645   0.101408 -0.0498339   0.679864   0.0817793    -0.20838   0.0239466    -1.82269   0.0201447     1.67397 -0.00973769
 0.505976 0.0437525  0.651627  0.0628728 -0.0183025   0.706883  0.505975 0.0438591  0.651639  0.101031 -0.050206  0.679567  0.0843834  -0.212008  0.0232673   -1.82734  0.0206181    1.67818 -0.0101636
 0.505015 0.0446365  0.651618   0.061782 -0.0183182   0.706893   0.505015  0.0447445   0.651633   0.100653 -0.0505802   0.679268 0.0870754 -0.215657 0.0225266  -1.83201 0.0210972   1.68248 -0.010599
  0.50405 0.0455255   0.65161  0.0606856 -0.0183432   0.706899    0.50405  0.0456347   0.651627   0.100272 -0.0509564   0.678969  0.0898577  -0.219327  0.0217223   -1.83672  0.0215818    1.68686 -0.0110438
0.503078 0.046419 0.651602  0.0595838 -0.0183783     0.7069    0.50308  0.0465295   0.651621  0.0998889 -0.0513345   0.678667  0.0927331  -0.223018  0.0208524   -1.84146  0.0220716    1.69131 -0.0114981
 0.502102 0.0473173  0.651594  0.0584769 -0.0184238   0.706896   0.502105  0.0474291   0.651614  0.0995041 -0.0517147   0.678364  0.0957044  -0.226728  0.0199149   -1.84622  0.0225664    1.69585 -0.0119619
 0.501121 0.0482202  0.651587  0.0573652 -0.0184803   0.706887   0.501125  0.0483332   0.651608  0.0991172 -0.0520968   0.678059  0.0987743  -0.230458  0.0189076   -1.85102  0.0230659    1.70046 -0.0124353
 0.500134 0.0491274   0.65158   0.056249 -0.0185482   0.706872    0.50014  0.0492419   0.651602  0.0987285 -0.0524808   0.677753   0.101945  -0.234206  0.0178287   -1.85584  0.0235697    1.70515 -0.0129182
 0.499142 0.0500394  0.651573  0.0551287 -0.0186282   0.706853    0.49915   0.050155   0.651595  0.0983378 -0.0528667   0.677445   0.105221  -0.237972  0.0166759   -1.86069  0.0240775    1.70992 -0.0134106
 0.498146 0.0509556  0.651567  0.0540046 -0.0187207   0.706827   0.498155  0.0510726   0.651589  0.0979452 -0.0532545   0.677136   0.108603  -0.241755  0.0154473   -1.86557   0.024589    1.71477 -0.0139127
 0.497144 0.0518762  0.651561  0.0528772 -0.0188263   0.706796   0.497156  0.0519946   0.651583  0.0975507 -0.0536441   0.676826   0.112095  -0.245555  0.0141409   -1.87047  0.0251039     1.7197 -0.0144243
 0.496138 0.0528009  0.651556  0.0517468 -0.0189456   0.706759   0.496152  0.0529209   0.651576  0.0971544 -0.0540356   0.676513   0.115699  -0.249371  0.0127546    -1.8754  0.0256217     1.7247 -0.0149454
 0.495127 0.0537301  0.651551 0.0506139 -0.019079  0.706717   0.495143  0.0538515    0.65157  0.0967563 -0.0544288     0.6762   0.119418  -0.253203  0.0112865   -1.88035   0.026142    1.72977 -0.0154762
 0.494111 0.0546632  0.651547  0.0494789 -0.0192274   0.706668    0.49413  0.0547863   0.651563  0.0963563 -0.0548239   0.675885   0.123255   -0.25705 0.00973462   -1.88533  0.0266644    1.73492 -0.0160164
 0.493091 0.0556004  0.651542  0.0483423 -0.0193911   0.706614   0.493112  0.0557252   0.651557  0.0959546 -0.0552207   0.675569   0.127213  -0.260911  0.0080971   -1.89032  0.0271885    1.74015 -0.0165662
0.492067 0.056542 0.651537  0.0472046 -0.0195708   0.706553    0.49209  0.0566683    0.65155  0.0955511 -0.0556192   0.675251   0.131294  -0.264786   0.006372   -1.89534  0.0277138    1.74545 -0.0171255
 0.491038 0.0574876  0.651532  0.0460662 -0.0197671   0.706486   0.491063  0.0576154   0.651544  0.0951459 -0.0560195   0.674932     0.1355  -0.268674 0.00455751   -1.90038  0.0282397    1.75082 -0.0176942
 0.490005 0.0584368  0.651527  0.0449277 -0.0199806   0.706413   0.490032  0.0585665   0.651537   0.094739 -0.0564214   0.674611   0.139836  -0.272575 0.00265186   -1.90544  0.0287659    1.75626 -0.0182724
 0.488968 0.0593902  0.651521 0.0437896 -0.020212  0.706333  0.488997 0.0595215   0.65153 0.0943304 -0.056825  0.674289    0.144302   -0.276489 0.000653309    -1.91052   0.0292917     1.76177  -0.0188598
 0.487927 0.0603474  0.651515  0.0426524 -0.0204618   0.706247   0.487957  0.0604805   0.651524  0.0939201 -0.0572303   0.673966   0.148901  -0.280414 -0.0014398   -1.91562  0.0298166    1.76736 -0.0194566
 0.486882 0.0613083  0.651508  0.0415167 -0.0207306   0.706154   0.486914  0.0614433   0.651517  0.0935082 -0.0576371   0.673642    0.153637   -0.284352 -0.00362907    -1.92073   0.0303401     1.77301  -0.0200626
 0.485833 0.0622731  0.651501  0.0403828 -0.0210192   0.706054   0.485866  0.0624098    0.65151  0.0930946 -0.0580456   0.673316     0.15851     -0.2883 -0.00591605    -1.92586   0.0308615     1.77873  -0.0206777
  0.48478 0.0632417  0.651493  0.0392513 -0.0213281   0.705947   0.484814  0.0633801   0.651504  0.0926795 -0.0584556   0.672989    0.163524   -0.292259 -0.00830221    -1.93101   0.0313803     1.78452  -0.0213019
 0.483723 0.0642137  0.651485 0.0381229 -0.021658  0.705833   0.483758   0.064354   0.651497  0.0922628 -0.0588672   0.672661   0.168681  -0.296229 -0.0107889   -1.93617  0.0318959    1.79037 -0.0219351
 0.482663 0.0651895  0.651476  0.0369979 -0.0220095   0.705713   0.482699  0.0653315    0.65149  0.0918446 -0.0592803   0.672332   0.173982  -0.300208 -0.0133775   -1.94134  0.0324077    1.79629 -0.0225771
 0.481599 0.0661688  0.651467   0.035877 -0.0223832   0.705585  0.481635 0.0663127  0.651483 0.0914248 -0.059695  0.672001    0.17943  -0.304198 -0.0160691   -1.94653  0.0329149    1.80227  -0.023228
 0.480531 0.0671516  0.651458  0.0347605 -0.0227797    0.70545   0.480568  0.0672973   0.651476  0.0910036 -0.0601111   0.671669   0.185026  -0.308197 -0.0188649   -1.95172   0.033417    1.80831 -0.0238874
  0.47946 0.0681379  0.651449  0.0336492 -0.0231998   0.705308   0.479497  0.0682853    0.65147  0.0905808 -0.0605286   0.671336   0.190772  -0.312205 -0.0217659   -1.95693  0.0339133    1.81442 -0.0245554
 0.478385 0.0691276  0.651439  0.0325436 -0.0236439   0.705158   0.478422  0.0692768   0.651463  0.0901566 -0.0609476   0.671002   0.196671  -0.316221 -0.0247731   -1.96214  0.0344031    1.82058 -0.0252318
 0.477307 0.0701208   0.65143  0.0314442 -0.0241128   0.705001  0.477344 0.0702716  0.651456  0.089731 -0.061368  0.670667   0.202722  -0.320247 -0.0278872   -1.96737  0.0348857     1.8268 -0.0259164
0.476225 0.071117  0.65142  0.0303517 -0.0246069   0.704836   0.476262  0.0712697   0.651449   0.089304 -0.0617898   0.670331   0.208929   -0.32428 -0.0311089    -1.9726  0.0353605    1.83308 -0.0266091
 0.475139 0.0721166  0.651411 0.0292667 -0.025127  0.704663  0.475176  0.072271  0.651442 0.0888756 -0.062213  0.669994   0.215291  -0.328322 -0.0344387   -1.97783  0.0358267    1.83942 -0.0273098
 0.474051 0.0731193  0.651401  0.0281898 -0.0256735   0.704483   0.474088  0.0732755   0.651435  0.0884458 -0.0626375   0.669655    0.22181  -0.332372 -0.0378771   -1.98307  0.0362836     1.8458 -0.0280182
 0.472958 0.0741255  0.651392 0.0271217 -0.026247  0.704295   0.472995  0.0742831   0.651428  0.0880147 -0.0630633   0.669316   0.228487   -0.33643 -0.0414245   -1.98832  0.0367306    1.85224 -0.0287343
 0.471863 0.0751344  0.651382 0.0260629 -0.026848  0.704099     0.4719  0.0752937   0.651421  0.0875823 -0.0634904   0.668975   0.235323  -0.340496 -0.0450808   -1.99357  0.0371669    1.85873 -0.0294578
 0.470764 0.0761465  0.651373  0.0250142 -0.0274772   0.703895   0.470801  0.0763074   0.651414  0.0871486 -0.0639188   0.668633   0.242317  -0.344569 -0.0488461   -1.99882  0.0375918    1.86527 -0.0301885
 0.469662 0.0771617  0.651364  0.0239763 -0.0281348   0.703683   0.469699  0.0773241   0.651407  0.0867137 -0.0643484   0.668291   0.249471   -0.34865 -0.0527203   -2.00407  0.0380046    1.87186 -0.0309263
 0.468557 0.0781796  0.651355  0.0229499 -0.0288215   0.703463   0.468594  0.0783436     0.6514  0.0862775 -0.0647793   0.667947   0.256785  -0.352739  -0.056703   -2.00932  0.0384046    1.87849 -0.0316709
 0.467449 0.0792006  0.651346  0.0219357 -0.0295375   0.703234   0.467485   0.079366   0.651393    0.08584 -0.0652113   0.667603   0.264257  -0.356836 -0.0607938   -2.01457  0.0387911    1.88517 -0.0324221
 0.466338 0.0802241  0.651337  0.0209343 -0.0302835   0.702997   0.466374  0.0803912   0.651385  0.0854014 -0.0656446   0.667257   0.271889   -0.36094 -0.0649918   -2.01982  0.0391633    1.89189 -0.0331797
 0.465224 0.0812508  0.651328  0.0199466 -0.0310595   0.702751   0.46526 0.0814191  0.651378 0.0849616 -0.066079  0.666911   0.279679  -0.365053 -0.0692963   -2.02507  0.0395207    1.89865 -0.0339435
 0.464107 0.0822799  0.651319  0.0189733 -0.0318663   0.702496   0.464143  0.0824497   0.651371  0.0845207 -0.0665145   0.666564   0.287627  -0.369174 -0.0737062   -2.03031  0.0398626    1.90546 -0.0347132
 0.462988 0.0833119   0.65131  0.0180151 -0.0327037   0.702233   0.463023  0.0834829   0.651364  0.0840786 -0.0669512   0.666216   0.295732  -0.373304 -0.0782203   -2.03555  0.0401882    1.91229 -0.0354886
 0.461866 0.0843466  0.651301  0.0170728 -0.0335722   0.701961     0.4619  0.0845187   0.651357  0.0836355 -0.0673889   0.665867   0.303992  -0.377442 -0.0828371   -2.04078  0.0404969    1.91917 -0.0362694
 0.460741 0.0853837  0.651291  0.0161471 -0.0344722   0.701679   0.460774  0.0855571    0.65135  0.0831912 -0.0678277   0.665517   0.312406   -0.38159 -0.0875548     -2.046  0.0407881    1.92608 -0.0370554
 0.459614 0.0864234  0.651282  0.0152388 -0.0354035   0.701389   0.459646  0.0865978   0.651342  0.0827459 -0.0682675   0.665166   0.320972  -0.385747 -0.0923716   -2.05122  0.0410612    1.93302 -0.0378463
 0.458484 0.0874657  0.651271  0.0143486 -0.0363664   0.701089   0.458515   0.087641   0.651335  0.0822996 -0.0687084   0.664815   0.329687  -0.389914 -0.0972854   -2.05643  0.0413156    1.93999 -0.0386419
 0.457352 0.0885104  0.651261 0.0134771 -0.037361   0.70078   0.457382  0.0886866   0.651328  0.0818523 -0.0691503   0.664462    0.33855  -0.394091  -0.102294   -2.06163  0.0415508    1.94699 -0.0394419
 0.456218 0.0895574  0.651251  0.0126252 -0.0383874   0.700461   0.456246  0.0897344   0.651321   0.081404 -0.0695931   0.664109  0.347558  -0.39828 -0.107394  -2.06681  0.041766   1.95402 -0.040246
 0.455081 0.0906068   0.65124  0.0117934 -0.0394454   0.700133   0.455108  0.0907845   0.651313  0.0809547 -0.0700369   0.663755  0.356707 -0.402479 -0.112584  -2.07199  0.041961   1.96108 -0.041054
 0.453943 0.0916583  0.651228 0.0109826 -0.040535  0.699795   0.453967  0.0918368   0.651306  0.0805045 -0.0704816   0.663401   0.365994   -0.40669  -0.117859   -2.07715  0.0421351    1.96816 -0.0418655
 0.452802 0.0927124  0.651217 0.0101933 -0.041656  0.699447   0.452824  0.0928912   0.651299  0.0800533 -0.0709272   0.663046   0.375417  -0.410913  -0.123218    -2.0823  0.0422879    1.97526 -0.0426804
 0.451659 0.0937684  0.651205 0.00942633 -0.0428083   0.699089   0.451679  0.0939477   0.651291  0.0796013 -0.0713736    0.66269   0.384969  -0.415149  -0.128655   -2.08744  0.0424189    1.98238 -0.0434982
 0.450514 0.0948268  0.651193 0.00868206 -0.0439916   0.698721  0.450532 0.0950062  0.651284 0.0791484 -0.071821  0.662333   0.394648  -0.419398  -0.134168   -2.09256  0.0425279    1.98952 -0.0443188
 0.449367 0.0958872   0.65118 0.00796136 -0.0452055   0.698342   0.449382  0.0960667   0.651277  0.0786947 -0.0722691   0.661976   0.404448   -0.42366  -0.139752   -2.09766  0.0426144    1.99668 -0.0451419
 0.448218 0.0969495  0.651168  0.0072647 -0.0464497   0.697954    0.44823  0.0971292   0.651269  0.0782402 -0.0727181   0.661618   0.414365  -0.427936  -0.145403   -2.10275   0.042678    2.00386 -0.0459672
0.447067 0.098014 0.651156 0.00659273 -0.0477237   0.697555   0.447077  0.0981934   0.651262  0.0777848 -0.0731679   0.661259   0.424393  -0.432227  -0.151116   -2.10782  0.0427186    2.01105 -0.0467944
 0.445914 0.0990803  0.651143 0.00594591 -0.0490269   0.697145   0.445921  0.0992595   0.651255  0.0773287 -0.0736184     0.6609   0.434527  -0.436532  -0.156886   -2.11287  0.0427358    2.01825 -0.0476233
0.444759 0.100148 0.651131 0.00532466 -0.0503589   0.696725   0.444764   0.100327   0.651247  0.0768718 -0.0740697    0.66054   0.444759  -0.440852  -0.162708    -2.1179  0.0427295    2.02547 -0.0484536
0.443603 0.101218 0.651118 0.00472974 -0.0517188   0.696294   0.443604   0.101397    0.65124  0.0764143 -0.0745217    0.66018  0.455085 -0.445187 -0.168577  -2.12292 0.0426995   2.03269 -0.049285
0.442444  0.10229 0.651106 0.00416135 -0.0531058   0.695853   0.442443   0.102468   0.651232   0.075956 -0.0749744   0.659819   0.465497  -0.449537  -0.174487   -2.12791  0.0426457    2.03993 -0.0501174
0.441284 0.103363 0.651093 0.00362001 -0.0545193     0.6954    0.44128   0.103541   0.651225   0.075497 -0.0754277   0.659457   0.475987  -0.453903  -0.180432   -2.13288  0.0425679    2.04718 -0.0509505
0.440123 0.104438 0.651081 0.00310609 -0.0559581   0.694937   0.440116   0.104615   0.651217  0.0750374 -0.0758817   0.659095    0.48655  -0.458284  -0.186406   -2.13783  0.0424663    2.05443 -0.0517841
0.438959 0.105514 0.651069 0.00261993 -0.0574213   0.694463    0.43895   0.105691    0.65121  0.0745771 -0.0763363   0.658733   0.497176   -0.46268  -0.192403   -2.14276  0.0423408    2.06169 -0.0526179
0.437794 0.106592 0.651057 0.00216185 -0.0589078   0.693978   0.437782   0.106768   0.651202  0.0741162 -0.0767916    0.65837   0.507858  -0.467091  -0.198415   -2.14767  0.0421914    2.06895 -0.0534518
0.436628 0.107672 0.651046  0.0017321 -0.0604164   0.693483   0.436613   0.107847   0.651195  0.0736548 -0.0772474   0.658006   0.518588  -0.471516  -0.204437   -2.15255  0.0420183    2.07622 -0.0542855
 0.43546 0.108753 0.651034 0.00133084 -0.0619459   0.692976   0.435442   0.108926   0.651187  0.0731928 -0.0777037   0.657643  0.529357 -0.475956 -0.210462  -2.15741 0.0418217   2.08349 -0.055119
0.434291 0.109834 0.651022 0.000958168   -0.063495    0.692459    0.43427   0.110008    0.65118  0.0727302 -0.0781606   0.657278  0.540156 -0.480409 -0.216482  -2.16225 0.0416016   2.09076 -0.055952
 0.43312 0.110918 0.651011 0.000614199   -0.065062    0.691931  0.433097   0.11109  0.651172 0.0722671 -0.078618  0.656914   0.550976  -0.484875   -0.22249   -2.16706  0.0413584    2.09804 -0.0567844
0.431948 0.112002    0.651 0.00029893 -0.0666458   0.691393   0.431922   0.112173   0.651165  0.0718036 -0.0790759   0.656549   0.561809  -0.489354  -0.228479   -2.17185  0.0410923    2.10532 -0.0576161
0.430774 0.113088 0.650989 1.24392e-05  -0.0682446    0.690844   0.430747   0.113258   0.651157  0.0713395 -0.0795343   0.656183  0.572645 -0.493843 -0.234442  -2.17662 0.0408037   2.11259 -0.058447
  0.4296 0.114175 0.650978 -0.000245444   -0.0698567     0.690285   0.42957  0.114344   0.65115  0.070875 -0.079993  0.655817   0.583474  -0.498342  -0.240372   -2.18135  0.0404928    2.11987 -0.0592769
0.428424 0.115263 0.650968 -0.000474915   -0.0714807     0.689716   0.428392    0.11543   0.651142  0.0704101 -0.0804522   0.655451   0.594287  -0.502849   -0.24626   -2.18607  0.0401601    2.12715 -0.0601058
0.427247 0.116352 0.650957 -0.000676184   -0.0731147     0.689137   0.427213   0.116518   0.651135  0.0699448 -0.0809118   0.655085   0.605076  -0.507364  -0.252101   -2.19075   0.039806    2.13442 -0.0609337
0.426069 0.117442 0.650947 -0.000849595   -0.0747568     0.688548   0.426033   0.117606   0.651127  0.0694792 -0.0813718   0.654718   0.615829  -0.511883  -0.257887   -2.19542   0.039431    2.14169 -0.0617605
 0.42489 0.118532 0.650937 -0.000995345   -0.0764053     0.687951   0.424853   0.118695    0.65112  0.0690132 -0.0818321   0.654351   0.626539  -0.516407   -0.26361   -2.20005  0.0390355    2.14897 -0.0625861
 0.42371 0.119624 0.650927 -0.0011141 -0.0780584   0.687344   0.423671   0.119785   0.651112  0.0685468 -0.0822928   0.653984   0.637196  -0.520932  -0.269264   -2.20466    0.03862    2.15624 -0.0634107
0.422528 0.120716 0.650917 -0.00120614   -0.079714    0.686729   0.422489   0.120876   0.651104  0.0680801 -0.0827537   0.653616    0.64779  -0.525457  -0.274843   -2.20924  0.0381851     2.1635 -0.0642341
0.421346 0.121809 0.650908 -0.00127221  -0.0813704    0.686106   0.421306   0.121968   0.651097  0.0676132 -0.0832149   0.653248   0.658314  -0.529979  -0.280339   -2.21379  0.0377312    2.17077 -0.0650565
0.420163 0.122903 0.650899 -0.00131271  -0.0830255    0.685475   0.420122    0.12306   0.651089   0.067146 -0.0836764   0.652881   0.668758  -0.534496  -0.285746   -2.21832   0.037259    2.17803 -0.0658778
 0.41898 0.123997 0.650891 -0.00132843  -0.0846775    0.684837   0.418938   0.124152   0.651082  0.0666786 -0.0841381   0.652512   0.679114  -0.539006   -0.29106   -2.22282   0.036769    2.18529 -0.0666982
0.417795 0.125092 0.650882 -0.00132011  -0.0863244    0.684192  0.417753  0.125245  0.651074 0.0662109   -0.0846  0.652144   0.689374  -0.543506  -0.296273   -2.22729  0.0362617    2.19255 -0.0675177
0.416609 0.126187 0.650875 -0.00128851  -0.0879644    0.683541   0.416568   0.126339   0.651067  0.0657431 -0.0850621   0.651776    0.69953  -0.547994  -0.301381   -2.23174  0.0357378     2.1998 -0.0683365
0.415423 0.127283 0.650867 -0.00123425  -0.0895955    0.682885   0.415382   0.127432   0.651059  0.0652751 -0.0855244   0.651407   0.709576  -0.552466  -0.306378   -2.23615  0.0351979    2.20705 -0.0691546
0.414237 0.128378  0.65086 -0.00115844   -0.091216    0.682223   0.414196   0.128527   0.651051   0.064807 -0.0859868   0.651038   0.719504   -0.55692  -0.311261   -2.24054  0.0346424     2.2143 -0.0699721
0.413049 0.129475 0.650853 -0.00106184  -0.0928239    0.681557   0.413009   0.129621   0.651044  0.0643387 -0.0864493    0.65067   0.729308  -0.561353  -0.316025   -2.24491  0.0340719    2.22155 -0.0707892
0.411861 0.130571 0.650847 -0.000945302   -0.0944176     0.680888   0.411823   0.130716   0.651036  0.0638704 -0.0869119   0.650301  0.738982 -0.565762 -0.320666  -2.24924 0.0334871   2.22879 -0.071606
0.410673 0.131668 0.650841 -0.000809854   -0.0959953     0.680215   0.410636    0.13181   0.651029   0.063402 -0.0873746   0.649932   0.748521  -0.570144  -0.325181   -2.25354  0.0328885    2.23603 -0.0724227
0.409484 0.132764 0.650835 -0.000656397   -0.0975556     0.679539   0.409449   0.132905   0.651021  0.0629335 -0.0878373   0.649563    0.75792  -0.574497  -0.329568   -2.25782  0.0322766    2.24327 -0.0732394
0.408295 0.133861  0.65083 -0.00048589  -0.0990966    0.678862 0.408262    0.134 0.651013 0.062465  -0.0883 0.649194   0.767173  -0.578818  -0.333823   -2.26207   0.031652    2.25051 -0.0740564
0.407106 0.134958 0.650825 -0.000299335    -0.100617     0.678184   0.407075   0.135095   0.651006  0.0619966 -0.0887628   0.648825   0.776278  -0.583103  -0.337944   -2.26629  0.0310151    2.25774 -0.0748737
0.405916 0.136054 0.650821 -9.7717e-05   -0.102115    0.677505   0.405888    0.13619   0.650998  0.0615281 -0.0892255   0.648456   0.785231   -0.58735  -0.341931   -2.27048  0.0303666    2.26497 -0.0756915
0.404726 0.137151 0.650817 0.000118084    -0.10359    0.676826   0.404702   0.137285   0.650991  0.0610597 -0.0896882   0.648087  0.794029 -0.591557 -0.345781  -2.27465 0.0297067    2.2722  -0.07651
0.403537 0.138247 0.650813 0.000347047   -0.105041    0.676148   0.403515    0.13838   0.650983  0.0605913 -0.0901508   0.647718    0.80267   -0.59572  -0.349494   -2.27878  0.0290362    2.27943 -0.0773295
0.402347 0.139343 0.650809 0.00058818  -0.106466   0.675472   0.402329   0.139474   0.650975  0.0601231 -0.0906133    0.64735  0.811151 -0.599837 -0.353069  -2.28289 0.0283552   2.28665  -0.07815
0.401157 0.140439 0.650806 0.000840622   -0.107864    0.674798   0.401143   0.140568   0.650968   0.059655 -0.0910757   0.646981    0.81947  -0.603906  -0.356507   -2.28697  0.0276644    2.29387 -0.0789718
0.399968 0.141534 0.650803 0.00110342  -0.109234   0.674127  0.399957  0.141662   0.65096  0.059187 -0.091538  0.646612  0.827628 -0.607924 -0.359806  -2.29102 0.0269642   2.30109 -0.079795
0.398778 0.142629   0.6508 0.00137566  -0.110575   0.673459   0.398772   0.142756   0.650953  0.0587191 -0.0920001   0.646244   0.835622  -0.611889  -0.362969   -2.29504  0.0262548    2.30831 -0.0806198
 0.39759 0.143724 0.650797 0.00165647  -0.111888   0.672795  0.397587  0.143849  0.650945 0.0582515 -0.092462  0.645876   0.843454  -0.615799  -0.365995   -2.29903  0.0255368    2.31552 -0.0814464
0.396401 0.144818 0.650794 0.00194496   -0.11317   0.672136   0.396402   0.144941   0.650937  0.0577841 -0.0929237   0.645508   0.851122  -0.619652  -0.368886   -2.30299  0.0248104    2.32274 -0.0822749
0.395213 0.145911 0.650792 0.00224034  -0.114421   0.671483   0.395219   0.146033    0.65093  0.0573169 -0.0933852    0.64514   0.858628  -0.623446  -0.371643   -2.30692  0.0240761    2.32994 -0.0831056
0.394026 0.147004 0.650789 0.00254185  -0.115641   0.670835   0.394036   0.147125   0.650922  0.0568499 -0.0938464   0.644772   0.865971  -0.627179  -0.374267   -2.31082  0.0233341    2.33715 -0.0839385
0.392839 0.148096 0.650787 0.00284871   -0.11683   0.670193   0.392853   0.148215   0.650915  0.0563833 -0.0943073   0.644404   0.873154   -0.63085  -0.376761    -2.3147  0.0225847    2.34435 -0.0847739
0.391653 0.149187 0.650785 0.00316023  -0.117987   0.669558  0.391672  0.149305  0.650907 0.0559169 -0.094768  0.644037   0.880177  -0.634458  -0.379127   -2.31854  0.0218283    2.35155 -0.0856119
0.390467 0.150278 0.650782 0.00347563  -0.119111   0.668931   0.390491   0.150395     0.6509  0.0554509 -0.0952283    0.64367   0.887042     -0.638  -0.381365   -2.32235  0.0210652    2.35875 -0.0864526
0.389283 0.151368  0.65078 0.00379439  -0.120203   0.668311   0.389311   0.151483   0.650892  0.0549852 -0.0956882   0.643303   0.893751  -0.641477   -0.38348   -2.32614  0.0202956    2.36594 -0.0872961
  0.3881 0.152457 0.650777 0.00411576  -0.121263   0.667699   0.388132   0.152571   0.650884  0.0545199 -0.0961478   0.642937   0.900306  -0.644886  -0.385472   -2.32989  0.0195197    2.37312 -0.0881427
0.386917 0.153545 0.650775 0.00443919   -0.12229   0.667097  0.386955  0.153657  0.650877  0.054055 -0.096607  0.642571   0.906708  -0.648227  -0.387345   -2.33361  0.0187379     2.3803 -0.0889924
0.385736 0.154632 0.650772 0.00476418  -0.123284   0.666503   0.385778   0.154743   0.650869  0.0535905 -0.0970658   0.642205   0.912961  -0.651499  -0.389102    -2.3373  0.0179504    2.38748 -0.0898454
0.384556 0.155718 0.650769 0.00509022  -0.124246   0.665918   0.384602   0.155827   0.650862  0.0531265 -0.0975242    0.64184   0.919067  -0.654701  -0.390744   -2.34096  0.0171574    2.39465 -0.0907018
0.383377 0.156803 0.650766 0.00541672  -0.125175   0.665343   0.383428   0.156911   0.650854  0.0526629 -0.0979821   0.641474   0.925028  -0.657833  -0.392275   -2.34459   0.016359    2.40181 -0.0915617
0.382199 0.157887 0.650763 0.0057433 -0.126072  0.664778   0.382254   0.157993   0.650847  0.0521999 -0.0984395    0.64111   0.930848  -0.660894  -0.393697   -2.34819  0.0155557    2.40897 -0.0924252
0.381023 0.158969  0.65076 0.00606958  -0.126937   0.664223   0.381082   0.159074   0.650839  0.0517373 -0.0988964   0.640745   0.936528  -0.663885  -0.395013   -2.35176  0.0147474    2.41612 -0.0932923
0.379849 0.160051 0.650757 0.00639513  -0.127771   0.663678   0.379912   0.160154   0.650832  0.0512753 -0.0993527   0.640382   0.942072  -0.666804  -0.396226   -2.35529  0.0139345    2.42326 -0.0941633
0.378675 0.161131 0.650754 0.00671963  -0.128573   0.663144   0.378743   0.161233   0.650824  0.0508138 -0.0998085   0.640018   0.947483  -0.669651  -0.397339    -2.3588   0.013117    2.43039 -0.0950382
0.377504 0.162209  0.65075 0.00704276  -0.129343   0.662621  0.377575   0.16231  0.650817  0.050353 -0.100264  0.639655   0.952763  -0.672427  -0.398355   -2.36227  0.0122953    2.43751 -0.0959171
0.376334 0.163286 0.650746 0.00736416  -0.130083   0.662109  0.376409  0.163386  0.650809 0.0498927 -0.100718  0.639293  0.957916 -0.675132 -0.399276  -2.36571 0.0114694   2.44463   -0.0968
0.375166 0.164362 0.650743 0.00768368  -0.130792   0.661607  0.375244   0.16446  0.650802 0.0494331 -0.101172  0.638931   0.962945  -0.677765  -0.400105   -2.36912  0.0106396    2.45173 -0.0976871
0.373999 0.165436 0.650738 0.00800093  -0.131471   0.661117  0.374081  0.165533  0.650795 0.0489741 -0.101626  0.638569   0.967852  -0.680327  -0.400845   -2.37249 0.00980598    2.45882 -0.0985784
0.372835 0.166509 0.650734 0.00831588  -0.132121   0.660639   0.37292  0.166604  0.650787 0.0485158 -0.102078  0.638208   0.972641  -0.682818  -0.401499   -2.37584 0.00896871     2.4659  -0.099474
0.371672  0.16758  0.65073 0.00862815  -0.132741   0.660172  0.371761  0.167673   0.65078 0.0480582  -0.10253  0.637848   0.977314  -0.685239   -0.40207   -2.37915 0.00812794    2.47297  -0.100374
0.370512 0.168649 0.650725 0.00893756  -0.133333   0.659716  0.370603  0.168741  0.650772 0.0476014 -0.102982  0.637488   0.981875  -0.687589   -0.40256   -2.38242 0.00728383    2.48002  -0.101278
0.369353 0.169717  0.65072 0.00924424  -0.133896   0.659271  0.369448  0.169807  0.650765 0.0471452 -0.103432  0.637129   0.986326   -0.68987  -0.402972   -2.38567 0.00643653    2.48707  -0.102187
0.368196 0.170783 0.650716 0.00954764  -0.134431   0.658839  0.368294  0.170872  0.650757 0.0466899 -0.103882   0.63677   0.990671  -0.692081  -0.403308   -2.38888 0.00558617    2.49409    -0.1031
0.367042 0.171847 0.650711 0.00984795   -0.13494   0.658417  0.367143  0.171934   0.65075 0.0462354 -0.104331  0.636412  0.994911 -0.694224  -0.40357  -2.39206 0.0047329    2.5011 -0.104018
 0.36589 0.172909 0.650706 0.0101449 -0.135421  0.658008  0.365993  0.172995  0.650743 0.0457816 -0.104779  0.636055   0.999051  -0.696298  -0.403763    -2.3952 0.00387685    2.50809  -0.104941
 0.36474 0.173969   0.6507 0.0104385 -0.135876  0.657609  0.364846  0.174053  0.650735 0.0453287 -0.105226  0.635698    1.00309  -0.698306  -0.403887   -2.39831 0.00301815    2.51507  -0.105868
0.363592 0.175027 0.650695 0.0107287 -0.136305  0.657223    0.3637   0.17511  0.650728 0.0448767 -0.105673  0.635342    1.00704  -0.700246  -0.403945   -2.40139 0.00215693    2.52203    -0.1068
0.362447 0.176083 0.650689 0.0110153 -0.136709  0.656847  0.362557  0.176164  0.650721 0.0444256 -0.106119  0.634987    1.01089   -0.70212   -0.40394   -2.40443 0.00129332    2.52897  -0.107737
0.361304 0.177137 0.650683 0.0112983 -0.137089  0.656483  0.361417  0.177216  0.650713 0.0439754 -0.106563  0.634633     1.01465   -0.703929   -0.403874    -2.40744 0.000427444     2.53589   -0.108678
0.360164 0.178189 0.650677 0.0115778 -0.137444  0.656131  0.360278  0.178266  0.650706 0.0435261 -0.107007  0.634279      1.01833    -0.705674    -0.403748     -2.41042 -0.000440583      2.54279    -0.109624
0.359026 0.179239 0.650671 0.0118535 -0.137775  0.655789  0.359142  0.179314  0.650699 0.0430778  -0.10745  0.633926     1.02191   -0.707354   -0.403566    -2.41336 -0.00131064     2.54967   -0.110575
0.357891 0.180286 0.650665 0.0121255 -0.138083  0.655459  0.358009   0.18036  0.650692 0.0426305 -0.107892  0.633573     1.02542   -0.708972   -0.403328    -2.41627 -0.00218261     2.55652   -0.111531
0.356758 0.181331 0.650659 0.0123938 -0.138369   0.65514  0.356878  0.181403  0.650684 0.0421841 -0.108333  0.633222     1.02885   -0.710528   -0.403038    -2.41914 -0.00305638     2.56336   -0.112492
0.355629 0.182374 0.650652 0.0126584 -0.138632  0.654831   0.35575  0.182444  0.650677 0.0417388 -0.108772  0.632871     1.03219   -0.712022   -0.402697    -2.42198 -0.00393184     2.57017   -0.113458
0.354502 0.183414 0.650646 0.0129193 -0.138874  0.654534  0.354625  0.183482   0.65067 0.0412946 -0.109211  0.632521     1.03546   -0.713456   -0.402307    -2.42478 -0.00480887     2.57695   -0.114429
0.353378 0.184452 0.650639 0.0131766 -0.139094  0.654247  0.353502  0.184518  0.650663 0.0408514 -0.109649  0.632172     1.03866    -0.71483   -0.401869    -2.42755 -0.00568738     2.58371   -0.115405
0.352256 0.185487 0.650633   0.01343 -0.139294  0.653971  0.352382  0.185551  0.650656 0.0404094 -0.110086  0.631824     1.04178   -0.716145   -0.401387    -2.43029 -0.00656724     2.59045   -0.116386
0.351138  0.18652 0.650626 0.0136798 -0.139473  0.653705  0.351265  0.186582  0.650648 0.0399684 -0.110521  0.631477     1.04483   -0.717403    -0.40086    -2.43299 -0.00744837     2.59715   -0.117372
0.350022  0.18755 0.650619 0.0139258 -0.139633   0.65345   0.35015   0.18761  0.650641 0.0395287 -0.110955  0.631131     1.04782   -0.718604   -0.400291    -2.43566 -0.00833065     2.60383   -0.118363
 0.34891 0.188577 0.650612 0.0141682 -0.139773  0.653205  0.349039  0.188635  0.650634   0.03909 -0.111389  0.630785     1.05074   -0.719749   -0.399682    -2.43829 -0.00921399     2.61048   -0.119359
0.347801 0.189601 0.650606  0.014407 -0.139895   0.65297  0.347931  0.189657  0.650627 0.0386526 -0.111821  0.630441    1.05359  -0.720839  -0.399034   -2.44089 -0.0100983    2.61711  -0.120361
0.346695 0.190623 0.650599 0.0146421 -0.139998  0.652744  0.346826  0.190677   0.65062 0.0382164 -0.112252  0.630097    1.05639  -0.721875  -0.398349   -2.44345 -0.0109834     2.6237  -0.121367
0.345592 0.191642 0.650591 0.0148737 -0.140084  0.652529  0.345724  0.191693  0.650613 0.0377814 -0.112681  0.629755    1.05912  -0.722858  -0.397628   -2.44598 -0.0118694    2.63026  -0.122379
0.344492 0.192657 0.650585 0.0151015 -0.140151  0.652323  0.344625  0.192707  0.650606 0.0373477  -0.11311  0.629413    1.06179  -0.723789  -0.396872   -2.44847 -0.0127559    2.63679  -0.123396
0.343396  0.19367 0.650577 0.0153259 -0.140202  0.652127  0.343529  0.193718  0.650599 0.0369153 -0.113537  0.629072     1.0644  -0.724668  -0.396083   -2.45093 -0.0136431    2.64328  -0.124418
0.342304  0.19468  0.65057 0.0155468 -0.140237   0.65194  0.342437  0.194725  0.650592 0.0364842 -0.113963  0.628733    1.06696  -0.725497  -0.395261   -2.45336 -0.0145307    2.64975  -0.125445
0.341214 0.195686 0.650563 0.0157641 -0.140255  0.651762  0.341348   0.19573  0.650585 0.0360545 -0.114387  0.628395    1.06946  -0.726276   -0.39441   -2.45575 -0.0154187    2.65617  -0.126478
0.340128  0.19669 0.650556  0.015978 -0.140257  0.651593  0.340263  0.196731  0.650578 0.0356261  -0.11481  0.628057   1.07191 -0.727007 -0.393528   -2.4581 -0.016307   2.66257 -0.127515
0.339046  0.19769 0.650549 0.0161883 -0.140245  0.651433  0.339181  0.197729  0.650571  0.035199 -0.115232  0.627721     1.0743   -0.72769  -0.392619   -2.46042 -0.0171955    2.66893  -0.128559
0.337967 0.198687 0.650541 0.0163952 -0.140217  0.651281  0.338102  0.198724  0.650564 0.0347734 -0.115652  0.627386    1.07665  -0.728327  -0.391682   -2.46271 -0.0180841    2.67525  -0.129607
0.336892 0.199681 0.650534 0.0165988 -0.140174  0.651138  0.337028  0.199715  0.650557 0.0343492 -0.116071  0.627052    1.07894  -0.728918   -0.39072   -2.46497 -0.0189728    2.68153  -0.130661
0.335821 0.200671 0.650527 0.0167989 -0.140118  0.651004  0.335957  0.200704   0.65055 0.0339265 -0.116489  0.626719    1.08119  -0.729464  -0.389732   -2.46719 -0.0198614    2.68778   -0.13172
0.334753 0.201658 0.650519 0.0169956 -0.140048  0.650878  0.334889  0.201688  0.650544 0.0335052 -0.116905  0.626387    1.08339  -0.729966  -0.388721   -2.46937 -0.0207498    2.69399  -0.132785
 0.33369 0.202641 0.650512 0.0171891 -0.139964  0.650759  0.333826  0.202669  0.650537 0.0330855  -0.11732  0.626056    1.08555  -0.730425  -0.387686   -2.47152 -0.0216379    2.70016  -0.133854
 0.33263 0.203621 0.650505 0.0173792 -0.139868  0.650649  0.332766  0.203647   0.65053 0.0326672 -0.117733  0.625727    1.08765  -0.730842  -0.386629   -2.47364 -0.0225258    2.70629   -0.13493
0.331574 0.204597 0.650498  0.017566 -0.139759  0.650546   0.33171  0.204621  0.650523 0.0322506 -0.118144  0.625399    1.08972  -0.731218  -0.385551   -2.47573 -0.0234132    2.71238  -0.136011
0.330522 0.205569 0.650491 0.0177495 -0.139637  0.650451  0.330659  0.205591  0.650516 0.0318354 -0.118554  0.625072    1.09174  -0.731554  -0.384453   -2.47778 -0.0243001    2.71842  -0.137097
0.329475 0.206538 0.650484 0.0179297 -0.139504  0.650363  0.329611  0.206558   0.65051 0.0314219 -0.118963  0.624746    1.09372   -0.73185  -0.383336    -2.4798 -0.0251864    2.72443  -0.138188
0.328431 0.207503 0.650476 0.0181068 -0.139358  0.650283 0.328567  0.20752 0.650503  0.03101 -0.11937 0.624422    1.09566  -0.732108    -0.3822   -2.48178 -0.0260721    2.73039  -0.139285
0.327392 0.208464 0.650469 0.0182806 -0.139202  0.650209  0.327528  0.208479  0.650496 0.0305997 -0.119775  0.624099    1.09755  -0.732329  -0.381046   -2.48373 -0.0269569    2.73631  -0.140388
0.326356 0.209421 0.650462 0.0184512 -0.139035  0.650143  0.326493  0.209434   0.65049 0.0301911 -0.120179  0.623777    1.09941  -0.732512  -0.379875   -2.48565 -0.0278409    2.74219  -0.141496
0.325325 0.210375 0.650455 0.0186186 -0.138857  0.650083  0.325462  0.210385  0.650483 0.0297842 -0.120581  0.623456   1.10123  -0.73266 -0.378688  -2.48754 -0.028724   2.74802 -0.142609
0.324299 0.211324 0.650448 0.0187828 -0.138669   0.65003  0.324435  0.211333  0.650477  0.029379 -0.120981  0.623137   1.10301 -0.732773 -0.377485  -2.48939 -0.029606    2.7538 -0.143728
0.323277 0.212269 0.650441 0.0189438 -0.138472  0.649983  0.323413  0.212276   0.65047 0.0289755 -0.121379   0.62282    1.10475  -0.732852  -0.376268   -2.49122 -0.0304869    2.75954  -0.144853
0.322259  0.21321 0.650434 0.0191017 -0.138264  0.649942  0.322395  0.213215  0.650464 0.0285738 -0.121776  0.622503    1.10646  -0.732897  -0.375036   -2.49301 -0.0313665    2.76524  -0.145983
0.321246 0.214147 0.650426 0.0192565 -0.138047  0.649908  0.321382  0.214149  0.650457 0.0281738 -0.122171  0.622188    1.10813  -0.732911  -0.373791   -2.49476 -0.0322449    2.77088  -0.147119
0.320237  0.21508  0.65042 0.0194081 -0.137821  0.649879  0.320373   0.21508  0.650451 0.0277757 -0.122565  0.621875    1.10977  -0.732892  -0.372533   -2.49649 -0.0331218    2.77648   -0.14826
0.319234 0.216009 0.650413 0.0195566 -0.137587  0.649856  0.319369  0.216006  0.650444 0.0273794 -0.122956  0.621562    1.11137  -0.732844  -0.371262   -2.49819 -0.0339973    2.78203  -0.149407
0.318234 0.216933 0.650406 0.0197021 -0.137344  0.649839  0.318369  0.216928  0.650438 0.0269849 -0.123346  0.621252    1.11294  -0.732765   -0.36998   -2.49985 -0.0348712    2.78753  -0.150559
 0.31724 0.217852 0.650399 0.0198444 -0.137093  0.649828  0.317375  0.217846  0.650431 0.0265923 -0.123733  0.620943    1.11447  -0.732657  -0.368687   -2.50148 -0.0357434    2.79299  -0.151717
 0.31625 0.218768 0.650392 0.0199836 -0.136834  0.649821  0.316385  0.218759  0.650425 0.0262016 -0.124119  0.620635    1.11597  -0.732521  -0.367383   -2.50308 -0.0366138    2.79839   -0.15288
0.315266 0.219679 0.650385 0.0201197 -0.136567   0.64982    0.3154  0.219668  0.650419 0.0258128 -0.124503  0.620329    1.11744  -0.732358  -0.366069   -2.50466 -0.0374823    2.80375  -0.154049
0.314286 0.220585 0.650378 0.0202528 -0.136294  0.649824   0.31442  0.220572  0.650412  0.025426 -0.124885  0.620024    1.11888  -0.732169  -0.364746    -2.5062 -0.0383489    2.80905  -0.155224
0.313311 0.221487 0.650372  0.020383 -0.136013  0.649833  0.313445  0.221471  0.650406 0.0250412 -0.125266  0.619721    1.12028  -0.731953  -0.363414   -2.50771 -0.0392134     2.8143  -0.156404
0.312341 0.222384 0.650365 0.0205099 -0.135725  0.649847  0.312475  0.222366    0.6504 0.0246583 -0.125644   0.61942    1.12166  -0.731713  -0.362073   -2.50919 -0.0400758     2.8195   -0.15759
0.311377 0.223276 0.650359 0.0206339 -0.135432  0.649865   0.31151  0.223256  0.650394 0.0242774  -0.12602   0.61912      1.123  -0.731449  -0.360725   -2.51064 -0.0409359    2.82465  -0.158781
0.310417 0.224163 0.650352 0.0207549 -0.135132  0.649887   0.31055  0.224142  0.650388 0.0238986 -0.126394  0.618821    1.12432  -0.731161  -0.359369   -2.51207 -0.0417936    2.82974  -0.159978
0.309463 0.225046 0.650346 0.0208727 -0.134826  0.649914  0.309595  0.225022  0.650382 0.0235219 -0.126766  0.618525    1.12561  -0.730851  -0.358006   -2.51346 -0.0426488    2.83479   -0.16118
0.308514 0.225924 0.650339 0.0209876 -0.134514  0.649945  0.308646  0.225898  0.650376 0.0231472 -0.127136  0.618229    1.12687  -0.730519  -0.356636   -2.51483 -0.0435015    2.83978  -0.162388
 0.30757 0.226796 0.650333 0.0210996 -0.134197   0.64998  0.307702  0.226769  0.650369 0.0227746 -0.127504  0.617936    1.12809  -0.730166  -0.355261   -2.51617 -0.0443515    2.84471  -0.163602
0.306632 0.227664 0.650326 0.0212086 -0.133875  0.650019  0.306764  0.227635  0.650363 0.0224042  -0.12787  0.617644     1.1293  -0.729793   -0.35388   -2.51748 -0.0451988     2.8496  -0.164821
0.305699 0.228527  0.65032 0.0213146 -0.133548  0.650062  0.305831  0.228495  0.650357 0.0220359 -0.128234  0.617354    1.13047  -0.729401  -0.352494   -2.51876 -0.0460431    2.85443  -0.166046
0.304772 0.229385 0.650314 0.0214176 -0.133216  0.650108  0.304903  0.229351  0.650352 0.0216698 -0.128596  0.617066    1.13162   -0.72899  -0.351103   -2.52001 -0.0468844     2.8592  -0.167276
 0.30385 0.230237 0.650308 0.0215177  -0.13288  0.650158  0.303981  0.230202  0.650346 0.0213059 -0.128955  0.616779    1.13274  -0.728561  -0.349708   -2.52124 -0.0477227    2.86392  -0.168512
0.302934 0.231085 0.650301 0.0216149  -0.13254  0.650211  0.303065  0.231047   0.65034 0.0209443 -0.129312  0.616495    1.13383  -0.728114  -0.348309   -2.52244 -0.0485577    2.86858  -0.169754
0.302024 0.231927 0.650295 0.0217091 -0.132196  0.650267  0.302154  0.231887  0.650334 0.0205849 -0.129667  0.616212     1.1349  -0.727651  -0.346906   -2.52361 -0.0493894    2.87319  -0.171001
 0.30112 0.232764 0.650289 0.0218005 -0.131848  0.650327  0.301249  0.232722  0.650328 0.0202277  -0.13002   0.61593    1.13595  -0.727173  -0.345501   -2.52476 -0.0502176    2.87774  -0.172253
0.300221 0.233595 0.650283  0.021889 -0.131496  0.650389   0.30035  0.233551  0.650322 0.0198729 -0.130371  0.615651    1.13697  -0.726679  -0.344093   -2.52588 -0.0510423    2.88224  -0.173511
0.299328 0.234421 0.650277 0.0219746 -0.131142  0.650454  0.299457  0.234375  0.650317 0.0195203 -0.130719  0.615373    1.13796  -0.726171  -0.342682   -2.52698 -0.0518633    2.88668  -0.174775
0.298441 0.235241 0.650271 0.0220575 -0.130784  0.650522   0.29857  0.235194  0.650311 0.0191701 -0.131065  0.615097    1.13893  -0.725649   -0.34127   -2.52805 -0.0526806    2.89107  -0.176044
 0.29756 0.236056 0.650266 0.0221375 -0.130424  0.650593  0.297688  0.236007  0.650305 0.0188223 -0.131408  0.614823    1.13988  -0.725115  -0.339857    -2.5291 -0.0534939     2.8954  -0.177318
0.296685 0.236865  0.65026 0.0222146 -0.130061  0.650666  0.296813  0.236814    0.6503 0.0184769 -0.131749  0.614551     1.1408  -0.724568  -0.338442   -2.53012 -0.0543032    2.89967  -0.178598
0.295816 0.237669 0.650254 0.0222891 -0.129695  0.650741  0.295944  0.237616  0.650294 0.0181338 -0.132088  0.614281     1.1417  -0.724009  -0.337027   -2.53112 -0.0551084    2.90388  -0.179883
0.294954 0.238467 0.650249 0.0223607 -0.129328  0.650818  0.295081  0.238412  0.650289 0.0177933 -0.132425  0.614013    1.14258  -0.723439  -0.335611   -2.53209 -0.0559094    2.90804  -0.181174
0.294097 0.239259 0.650243 0.0224297 -0.128958  0.650898  0.294225  0.239202  0.650283 0.0174551 -0.132759  0.613747    1.14343  -0.722859  -0.334196   -2.53304 -0.0567059    2.91214   -0.18247
0.293247 0.240045 0.650237  0.022496 -0.128587   0.65098  0.293374  0.239987  0.650278 0.0171195  -0.13309  0.613482   1.14426 -0.722269 -0.332781  -2.53397 -0.057498   2.91619 -0.183771
0.292404 0.240826 0.650232 0.0225595 -0.128215  0.651063   0.29253  0.240765  0.650272 0.0167864 -0.133419   0.61322    1.14507   -0.72167  -0.331367   -2.53487 -0.0582855    2.92017  -0.185078
0.291566   0.2416 0.650227 0.0226204 -0.127841  0.651148  0.291692  0.241538  0.650267 0.0164557 -0.133746   0.61296    1.14586  -0.721063  -0.329955   -2.53575 -0.0590682     2.9241   -0.18639
0.290735 0.242368 0.650222 0.0226786 -0.127466  0.651235  0.290861  0.242305  0.650262 0.0161277  -0.13407  0.612701    1.14663  -0.720448  -0.328544   -2.53661 -0.0598461    2.92798  -0.187707
0.289911 0.243131 0.650216 0.0227344  -0.12709  0.651324  0.290037  0.243065  0.650256 0.0158022 -0.134391  0.612445   1.14738 -0.719825 -0.327135  -2.53745 -0.060619   2.93179  -0.18903
0.289093 0.243887 0.650211 0.0227876 -0.126713  0.651414  0.289219   0.24382  0.650251 0.0154793  -0.13471  0.612191    1.14811  -0.719196  -0.325728   -2.53826 -0.0613868    2.93555  -0.190357
0.288282 0.244638 0.650206 0.0228382 -0.126336  0.651505  0.288407  0.244569  0.650246 0.0151591 -0.135027  0.611938    1.14882  -0.718561  -0.324325   -2.53906 -0.0621493    2.93925   -0.19169
0.287477 0.245382   0.6502 0.0228864 -0.125958  0.651598  0.287603  0.245311  0.650241 0.0148415  -0.13534  0.611688     1.1495   -0.71792  -0.322924   -2.53983 -0.0629066     2.9429  -0.193028
 0.28668  0.24612 0.650196 0.0229321  -0.12558  0.651691  0.286805  0.246047  0.650236 0.0145265 -0.135651   0.61144    1.15017  -0.717274  -0.321527   -2.54059 -0.0636584    2.94649  -0.194371
0.285889 0.246851  0.65019 0.0229754 -0.125202  0.651786  0.286014  0.246777  0.650231 0.0142143  -0.13596  0.611194    1.15082  -0.716624  -0.320133   -2.54132 -0.0644046    2.95002  -0.195719
0.285105 0.247576 0.650186 0.0230163 -0.124825  0.651882  0.285229    0.2475  0.650226 0.0139048 -0.136266  0.610951    1.15145  -0.715969  -0.318744   -2.54203 -0.0651451    2.95349  -0.197072
0.284328 0.248295 0.650181 0.0230549 -0.124447  0.651978  0.284452  0.248217  0.650221  0.013598 -0.136569  0.610709    1.15207  -0.715312   -0.31736   -2.54273 -0.0658798    2.95691   -0.19843
0.283558 0.249007 0.650176 0.0230911 -0.124071  0.652076  0.283682  0.248928  0.650216  0.013294 -0.136869   0.61047    1.15266  -0.714651   -0.31598    -2.5434 -0.0666085    2.96027  -0.199793
0.282795 0.249713 0.650171 0.0231251 -0.123695  0.652174  0.282919  0.249632  0.650211 0.0129927 -0.137166  0.610232    1.15324  -0.713988  -0.314606   -2.54406 -0.0673312    2.96358  -0.201161
0.282039 0.250412 0.650167 0.0231569 -0.123319  0.652273  0.282162   0.25033  0.650206 0.0126943 -0.137461  0.609997     1.1538  -0.713323  -0.313238   -2.54469 -0.0680477    2.96682  -0.202533
 0.28129 0.251104 0.650162 0.0231865 -0.122945  0.652372  0.281414   0.25102  0.650201 0.0123987 -0.137753  0.609765    1.15435  -0.712657  -0.311875   -2.54531 -0.0687579    2.97002  -0.203911
0.280548  0.25179 0.650157  0.023214 -0.122572  0.652471  0.280672  0.251705  0.650196  0.012106 -0.138042  0.609534    1.15487   -0.71199  -0.310519   -2.54591 -0.0694616    2.97316  -0.205293
0.279814 0.252469 0.650153 0.0232393   -0.1222  0.652571  0.279938  0.252382  0.650192 0.0118161 -0.138329  0.609306    1.15539  -0.711323   -0.30917    -2.5465 -0.0701589    2.97624   -0.20668
0.279087 0.253141 0.650148 0.0232626  -0.12183  0.652672  0.279211  0.253053  0.650187 0.0115292 -0.138612   0.60908    1.15588  -0.710655  -0.307828   -2.54707 -0.0708495    2.97927  -0.208071
0.278368 0.253806 0.650144 0.0232839 -0.121462  0.652772  0.278491  0.253717  0.650182 0.0112452 -0.138893  0.608856    1.15636  -0.709988  -0.306493   -2.54762 -0.0715334    2.98224  -0.209467
0.277656 0.254465  0.65014 0.0233032 -0.121095  0.652873  0.277779  0.254374  0.650178 0.0109641  -0.13917  0.608635    1.15682  -0.709321  -0.305166   -2.54815 -0.0722104    2.98516  -0.210867
0.276951 0.255116 0.650136 0.0233206  -0.12073  0.652974  0.277074  0.255024  0.650173  0.010686 -0.139445  0.608416    1.15727  -0.708656  -0.303847   -2.54867 -0.0728804    2.98802  -0.212272
0.276254  0.25576 0.650131 0.0233361 -0.120367  0.653074  0.276377  0.255667  0.650169 0.0104109 -0.139717  0.608199    1.15771  -0.707992  -0.302537   -2.54917 -0.0735433    2.99083  -0.213681
0.275565 0.256398 0.650128 0.0233498 -0.120006  0.653175  0.275688  0.256302  0.650164 0.0101389 -0.139985  0.607985   1.15813 -0.707331 -0.301235  -2.54966 -0.074199   2.99359 -0.215095
0.274883 0.257028 0.650123 0.0233617 -0.119648  0.653275   0.275006   0.256931    0.65016 0.00986983  -0.140251   0.607773    1.15854  -0.706671  -0.299943   -2.55013 -0.0748475    2.99629  -0.216513
 0.27421 0.257651 0.650119  0.023372 -0.119292  0.653376   0.274333   0.257553   0.650156 0.00960387  -0.140514   0.607563    1.15893  -0.706015   -0.29866   -2.55059 -0.0754885    2.99895  -0.217934
0.273544 0.258267 0.650115 0.0233805 -0.118939  0.653476   0.273667   0.258167   0.650152 0.00934101  -0.140773   0.607356   1.15931 -0.705361 -0.297387  -2.55103 -0.076122   3.00154 -0.219361
0.272886 0.258875 0.650111 0.0233874 -0.118588  0.653575   0.273008   0.258774   0.650147 0.00908126   -0.14103   0.607152   1.15967 -0.704711 -0.296124  -2.55146 -0.076748   3.00409 -0.220791
0.272236 0.259476 0.650108 0.0233927  -0.11824  0.653675   0.272358   0.259374   0.650143 0.00882465  -0.141283    0.60695    1.16003  -0.704065  -0.294872   -2.55188 -0.0773662    3.00659  -0.222225
0.271593  0.26007 0.650104 0.0233965 -0.117895  0.653773  0.271716  0.259967  0.650139 0.0085712 -0.141534   0.60675    1.16037  -0.703423  -0.293631   -2.55228 -0.0779766    3.00903  -0.223663
0.270959 0.260656   0.6501 0.0233989 -0.117553  0.653872   0.271082   0.260551   0.650135 0.00832094  -0.141781   0.606553    1.16069  -0.702785  -0.292401   -2.55267 -0.0785792    3.01143  -0.225104
0.270333 0.261235 0.650097 0.0233997 -0.117214   0.65397   0.270456   0.261129   0.650131 0.00807389  -0.142025   0.606359    1.16101  -0.702152  -0.291183   -2.55304 -0.0791738    3.01378   -0.22655
0.269715 0.261806 0.650093 0.0233993 -0.116879  0.654067   0.269838   0.261699   0.650127 0.00783007  -0.142266   0.606167    1.16131  -0.701524  -0.289976   -2.55341 -0.0797603    3.01607  -0.227999
0.269106 0.262369  0.65009 0.0233974 -0.116547  0.654163  0.269229  0.262261  0.650123 0.0075895 -0.142503  0.605977    1.16161  -0.700902  -0.288781   -2.55376 -0.0803386    3.01832  -0.229452
0.268505 0.262925 0.650086 0.0233944 -0.116218  0.654259   0.268628   0.262816   0.650119 0.00735222  -0.142738    0.60579    1.16189  -0.700284    -0.2876    -2.5541 -0.0809088    3.02052  -0.230908
0.267912 0.263473 0.650083   0.02339 -0.115893  0.654354   0.268035   0.263363   0.650115 0.00711823  -0.142969   0.605606    1.16216  -0.699673   -0.28643   -2.55443 -0.0814706    3.02267  -0.232368
0.267328 0.264013 0.650079 0.0233845 -0.115571  0.654448    0.26745   0.263902   0.650112 0.00688758  -0.143197   0.605424    1.16242  -0.699068  -0.285274   -2.55474 -0.0820241    3.02477  -0.233831
0.266751 0.264546 0.650076 0.0233779 -0.115253  0.654541   0.266875   0.264433   0.650108 0.00666027  -0.143421   0.605245    1.16267  -0.698469  -0.284132   -2.55505 -0.0825691    3.02683  -0.235297
0.266184  0.26507 0.650073 0.0233702 -0.114939  0.654634   0.266307   0.264956   0.650104 0.00643634  -0.143642   0.605069    1.16291  -0.697876  -0.283003   -2.55535 -0.0831055    3.02884  -0.236766
0.265625 0.265587  0.65007 0.0233614 -0.114629  0.654725  0.265748  0.265472  0.650101 0.0062158  -0.14386  0.604895    1.16314   -0.69729  -0.281889   -2.55563 -0.0836334    3.03081  -0.238239
0.265075 0.266095 0.650067 0.0233517 -0.114323  0.654816   0.265198   0.265979   0.650097 0.00599869  -0.144075   0.604724    1.16335  -0.696712  -0.280788   -2.55591 -0.0841526    3.03273  -0.239714
0.264533 0.266596 0.650064 0.0233411 -0.114021  0.654905   0.264657   0.266479   0.650094 0.00578501  -0.144286   0.604556    1.16356   -0.69614  -0.279703   -2.55618 -0.0846631    3.03461  -0.241193
0.264001 0.267088  0.65006 0.0233295 -0.113723  0.654994   0.264124    0.26697    0.65009 0.00557481  -0.144493    0.60439    1.16376  -0.695576  -0.278633   -2.55643 -0.0851648    3.03644  -0.242674
0.263477 0.267572 0.650057 0.0233172 -0.113429  0.655081   0.263601   0.267453   0.650087 0.00536809  -0.144698   0.604228    1.16396  -0.695019  -0.277577   -2.55668 -0.0856576    3.03823  -0.244158
0.262962 0.268048 0.650055 0.0233041 -0.113139  0.655167   0.263086   0.267928   0.650084 0.00516489  -0.144898   0.604068    1.16414   -0.69447  -0.276538   -2.55692 -0.0861416    3.03998  -0.245644
0.262456 0.268516 0.650052 0.0232903 -0.112854  0.655253    0.26258   0.268395   0.650081 0.00496522  -0.145096    0.60391    1.16431  -0.693929  -0.275514   -2.55715 -0.0866166    3.04168  -0.247133
0.261959 0.268975 0.650049 0.0232758 -0.112573  0.655336   0.262083   0.268853   0.650077 0.00476912  -0.145289   0.603756    1.16448  -0.693395  -0.274506   -2.55737 -0.0870826    3.04335  -0.248625
0.261471 0.269426 0.650047 0.0232606 -0.112297  0.655419   0.261595   0.269303   0.650074 0.00457659  -0.145479   0.603604    1.16463   -0.69287  -0.273515   -2.55759 -0.0875396    3.04497  -0.250118
0.260992 0.269869 0.650044 0.0232449 -0.112025  0.655501   0.261117   0.269745   0.650071 0.00438768  -0.145666   0.603455    1.16478  -0.692354  -0.272541   -2.55779 -0.0879876    3.04656  -0.251614
0.260522 0.270303 0.650041 0.0232287 -0.111758  0.655581  0.260647  0.270178  0.650068 0.0042024 -0.145849   0.60331    1.16492  -0.691845  -0.271584   -2.55799 -0.0884264    3.04811  -0.253112
0.260062 0.270728 0.650039  0.023212 -0.111495   0.65566   0.260187   0.270602   0.650065 0.00402077  -0.146028   0.603167    1.16505  -0.691346  -0.270644   -2.55819 -0.0888561    3.04961  -0.254612
0.259611 0.271145 0.650037 0.0231949 -0.111237  0.655737   0.259736   0.271018   0.650062 0.00384282  -0.146204   0.603026    1.16518  -0.690855  -0.269721   -2.55837 -0.0892766    3.05108  -0.256114
0.259169 0.271554 0.650034 0.0231774 -0.110984  0.655813   0.259295   0.271425    0.65006 0.00366857  -0.146376   0.602889    1.16529  -0.690373  -0.268817   -2.55855 -0.0896879    3.05252  -0.257618
0.258737 0.271953 0.650032 0.0231595 -0.110736  0.655888   0.258863   0.271824   0.650057 0.00349804  -0.146545   0.602755    1.1654 -0.689899  -0.26793  -2.55872  -0.09009   3.05391 -0.259124
0.258314 0.272344  0.65003 0.0231414 -0.110492  0.655961    0.25844   0.272214   0.650054 0.00333126   -0.14671   0.602624    1.16551  -0.689435  -0.267062   -2.55889 -0.0904829    3.05528  -0.260631
0.257901 0.272725 0.650028 0.0231229 -0.110253  0.656033   0.258027   0.272595   0.650051 0.00316826  -0.146871   0.602495     1.1656   -0.68898  -0.266213   -2.55905 -0.0908665     3.0566  -0.262139
0.257497 0.273098 0.650025 0.0231043  -0.11002  0.656104   0.257624   0.272967   0.650049 0.00300905  -0.147028    0.60237    1.16569  -0.688534  -0.265383    -2.5592 -0.0912408    3.05789  -0.263649
0.257103 0.273462 0.650023 0.0230856 -0.109791  0.656173    0.25723    0.27333   0.650046 0.00285365  -0.147181   0.602247    1.16577  -0.688097  -0.264571   -2.55935 -0.0916058    3.05915   -0.26516
0.256718 0.273818 0.650021 0.0230668 -0.109567   0.65624  0.256846  0.273684  0.650044 0.0027021 -0.147331  0.602128    1.16585   -0.68767  -0.263779   -2.55949 -0.0919616    3.06038  -0.266672
0.256344 0.274164 0.650019 0.0230479 -0.109348  0.656306   0.256472    0.27403   0.650041 0.00255441  -0.147477   0.602012   1.16592 -0.687252 -0.263007  -2.55963 -0.092308   3.06158 -0.268185
0.255979 0.274501 0.650017  0.023029 -0.109134  0.656371   0.256108   0.274366   0.650039 0.00241062  -0.147619   0.601898    1.16598  -0.686843  -0.262255   -2.55977 -0.0926452    3.06274  -0.269699
0.255625 0.274828 0.650015   0.02301 -0.108926  0.656434   0.255753   0.274693   0.650037 0.00227073  -0.147757   0.601788   1.16604 -0.686444 -0.261523  -2.55989 -0.092973   3.06387 -0.271214
 0.25528 0.275147 0.650014 0.0229912 -0.108722  0.656495   0.255409    0.27501   0.650035 0.00213478  -0.147891   0.601681    1.16609  -0.686055  -0.260811   -2.56002 -0.0932916    3.06497   -0.27273
0.254945 0.275456 0.650012 0.0229724 -0.108524  0.656555   0.255074   0.275319   0.650032 0.00200279  -0.148022   0.601577    1.16613  -0.685675   -0.26012   -2.56014 -0.0936008    3.06605  -0.274246
 0.25462 0.275756 0.650011 0.0229538 -0.108331  0.656613    0.25475   0.275618    0.65003 0.00187477  -0.148148   0.601476    1.16617  -0.685305  -0.259449   -2.56026 -0.0939008    3.06709  -0.275762
0.254306 0.276047 0.650009 0.0229355 -0.108143  0.656669   0.254436   0.275908   0.650028 0.00175077  -0.148271   0.601379     1.1662  -0.684944    -0.2588   -2.56037 -0.0941916    3.06811  -0.277279
0.254001 0.276328 0.650007 0.0229173  -0.10796  0.656724   0.254132   0.276188   0.650026 0.00163079  -0.148389   0.601284   1.16623 -0.684593 -0.258172  -2.56048 -0.094473    3.0691 -0.278796
0.253707 0.276599 0.650006 0.0228994 -0.107783  0.656778   0.253838   0.276459   0.650025 0.00151487  -0.148504   0.601193    1.16625  -0.684252  -0.257566   -2.56058 -0.0947453    3.07006  -0.280313
0.253424 0.276862 0.650005 0.0228818  -0.10761  0.656829   0.253555   0.276721   0.650023 0.00140302  -0.148614   0.601105    1.16627  -0.683921  -0.256982   -2.56069 -0.0950083      3.071   -0.28183
 0.25315 0.277114 0.650003 0.0228646 -0.107444  0.656879   0.253282   0.276973   0.650021 0.00129527  -0.148721    0.60102    1.16628  -0.683599  -0.256419   -2.56079 -0.0952622    3.07191  -0.283346
0.252887 0.277357 0.650002 0.0228478 -0.107282  0.656928   0.253019   0.277215   0.650019 0.00119165  -0.148823   0.600938    1.16628  -0.683287  -0.255879   -2.56088 -0.0955069     3.0728  -0.284863
0.252635  0.27759 0.650001 0.0228313 -0.107126  0.656974   0.252767   0.277447   0.650018 0.00109217  -0.148921    0.60086    1.16628  -0.682985  -0.255361   -2.56098 -0.0957424    3.07367  -0.286379
0.252393 0.277814     0.65 0.0228154 -0.106975  0.657019   0.252526    0.27767   0.650016 0.00099686  -0.149015   0.600785    1.16628  -0.682693  -0.254866   -2.56107 -0.0959689    3.07451  -0.287894
0.252162 0.278027 0.649999    0.0228 -0.106829  0.657062    0.252295    0.277883    0.650015 0.000905743   -0.149105    0.600713    1.16627   -0.68241  -0.254394   -2.56116 -0.0961863    3.07533  -0.289409
0.251941 0.278231 0.649997 0.0227851 -0.106689  0.657104    0.252075    0.278086    0.650013 0.000818842   -0.149191    0.600645    1.16625  -0.682137  -0.253945   -2.56124 -0.0963946    3.07613  -0.290923
0.251731 0.278425 0.649997 0.0227707 -0.106554  0.657144    0.251865    0.278279    0.650012 0.000736182   -0.149273     0.60058   1.16623 -0.681874 -0.253519  -2.56133 -0.096594   3.07691 -0.292436
0.251532 0.278609 0.649996  0.022757 -0.106425  0.657182    0.251667    0.278463    0.650011 0.000657784    -0.14935    0.600518     1.1662  -0.681621  -0.253117   -2.56141 -0.0967844    3.07767  -0.293947
0.251344 0.278783 0.649995 0.0227439 -0.106301  0.657218    0.251479    0.278636    0.650009 0.000583673   -0.149423     0.60046    1.16617  -0.681377  -0.252738   -2.56149 -0.0969658     3.0784  -0.295458
0.251166 0.278947 0.649994 0.0227315 -0.106182  0.657253    0.251302    0.278799    0.650008 0.000513873   -0.149492    0.600405    1.16613  -0.681143  -0.252383   -2.56157 -0.0971384    3.07912  -0.296967
   0.251   0.2791 0.649993 0.0227198 -0.106069  0.657286    0.251136    0.278952    0.650007 0.000448405   -0.149557    0.600353    1.16609  -0.680918  -0.252053   -2.56165 -0.0973022    3.07982  -0.298475
0.250845 0.279244 0.649993  0.022709 -0.105961  0.657317    0.250981    0.279095    0.650006 0.000387295   -0.149617    0.600305    1.16605  -0.680704  -0.251746   -2.56173 -0.0974572    3.08051  -0.299981
  0.2507 0.279377 0.649992 0.0226988 -0.105859  0.657346    0.250838    0.279227    0.650005 0.000330565   -0.149673     0.60026      1.166  -0.680498  -0.251465    -2.5618 -0.0976034    3.08117  -0.301486
0.250567   0.2795 0.649992 0.0226894 -0.105762  0.657373    0.250705     0.27935    0.650005 0.000278239   -0.149725    0.600219   1.16594 -0.680302 -0.251207  -2.56187 -0.097741   3.08183 -0.302988
0.250445 0.279612 0.649991 0.0226808 -0.105671  0.657399   0.250584   0.279462   0.650004 0.00023034  -0.149772   0.600181    1.16588  -0.680116  -0.250975   -2.56195 -0.0978699    3.08246  -0.304489
0.250335 0.279714 0.649991 0.0226732 -0.105585  0.657423    0.250474    0.279563    0.650003 0.000186891   -0.149815    0.600147    1.16581  -0.679939  -0.250767   -2.56202 -0.0979902    3.08308  -0.305987
0.250235 0.279806 0.649991 0.0226664 -0.105504  0.657445    0.250375    0.279654    0.650002 0.000147917   -0.149854    0.600116   1.16574 -0.679772 -0.250585  -2.56209 -0.098102   3.08368 -0.307483
0.250148 0.279887 0.649991 0.0226606 -0.105429  0.657466   0.250287   0.279735   0.650002 0.00011344  -0.149888   0.600089    1.16567  -0.679613  -0.250428   -2.56216 -0.0982053    3.08428  -0.308977
0.250071 0.279957 0.649991 0.0226557 -0.105359  0.657485    0.250212    0.279805    0.650001 8.34845e-05   -0.149918    0.600066    1.16559  -0.679464  -0.250297   -2.56223 -0.0983003    3.08485  -0.310468
0.250006 0.280017  0.64999 0.0226519 -0.105295  0.657501   0.250147   0.279864   0.650001 5.8073e-05  -0.149943   0.600046     1.1655  -0.679325  -0.250192    -2.5623 -0.0983868    3.08542  -0.311957
0.249953 0.280067 0.649991 0.0226491 -0.105236  0.657516    0.250094    0.279913    0.650001 3.72292e-05   -0.149963    0.600029   1.16541 -0.679194 -0.250112  -2.56236 -0.098465   3.08597 -0.313443
0.249911 0.280105  0.64999 0.0226473 -0.105182   0.65753    0.250053    0.279951        0.65 2.09765e-05   -0.149979    0.600017   1.16532 -0.679072 -0.250059  -2.56243 -0.098535   3.08651 -0.314926
0.249881 0.280133 0.649991 0.0226465 -0.105134  0.657541    0.250024    0.279978        0.65 9.33852e-06   -0.149991    0.600007    1.16522   -0.67896  -0.250031    -2.5625 -0.0985968    3.08705  -0.316406
0.249863  0.28015 0.649991 0.0226469 -0.105092  0.657551    0.250006    0.279995        0.65 2.33853e-06   -0.149998    0.600002    1.16511  -0.678856   -0.25003   -2.56257 -0.0986505    3.08757  -0.317882
0.249856 0.280156 0.649991 0.0226483 -0.105055  0.657558         0.25         0.28         0.65 -2.77556e-17        -0.15          0.6     1.165 -0.678761 -0.250056  -2.56263 -0.098696   3.08808 -0.319356
0.249862 0.280151 0.649991  0.022651 -0.105023  0.657565  0.25  0.28  0.65     0 -0.15   0.6     1.1649  -0.678669  -0.250085    -2.5627 -0.0987378    3.08857  -0.320824
0.249879 0.280135 0.649992 0.0226548 -0.104996  0.657569  0.25  0.28  0.65     0 -0.15   0.6    1.16481  -0.678581  -0.250114   -2.56276 -0.0987761    3.08905  -0.322287
0.249896 0.280118 0.649992 0.0226589 -0.104971  0.657573  0.25  0.28  0.65     0 -0.15   0.6    1.16472  -0.678496  -0.250143   -2.56282 -0.0988112    3.08952  -0.323744
0.249912 0.280103 0.649994 0.0226633 -0.104948  0.657576  0.25  0.28  0.65     0 -0.15   0.6   1.16464 -0.678413 -0.250173  -2.56288 -0.098843   3.08997 -0.325197
0.249925 0.280089 0.649996 0.0226682 -0.104925  0.657579  0.25  0.28  0.65     0 -0.15   0.6    1.16457  -0.678333  -0.250202   -2.56294 -0.0988713    3.09041  -0.326644
0.249938 0.280077 0.649998 0.0226735 -0.104903  0.657583  0.25  0.28  0.65     0 -0.15   0.6    1.16451  -0.678256  -0.250231     -2.563 -0.0988963    3.09083  -0.328086
0.249948 0.280067     0.65 0.0226792 -0.104881  0.657586  0.25  0.28  0.65     0 -0.15   0.6    1.16444  -0.678181   -0.25026   -2.56306 -0.0989179    3.09124  -0.329523
0.249958 0.280057 0.650001 0.0226852  -0.10486  0.657589  0.25  0.28  0.65     0 -0.15   0.6    1.16439  -0.678109  -0.250289   -2.56312 -0.0989361    3.09164  -0.330955
0.249966 0.280049 0.650002 0.0226915  -0.10484  0.657591  0.25  0.28  0.65     0 -0.15   0.6    1.16433  -0.678039  -0.250317   -2.56317 -0.0989508    3.09203  -0.332382
0.249974 0.280042 0.650003 0.022698 -0.10482 0.657594  0.25  0.28  0.65     0 -0.15   0.6    1.16428  -0.677971  -0.250345   -2.56323 -0.0989621     3.0924  -0.333804
 0.24998 0.280037 0.650002 0.0227046   -0.1048  0.657596  0.25  0.28  0.65     0 -0.15   0.6    1.16424  -0.677906  -0.250372   -2.56328 -0.0989701    3.09277  -0.335221
0.249985 0.280033 0.650001 0.0227115 -0.104781  0.657599  0.25  0.28  0.65     0 -0.15   0.6    1.16419  -0.677844  -0.250399   -2.56333 -0.0989746    3.09312  -0.336633
 0.24999 0.280029 0.649999 0.0227185 -0.104762  0.657601  0.25  0.28  0.65     0 -0.15   0.6    1.16415  -0.677783  -0.250425   -2.56339 -0.0989758    3.09346  -0.338039
0.249994 0.280027 0.649998 0.0227255 -0.104744  0.657603  0.25  0.28  0.65     0 -0.15   0.6    1.16411  -0.677726  -0.250451   -2.56344 -0.0989735    3.09379  -0.339441
0.249997 0.280025 0.649995 0.0227325 -0.104726  0.657605  0.25  0.28  0.65     0 -0.15   0.6   1.16408  -0.67767 -0.250476  -2.56348 -0.098968   3.09411 -0.340838
0.249999 0.280023 0.649993 0.0227394 -0.104709  0.657607  0.25  0.28  0.65     0 -0.15   0.6    1.16404  -0.677617  -0.250501   -2.56353 -0.0989591    3.09442   -0.34223
0.250001 0.280023 0.649991 0.0227462 -0.104692  0.657609  0.25  0.28  0.65     0 -0.15   0.6     1.164 -0.677566 -0.250525  -2.56358 -0.098947   3.09472 -0.343617
0.250003 0.280022 0.649989 0.0227529 -0.104676   0.65761  0.25  0.28  0.65     0 -0.15   0.6    1.16397  -0.677517  -0.250548   -2.56363 -0.0989317    3.09501     -0.345
0.250005 0.280021 0.649988 0.0227592 -0.104661  0.657612  0.25  0.28  0.65     0 -0.15   0.6    1.16394   -0.67747  -0.250571   -2.56367 -0.0989132     3.0953  -0.346377
0.250006  0.28002 0.649987 0.0227654 -0.104646  0.657613  0.25  0.28  0.65     0 -0.15   0.6     1.1639  -0.677425  -0.250594   -2.56371 -0.0988915    3.09557   -0.34775
0.250007  0.28002 0.649987 0.0227712 -0.104632  0.657615  0.25  0.28  0.65     0 -0.15   0.6    1.16387  -0.677382  -0.250615   -2.56376 -0.0988668    3.09583  -0.349117
0.250008 0.280019 0.649987 0.0227769 -0.104619  0.657616  0.25  0.28  0.65     0 -0.15   0.6   1.16384 -0.677341 -0.250637   -2.5638 -0.098839   3.09609  -0.35048
0.250008 0.280018 0.649988 0.0227822 -0.104607  0.657617  0.25  0.28  0.65     0 -0.15   0.6    1.16381  -0.677301  -0.250658   -2.56384 -0.0988083    3.09634  -0.351839
0.250009 0.280017 0.649989 0.0227872 -0.104595  0.657618  0.25  0.28  0.65     0 -0.15   0.6    1.16378  -0.677263  -0.250678   -2.56388 -0.0987747    3.09658  -0.353192
0.250009 0.280015  0.64999 0.0227919 -0.104583  0.657619  0.25  0.28  0.65     0 -0.15   0.6    1.16376  -0.677226  -0.250698   -2.56392 -0.0987382    3.09681  -0.354541
 0.25001 0.280014 0.649991 0.0227965 -0.104573   0.65762  0.25  0.28  0.65     0 -0.15   0.6   1.16373 -0.677191 -0.250718  -2.56396 -0.098699   3.09704 -0.355885
0.250011 0.280013 0.649993 0.0228008 -0.104562   0.65762  0.25  0.28  0.65     0 -0.15   0.6     1.1637  -0.677157  -0.250737     -2.564 -0.0986571    3.09726  -0.357225
0.250011 0.280011 0.649994 0.0228049 -0.104552  0.657621  0.25  0.28  0.65     0 -0.15   0.6    1.16368  -0.677124  -0.250756   -2.56404 -0.0986125    3.09747   -0.35856
0.250012  0.28001 0.649995 0.0228089 -0.104543  0.657621  0.25  0.28  0.65     0 -0.15   0.6    1.16365  -0.677092  -0.250775   -2.56408 -0.0985653    3.09767   -0.35989
0.250013 0.280009 0.649995 0.0228127 -0.104534  0.657622  0.25  0.28  0.65     0 -0.15   0.6    1.16363  -0.677062  -0.250793   -2.56412 -0.0985156    3.09787  -0.361216
0.250014 0.280008 0.649996 0.0228164 -0.104525  0.657622  0.25  0.28  0.65     0 -0.15   0.6    1.16361  -0.677033   -0.25081   -2.56415 -0.0984634    3.09806  -0.362537
0.250015 0.280007 0.649997   0.02282 -0.104516  0.657622  0.25  0.28  0.65     0 -0.15   0.6    1.16359  -0.677006  -0.250828   -2.56419 -0.0984087    3.09825  -0.363854
0.250015 0.280006 0.649997 0.0228234 -0.104508  0.657623  0.25  0.28  0.65     0 -0.15   0.6    1.16357  -0.676979  -0.250845   -2.56423 -0.0983517    3.09843  -0.365166
0.250016 0.280005 0.649996 0.0228268 -0.104499  0.657623  0.25  0.28  0.65     0 -0.15   0.6    1.16355  -0.676954  -0.250862   -2.56426 -0.0982924     3.0986  -0.366474
0.250017 0.280004 0.649996 0.0228301 -0.104491  0.657623  0.25  0.28  0.65     0 -0.15   0.6    1.16353   -0.67693  -0.250878    -2.5643 -0.0982308    3.09877  -0.367777
0.250018 0.280004 0.649996 0.0228333 -0.104484  0.657623  0.25  0.28  0.65     0 -0.15   0.6   1.16351 -0.676907 -0.250894  -2.56433 -0.098167   3.09893 -0.369076
0.250018 0.280004 0.649995 0.0228365 -0.104477  0.657623  0.25  0.28  0.65     0 -0.15   0.6    1.16349  -0.676886   -0.25091   -2.56437 -0.0981009    3.09908  -0.370371
0.250019 0.280004 0.649994 0.0228396 -0.104469  0.657623  0.25  0.28  0.65     0 -0.15   0.6    1.16347  -0.676866  -0.250925    -2.5644 -0.0980328    3.09924  -0.371661
 0.25002 0.280003 0.649993 0.0228425 -0.104463  0.657623  0.25  0.28  0.65     0 -0.15   0.6    1.16346  -0.676846   -0.25094   -2.56443 -0.0979625    3.09938  -0.372947
 0.25002 0.280003 0.649993 0.0228453 -0.104456  0.657623  0.25  0.28  0.65     0 -0.15   0.6    1.16344  -0.676828  -0.250955   -2.56447 -0.0978901    3.09953  -0.374228
 0.25002 0.280004 0.649992 0.0228481  -0.10445  0.657623  0.25  0.28  0.65     0 -0.15   0.6    1.16342  -0.676811  -0.250969    -2.5645 -0.0978157    3.09966  -0.375505
 0.25002 0.280004 0.649991 0.0228507 -0.104444  0.657622  0.25  0.28  0.65     0 -0.15   0.6    1.16341  -0.676795  -0.250984   -2.56453 -0.0977393    3.09979  -0.376778
 0.25002 0.280004 0.649991 0.0228532 -0.104439  0.657622  0.25  0.28  0.65     0 -0.15   0.6   1.16339  -0.67678 -0.250997  -2.56456 -0.097661   3.09992 -0.378047
 0.25002 0.280004 0.649991 0.0228556 -0.104434  0.657622  0.25  0.28  0.65     0 -0.15   0.6    1.16338  -0.676766  -0.251011   -2.56459 -0.0975807    3.10005  -0.379311
 0.25002 0.280004  0.64999 0.0228578 -0.104429  0.657621  0.25  0.28  0.65     0 -0.15   0.6    1.16337  -0.676753  -0.251024   -2.56462 -0.0974985    3.10017  -0.380571
 0.25002 0.280004 0.649991   0.02286 -0.104424  0.657621  0.25  0.28  0.65     0 -0.15   0.6    1.16335   -0.67674  -0.251037   -2.56465 -0.0974145    3.10028  -0.381827
 0.25002 0.280004 0.649991 0.022862 -0.10442  0.65762  0.25  0.28  0.65     0 -0.15   0.6    1.16334  -0.676729   -0.25105   -2.56468 -0.0973287    3.10039  -0.383079
0.250019 0.280004 0.649991 0.0228639 -0.104416   0.65762  0.25  0.28  0.65     0 -0.15   0.6   1.16333 -0.676718 -0.251062  -2.56471 -0.097241    3.1005 -0.384326
0.250019 0.280004 0.649992 0.0228657 -0.104412  0.657619  0.25  0.28  0.65     0 -0.15   0.6    1.16331  -0.676708  -0.251075   -2.56473 -0.0971517    3.10061   -0.38557
0.250019 0.280004 0.649992 0.0228674 -0.104409  0.657618  0.25  0.28  0.65     0 -0.15   0.6     1.1633  -0.676698  -0.251087   -2.56476 -0.0970606    3.10071  -0.386809
0.250019 0.280004 0.649993  0.022869 -0.104405  0.657618  0.25  0.28  0.65     0 -0.15   0.6    1.16329  -0.676689  -0.251098   -2.56479 -0.0969679     3.1008  -0.388044
0.250018 0.280004 0.649993 0.0228705 -0.104402  0.657617  0.25  0.28  0.65     0 -0.15   0.6    1.16328  -0.676681   -0.25111   -2.56482 -0.0968735     3.1009  -0.389275
0.250018 0.280004 0.649994 0.0228719 -0.104399  0.657616  0.25  0.28  0.65     0 -0.15   0.6    1.16327  -0.676674  -0.251121   -2.56484 -0.0967776    3.10099  -0.390502
0.250018 0.280003 0.649994 0.0228732 -0.104397  0.657615  0.25  0.28  0.65     0 -0.15   0.6    1.16326  -0.676667  -0.251132   -2.56487 -0.0966801    3.10107  -0.391725
0.250018 0.280003 0.649994 0.0228745 -0.104394  0.657614  0.25  0.28  0.65     0 -0.15   0.6    1.16325   -0.67666  -0.251143    -2.5649 -0.0965811    3.10116  -0.392944
0.250017 0.280003 0.649994 0.0228757 -0.104392  0.657614  0.25  0.28  0.65     0 -0.15   0.6    1.16324  -0.676655  -0.251154   -2.56492 -0.0964806    3.10124  -0.394159
0.250017 0.280003 0.649995 0.0228768 -0.104389  0.657613  0.25  0.28  0.65     0 -0.15   0.6    1.16323  -0.676649  -0.251164   -2.56495 -0.0963786    3.10132  -0.395369
0.250017 0.280003 0.649995 0.0228779 -0.104387  0.657612  0.25  0.28  0.65     0 -0.15   0.6    1.16322  -0.676645  -0.251174   -2.56497 -0.0962752    3.10139  -0.396576
0.250017 0.280003 0.649994  0.022879 -0.104385  0.657611  0.25  0.28  0.65     0 -0.15   0.6    1.16321  -0.676641  -0.251184     -2.565 -0.0961705    3.10147  -0.397779
0.250017 0.280003 0.649994 0.0228799 -0.104383   0.65761  0.25  0.28  0.65     0 -0.15   0.6     1.1632  -0.676637  -0.251194   -2.56502 -0.0960644    3.10154  -0.398978
0.250018 0.280003 0.649994 0.0228808 -0.104382  0.657609  0.25  0.28  0.65     0 -0.15   0.6   1.16319 -0.676635 -0.251203  -2.56505 -0.095957    3.1016 -0.400173
0.250017 0.280003 0.649994 0.0228816  -0.10438  0.657608  0.25  0.28  0.65     0 -0.15   0.6    1.16318  -0.676632  -0.251213   -2.56507 -0.0958484    3.10167  -0.401364
0.250018 0.280003 0.649994 0.0228824 -0.104379  0.657607  0.25  0.28  0.65     0 -0.15   0.6    1.16317   -0.67663  -0.251222    -2.5651 -0.0957384    3.10173  -0.402551
0.250018 0.280003 0.649994 0.0228831 -0.104377  0.657606  0.25  0.28  0.65     0 -0.15   0.6    1.16317  -0.676629  -0.251231   -2.56512 -0.0956273    3.10179  -0.403734
0.250018 0.280003 0.649994 0.0228837 -0.104376  0.657605  0.25  0.28  0.65     0 -0.15   0.6   1.16316 -0.676628  -0.25124  -2.56514 -0.095515   3.10185 -0.404914
0.250018 0.280003 0.649993 0.0228843 -0.104375  0.657604  0.25  0.28  0.65     0 -0.15   0.6    1.16315  -0.676628  -0.251248   -2.56517 -0.0954015     3.1019  -0.406089
0.250018 0.280003 0.649993 0.0228849 -0.104374  0.657603  0.25  0.28  0.65     0 -0.15   0.6    1.16315  -0.676628  -0.251257   -2.56519 -0.0952869    3.10196  -0.407261
0.250018 0.280003 0.649993 0.0228854 -0.104374  0.657601  0.25  0.28  0.65     0 -0.15   0.6    1.16314  -0.676628  -0.251265   -2.56521 -0.0951712    3.10201  -0.408429
0.250018 0.280003 0.649993 0.0228858 -0.104373    0.6576  0.25  0.28  0.65     0 -0.15   0.6    1.16313  -0.676629  -0.251273   -2.56523 -0.0950543    3.10206  -0.409593
0.250018 0.280003 0.649993 0.0228862 -0.104372  0.657599  0.25  0.28  0.65     0 -0.15   0.6    1.16313   -0.67663  -0.251281   -2.56526 -0.0949365    3.10211  -0.410753
0.250018 0.280003 0.649993 0.0228865 -0.104372  0.657598  0.25  0.28  0.65     0 -0.15   0.6    1.16312  -0.676632  -0.251289   -2.56528 -0.0948176    3.10215   -0.41191
0.250018 0.280003 0.649993 0.0228868 -0.104372  0.657597  0.25  0.28  0.65     0 -0.15   0.6    1.16312  -0.676634  -0.251297    -2.5653 -0.0946977    3.10219  -0.413063
0.250018 0.280003 0.649993  0.022887 -0.104371  0.657595  0.25  0.28  0.65     0 -0.15   0.6    1.16311  -0.676636  -0.251304   -2.56532 -0.0945768    3.10224  -0.414212
0.250018 0.280003 0.649993 0.0228873 -0.104371  0.657594  0.25  0.28  0.65     0 -0.15   0.6    1.16311  -0.676639  -0.251311   -2.56534 -0.0944549    3.10228  -0.415357
0.250017 0.280003 0.649993 0.0228875 -0.104371  0.657593  0.25  0.28  0.65     0 -0.15   0.6     1.1631  -0.676642  -0.251318   -2.56536 -0.0943321    3.10232  -0.416499
0.250017 0.280003 0.649994 0.0228876 -0.104372  0.657592  0.25  0.28  0.65     0 -0.15   0.6     1.1631  -0.676645  -0.251325   -2.56538 -0.0942084    3.10235  -0.417637
0.250017 0.280003 0.649994 0.0228877 -0.104372   0.65759  0.25  0.28  0.65     0 -0.15   0.6    1.16309  -0.676649  -0.251332    -2.5654 -0.0940838    3.10239  -0.418771
0.250017 0.280003 0.649994 0.0228878 -0.104372  0.657589  0.25  0.28  0.65     0 -0.15   0.6    1.16309  -0.676652  -0.251339   -2.56543 -0.0939583    3.10242  -0.419901
0.250017 0.280003 0.649994 0.0228879 -0.104372  0.657588  0.25  0.28  0.65     0 -0.15   0.6   1.16309 -0.676657 -0.251345  -2.56545 -0.093832   3.10246 -0.421028
0.250017 0.280003 0.649994 0.0228879 -0.104373  0.657586  0.25  0.28  0.65     0 -0.15   0.6    1.16308  -0.676661  -0.251352   -2.56547 -0.0937049    3.10249  -0.422152
0.250016 0.280003 0.649994 0.0228879 -0.104373  0.657585  0.25  0.28  0.65     0 -0.15   0.6    1.16308  -0.676666  -0.251358   -2.56548 -0.0935769    3.10252  -0.423271
0.250016 0.280003 0.649994 0.0228878 -0.104374  0.657584  0.25  0.28  0.65     0 -0.15   0.6    1.16308   -0.67667  -0.251364    -2.5655 -0.0934481    3.10254  -0.424388
0.250016 0.280003 0.649994 0.0228878 -0.104375  0.657583  0.25  0.28  0.65     0 -0.15   0.6    1.16307  -0.676675   -0.25137   -2.56552 -0.0933186    3.10257    -0.4255
0.250016 0.280003 0.649994 0.0228876 -0.104375  0.657581  0.25  0.28  0.65     0 -0.15   0.6    1.16307  -0.676681  -0.251376   -2.56554 -0.0931884     3.1026  -0.426609
0.250016 0.280003 0.649994 0.0228876 -0.104376   0.65758  0.25  0.28  0.65     0 -0.15   0.6    1.16307  -0.676686  -0.251382   -2.56556 -0.0930574    3.10262  -0.427714
0.250016 0.280003 0.649994 0.0228873 -0.104377  0.657578  0.25  0.28  0.65     0 -0.15   0.6    1.16306  -0.676692  -0.251387   -2.56558 -0.0929257    3.10265  -0.428816
0.250016 0.280003 0.649994 0.0228872 -0.104378  0.657577  0.25  0.28  0.65     0 -0.15   0.6    1.16306  -0.676698  -0.251393    -2.5656 -0.0927933    3.10267  -0.429914
0.250016 0.280003 0.649994  0.022887 -0.104379  0.657576  0.25  0.28  0.65     0 -0.15   0.6    1.16306  -0.676704  -0.251398   -2.56562 -0.0926603    3.10269  -0.431009
0.250016 0.280003 0.649994 0.0228868  -0.10438  0.657574  0.25  0.28  0.65     0 -0.15   0.6    1.16306  -0.676711  -0.251403   -2.56564 -0.0925266    3.10271    -0.4321
0.250016 0.280003 0.649994 0.0228865 -0.104381  0.657573  0.25  0.28  0.65     0 -0.15   0.6    1.16306  -0.676717  -0.251408   -2.56565 -0.0923923    3.10273  -0.433188
0.250016 0.280003 0.649994 0.0228862 -0.104382  0.657572  0.25  0.28  0.65     0 -0.15   0.6    1.16305  -0.676724  -0.251413   -2.56567 -0.0922575    3.10275  -0.434273
0.250016 0.280003 0.649994 0.0228859 -0.104383   0.65757  0.25  0.28  0.65     0 -0.15   0.6   1.16305 -0.676731 -0.251418  -2.56569 -0.092122   3.10276 -0.435353
0.250016 0.280003 0.649994 0.0228855 -0.104384  0.657569  0.25  0.28  0.65     0 -0.15   0.6    1.16305  -0.676738  -0.251423   -2.56571 -0.0919859    3.10278  -0.436431
0.250015 0.280003 0.649994 0.0228852 -0.104386  0.657567  0.25  0.28  0.65     0 -0.15   0.6    1.16305  -0.676745  -0.251427   -2.56573 -0.0918493    3.10279  -0.437505
0.250015 0.280003 0.649994 0.0228848 -0.104387  0.657566  0.25  0.28  0.65     0 -0.15   0.6    1.16305  -0.676753  -0.251432   -2.56574 -0.0917122    3.10281  -0.438575
0.250015 0.280003 0.649994 0.0228845 -0.104388  0.657565  0.25  0.28  0.65     0 -0.15   0.6    1.16305   -0.67676  -0.251436   -2.56576 -0.0915745    3.10282  -0.439642
0.250015 0.280003 0.649994 0.022884 -0.10439 0.657563  0.25  0.28  0.65     0 -0.15   0.6    1.16305  -0.676768   -0.25144   -2.56578 -0.0914364    3.10284  -0.440706
0.250015 0.280003 0.649994 0.0228836 -0.104391  0.657562  0.25  0.28  0.65     0 -0.15   0.6    1.16305  -0.676776  -0.251444   -2.56579 -0.0912977    3.10285  -0.441766
0.250015 0.280002 0.649994 0.0228831 -0.104392   0.65756  0.25  0.28  0.65     0 -0.15   0.6    1.16305  -0.676784  -0.251448   -2.56581 -0.0911586    3.10286  -0.442823
