  0.566624 -0.0119924   0.651738   0.125048 -0.0266003   0.698341   0.566624 -0.0119924   0.651738   0.125048 -0.0266003   0.698341  -2.6226e-06   0.00036335  2.38419e-07     -1.57111  1.43051e-06      1.57077 -0.000736773
  0.566618 -0.0119869   0.651738   0.125046 -0.0266026   0.698339   0.566623 -0.0119923   0.651739   0.125048 -0.0266003   0.698341 -2.38419e-06  0.000361681  2.38419e-07     -1.57111  1.43051e-06      1.57077 -0.000733197
    0.5666 -0.0119706   0.651737   0.125039 -0.0266095   0.698334   0.566714 -0.0119827   0.651472   0.125156 -0.0266001   0.698298 -9.53674e-07   0.00062418  2.38419e-07     -1.57135  1.19209e-06      1.57075  -0.00146824
   0.56657 -0.0119434   0.651737   0.125027  -0.026621   0.698325   0.566717 -0.0119699   0.651425   0.125166 -0.0265976   0.698293 7.86781e-06 0.000642538 1.14441e-05    -1.57142 2.07424e-05     1.57071 -0.00145727
  0.566529 -0.0119054   0.651737   0.125011 -0.0266371   0.698312   0.566706 -0.0119473   0.651403   0.125154 -0.0265949   0.698295 1.78814e-05 0.000597954 2.28882e-05     -1.5715 4.26769e-05     1.57063 -0.00217849
  0.566476 -0.0118567   0.651737    0.12499 -0.0266577   0.698295   0.56668 -0.011916  0.651387  0.125139 -0.026589  0.698299 3.91006e-05 0.000543356 4.91142e-05    -1.57157 0.000101566     1.57052 -0.00215656
  0.566412 -0.0117973   0.651736   0.124965 -0.0266828   0.698275   0.566648 -0.0118746    0.65137   0.125115 -0.0265829   0.698306 6.10352e-05 0.000459671 7.55787e-05    -1.57167 0.000170946     1.57034 -0.00286323
  0.566336 -0.0117273   0.651736   0.124935 -0.0267123   0.698252   0.566603 -0.0118243   0.651353   0.125088 -0.0265738   0.698313 9.34601e-05  0.00036788  0.00011611    -1.57176 0.000289679     1.57013 -0.00282842
  0.566249 -0.0116467   0.651736     0.1249 -0.0267464   0.698225   0.566551 -0.0117642   0.651336   0.125052 -0.0265648   0.698323 0.000125885 0.000251055 0.000155926    -1.57187 0.000426292     1.56983 -0.00351983
   0.56615 -0.0115556   0.651735   0.124861 -0.0267849   0.698194   0.566486 -0.0116948    0.65132   0.125014 -0.0265528   0.698334 0.000168562 0.000123739 0.000208855    -1.57198 0.000624418     1.56951 -0.00347072
   0.56604  -0.011454   0.651734   0.124818 -0.0268278    0.69816   0.566413 -0.0116155   0.651305   0.124967 -0.0265411   0.698348  0.000211239 -2.57492e-05  0.000260353     -1.57209  0.000848055      1.56907   -0.0041464
  0.565918 -0.0113421   0.651734    0.12477 -0.0268751   0.698122   0.566327 -0.0115275   0.651292   0.124917 -0.0265267   0.698364  0.000263453 -0.000187635  0.000323296     -1.57221   0.00114441      1.56862  -0.00408226
  0.565786 -0.0112198   0.651733   0.124718 -0.0269268   0.698081   0.566232 -0.0114289   0.651281   0.124859 -0.0265125   0.698382  0.000316143 -0.000368834  0.000384092     -1.57232   0.00147414      1.56804  -0.00474268
  0.565642 -0.0110872   0.651732   0.124661 -0.0269828   0.698036   0.566124 -0.0113217   0.651272  0.124797 -0.026496  0.698401   0.00037837 -0.000563622  0.000454664     -1.57243   0.00188708      1.56745  -0.00466329
  0.565487 -0.0109444   0.651731     0.1246 -0.0270432   0.697988   0.566007 -0.0112041   0.651265   0.124728 -0.0264798   0.698423  0.000441074 -0.000775337  0.000521898     -1.57253   0.00234103      1.56672  -0.00530821
  0.565321 -0.0107913    0.65173   0.124534 -0.0271079   0.697937   0.565877 -0.0110776    0.65126   0.124655 -0.0264613   0.698447 0.000513792 -0.00100064 0.000597239    -1.57264  0.00288868     1.56598  -0.0052138
  0.565144 -0.0106282   0.651729   0.124464 -0.0271768   0.697882   0.565738 -0.0109413   0.651257   0.124575 -0.0264435   0.698473 0.000586987 -0.00124025 0.000666857    -1.57273   0.0034852     1.56508 -0.00584418
 0.564957 -0.010455  0.651728   0.12439  -0.02725  0.697823   0.565587 -0.0107958   0.651256   0.124492 -0.0264236     0.6985 0.000670671 -0.00149369 0.000743151    -1.57282   0.0041852     1.56419 -0.00573522
  0.564758 -0.0102718   0.651727   0.124312 -0.0273275   0.697762   0.565426 -0.0106403   0.651255   0.124403 -0.0264045    0.69853 0.000755787 -0.00175858 0.000812054     -1.5729  0.00494194     1.56312 -0.00635201
  0.564548 -0.0100786   0.651726   0.124229 -0.0274091   0.697697   0.565253 -0.0104761   0.651256    0.12431 -0.0263835   0.698561 0.000851393 -0.00203681 0.000885248    -1.57298  0.00581169     1.56207 -0.00622946
   0.564328 -0.00987545    0.651725    0.124142  -0.0274949    0.697628   0.565071 -0.0103022   0.651257   0.124212 -0.0263635   0.698594 0.000949144  -0.0023241 0.000948429    -1.57304  0.00674605     1.56082 -0.00683337
   0.564097 -0.00966249    0.651724    0.124051  -0.0275849    0.697556   0.564877 -0.0101196   0.651259    0.12411 -0.0263419   0.698629  0.00105786  -0.0026238  0.00101399    -1.57311  0.00780249      1.5596 -0.00669795
   0.563856 -0.00943972    0.651722    0.123955  -0.0276791    0.697481    0.564674 -0.00992713    0.651259   0.124004 -0.0263215   0.698665  0.00116968 -0.00293016   0.0010674    -1.57315  0.00893188     1.55818 -0.00729042
   0.563604 -0.00920721    0.651721    0.123856  -0.0277774    0.697403     0.56446 -0.00972633    0.651261   0.123895 -0.0262997   0.698702  0.00129294 -0.00324845  0.00112081     -1.5732   0.0101919     1.55678 -0.00714332
   0.563341 -0.00896502     0.65172    0.123752  -0.0278797    0.697321    0.564236 -0.00951595     0.65126   0.123783 -0.0262793   0.698741  0.00141978 -0.00357103  0.00115943    -1.57322   0.0115333     1.55519 -0.00772601
   0.563068 -0.00871318    0.651718    0.123644  -0.0279861    0.697237    0.564002 -0.00929741    0.651259   0.123667 -0.0262578   0.698781  0.00155902 -0.00390506  0.00119543    -1.57326   0.0130134     1.55361 -0.00756842
   0.562784 -0.00845177    0.651717    0.123532  -0.0280966    0.697149    0.563759 -0.00906934    0.651256   0.123548 -0.0262379   0.698822  0.00170255  -0.0042417  0.00121427    -1.57326   0.0145829     1.55183 -0.00814301
   0.562491 -0.00818082    0.651715    0.123416  -0.0282111    0.697057    0.563505 -0.00883318    0.651252  0.123426 -0.026217  0.698865  0.00185943 -0.00458884  0.00122786    -1.57328   0.0163002     1.55008 -0.00797635
   0.562186 -0.00790041    0.651713    0.123296  -0.0283296    0.696963    0.563242 -0.00858782    0.651245   0.123302 -0.0261981   0.698908  0.00202107 -0.00493741  0.00122166    -1.57326   0.0181143     1.54811  -0.0085445
   0.561872 -0.00761058    0.651711    0.123172  -0.0284521    0.696865   0.562969 -0.0083343   0.651238   0.123175 -0.0261784   0.698953   0.0021975 -0.00529647  0.00120735    -1.57326   0.0200849     1.54618 -0.00837046
   0.561548 -0.00731139     0.65171    0.123044  -0.0285785    0.696765    0.562686 -0.00807167    0.651227   0.123045 -0.0261609   0.698999  0.00237918 -0.00565553  0.00117087    -1.57322   0.0221603     1.54403 -0.00893384
   0.561213 -0.00700289    0.651708    0.122912  -0.0287089    0.696661    0.562394 -0.00780112    0.651217   0.122913 -0.0261429   0.699045  0.00257683 -0.00602508  0.00112319    -1.57319   0.0243998     1.54191 -0.00875407
   0.560869 -0.00668514    0.651706    0.122776  -0.0288432    0.696554    0.562092 -0.00752161    0.651203   0.122778 -0.0261274   0.699093  0.00278044 -0.00639391  0.00105047    -1.57313   0.0267525     1.53958 -0.00931484
   0.560514 -0.00635819    0.651704    0.122636  -0.0289814    0.696444     0.56178 -0.00723435    0.651189    0.12264 -0.0261116   0.699142  0.00300145 -0.00677347 0.000963211    -1.57308   0.0292773     1.53727 -0.00913125
   0.56015 -0.0060221   0.651702   0.122492 -0.0291234    0.69633    0.561458 -0.00693786    0.651173     0.1225 -0.0260985   0.699192  0.00322938  -0.0071516 0.000848532    -1.57299   0.0319233     1.53475 -0.00969106
   0.559775 -0.00567692      0.6517    0.122344  -0.0292693    0.696214    0.561126 -0.00663368    0.651157   0.122357 -0.0260853   0.699242  0.00347662 -0.00754046 0.000715733    -1.57292   0.0347488     1.53226 -0.00950557
  0.559391 -0.0053227   0.651698   0.122192  -0.029419   0.696095    0.560785 -0.00632043    0.651138   0.122212 -0.0260751   0.699294  0.00373125 -0.00792789 0.000552654    -1.57281   0.0377038     1.52955   -0.010067
   0.558998 -0.00495951    0.651696    0.122037  -0.0295725    0.695972    0.560433 -0.00599966    0.651121   0.122064 -0.0260651   0.699347   0.0040071 -0.00832605 0.000367641    -1.57271   0.0408454     1.52687 -0.00988132
   0.558594 -0.00458739    0.651694    0.121877  -0.0297297    0.695847    0.560071 -0.00566954    0.651102   0.121913 -0.0260584   0.699401  0.00429153 -0.00872278 0.000149488    -1.57257   0.0441246     1.52397  -0.0104471
   0.558181 -0.00420641    0.651691    0.121714  -0.0298908    0.695719      0.5597 -0.00533177    0.651083   0.12176 -0.026052  0.699456   0.00459933  -0.00913024 -9.41753e-05     -1.57245    0.0475976       1.5211   -0.0102635
   0.557758 -0.00381661    0.651689    0.121547  -0.0300555    0.695588    0.559318 -0.00498494    0.651064   0.121604 -0.0260493   0.699512   0.00491667  -0.00953603 -0.000374794     -1.57229    0.0512168      1.51802   -0.0108355
   0.557326 -0.00341805    0.651687    0.121376  -0.0302239    0.695453    0.558925 -0.00463027    0.651046   0.121444 -0.0260471   0.699568  0.00525975 -0.00995278  -0.0006845    -1.57214   0.0550356     1.51496  -0.0106564
   0.556884 -0.00301078    0.651684    0.121202   -0.030396    0.695316    0.558523 -0.00426632    0.651027   0.121283 -0.0260488   0.699627 0.00561357 -0.0103674 -0.0010345   -1.57195  0.0590096    1.51168 -0.0112377
   0.556433 -0.00259486    0.651682    0.121024  -0.0305718    0.695176     0.55811 -0.00389499     0.65101   0.121118 -0.0260515   0.699685  0.00599551  -0.0107934 -0.00141835    -1.57177   0.0631888     1.50844  -0.0110658
   0.555973 -0.00217035    0.651679    0.120842  -0.0307512    0.695033    0.557687 -0.00351406    0.650991   0.120951 -0.0260583   0.699746 0.00638938 -0.0112171 -0.0018456   -1.57156  0.0675311    1.50497 -0.0116585
  0.555503 -0.0017373   0.651677   0.120657 -0.0309342   0.694887    0.557253 -0.00312553    0.650975   0.120781 -0.0260662   0.699806  0.00681448  -0.0116518 -0.00231123    -1.57136   0.0720854     1.50154  -0.0114961
   0.555025 -0.00129576    0.651674    0.120467  -0.0311208    0.694739    0.556809 -0.00272784    0.650958   0.120608 -0.0260787   0.699868  0.00725222  -0.0120838 -0.00282431    -1.57112   0.0768106     1.49789  -0.0121034
    0.554537 -0.000845793     0.651671     0.120275    -0.031311     0.694587    0.556355 -0.00232226    0.650943   0.120433 -0.0260926    0.69993  0.00772429   -0.012527 -0.00338006     -1.5709   0.0817535     1.49427  -0.0119534
     0.55404 -0.000387447     0.651669     0.120078   -0.0315047     0.694433     0.55589 -0.00190753    0.650927   0.120255 -0.0261113   0.699994  0.00821018  -0.0129671 -0.00398707    -1.57064   0.0868747     1.49042  -0.0125781
   0.553534 7.92205e-05    0.651666    0.119879  -0.0317019    0.694275    0.555415 -0.00148516    0.650912   0.120074 -0.0261317   0.700058  0.00873327  -0.0134182 -0.00464177     -1.5704   0.0922189     1.48662  -0.0124431
   0.553019 0.000554155    0.651663    0.119675  -0.0319026    0.694115     0.55493 -0.00105325    0.650897   0.119891 -0.0261574   0.700123  0.00927138  -0.0138657 -0.00535107    -1.57012   0.0977495     1.48258  -0.0130885
  0.552495  0.0010373    0.65166   0.119468 -0.0321068   0.693953     0.554434 -0.000613898     0.650884  0.119705 -0.026185  0.700188  0.00985003  -0.0143242 -0.00611329    -1.56986    0.103507     1.47859  -0.0129715
  0.551962 0.00152861   0.651657   0.119258 -0.0323144   0.693787     0.553929 -0.000165172      0.65087   0.119518 -0.0262181   0.700254   0.0104442  -0.0147786 -0.00693369    -1.56957    0.109459     1.47437  -0.0136407
  0.551421 0.00202801   0.651654   0.119044 -0.0325255   0.693619    0.553413 0.000291142    0.650857   0.119327 -0.0262535   0.700321   0.0110824  -0.0152438 -0.00781202     -1.5693    0.115643      1.4702  -0.0135446
   0.55087 0.00253547   0.651651   0.118827   -0.03274   0.693448    0.552887 0.000756953    0.650843   0.119135 -0.0262949   0.700388   0.0117369  -0.0157049 -0.00875187    -1.56899    0.122027      1.4658  -0.0142408
  0.550311 0.00305092   0.651648   0.118606 -0.0329578   0.693275   0.552351 0.00122999    0.65083    0.11894 -0.0263387   0.700455  0.0124385 -0.0161767 -0.0097549   -1.56872   0.128647    1.46144 -0.0141688
  0.549744 0.00357431   0.651645   0.118382  -0.033179   0.693098   0.551804 0.00171237   0.650816  0.118744 -0.026389  0.700522  0.0131569 -0.0166442  -0.010823   -1.56841   0.135475    1.45686  -0.014895
  0.549168 0.00410558   0.651642   0.118154 -0.0334035   0.692919   0.551248 0.00220209   0.650803   0.118545 -0.0264419    0.70059   0.013926 -0.0171225 -0.0119591   -1.56813   0.142541    1.45232 -0.0148502
  0.548583 0.00464468   0.651639   0.117923 -0.0336313   0.692738   0.550683 0.00270116   0.650789   0.118344 -0.0265017   0.700658  0.0147123 -0.0175962 -0.0131636   -1.56783   0.149822    1.44757 -0.0156098
   0.54799 0.00519155   0.651635   0.117689 -0.0338625   0.692554   0.550107 0.00320739   0.650775   0.118141 -0.0265644   0.700725  0.0155528 -0.0180812  -0.014441   -1.56756   0.157344    1.44285 -0.0155955
  0.547389 0.00574615   0.651632   0.117452 -0.0340968   0.692367   0.549521 0.00372292   0.650761   0.117936 -0.0266343   0.700793  0.0164104 -0.0185616 -0.0157897   -1.56726   0.165086    1.43793 -0.0163916
  0.546779  0.0063084   0.651629   0.117211 -0.0343344   0.692178   0.548926 0.00424531   0.650747   0.117729 -0.0267075   0.700861  0.0173256 -0.0190537 -0.0172167   -1.56701   0.173071    1.43304 -0.0164111
  0.546161 0.00687827   0.651625   0.116967 -0.0345753   0.691986   0.548321 0.00477703   0.650731   0.117521 -0.0267881   0.700929  0.0182581 -0.0195415 -0.0187175   -1.56673   0.181282    1.42795  -0.017247
  0.545535  0.0074557   0.651622    0.11672 -0.0348193   0.691791   0.547706 0.00531587   0.650717    0.11731 -0.0268723   0.700996  0.0192523 -0.0200415 -0.0203011    -1.5665   0.189737     1.4229  -0.017303
  0.544901 0.00804062   0.651618   0.116469 -0.0350665   0.691594   0.547082 0.00586377   0.650701   0.117097 -0.0269643   0.701063  0.0202632 -0.0205376 -0.0219612   -1.56625   0.198423    1.41764 -0.0181823
  0.544258 0.00863299   0.651615   0.116215 -0.0353168   0.691395  0.546448 0.0064185  0.650686   0.116882 -0.0270601   0.701129  0.0213397 -0.0210464 -0.0237091   -1.56605   0.207354    1.41244 -0.0182784
  0.543608 0.00923275   0.651611   0.115959 -0.0355703   0.691193   0.545805 0.00698231    0.65067   0.116666 -0.0271641   0.701195  0.0224326 -0.0215521 -0.0255356   -1.56584    0.21652    1.40702 -0.0192037
   0.54295 0.00983985   0.651608   0.115699 -0.0358269   0.690988   0.545152 0.00755281   0.650654  0.116446 -0.027272  0.701261  0.0235951 -0.0220716 -0.0274546   -1.56568    0.22593    1.40166 -0.0193427
  0.542284  0.0104542   0.651604   0.115435 -0.0360865   0.690781    0.54449 0.00813264   0.650637   0.116226 -0.0273884   0.701326  0.0247741 -0.0225885  -0.029454   -1.56552   0.235579     1.3961 -0.0203176
  0.541609  0.0110758     0.6516   0.115169 -0.0363492   0.690572   0.543818 0.00871881   0.650621   0.116002 -0.0275089    0.70139  0.0260267 -0.0231202 -0.0315506   -1.56542   0.245471     1.3906 -0.0205026
 0.540928 0.0117046  0.651597    0.1149 -0.036615   0.69036   0.543137 0.00931398   0.650604   0.115777 -0.0276383   0.701454  0.0272956 -0.0236504   -0.03373   -1.56532   0.255606    1.38489   -0.02153
  0.540238  0.0123405   0.651593   0.114628 -0.0368837   0.690146  0.542447 0.0099158  0.650588   0.115549 -0.0277719   0.701516  0.0286427 -0.0241964 -0.0360103   -1.56528   0.265981    1.37925 -0.0217639
  0.539541  0.0129835   0.651589   0.114352 -0.0371554   0.689929  0.541748 0.0105265  0.650571   0.115319 -0.0279146   0.701578  0.0300059 -0.0247419 -0.0383751   -1.56526   0.276603    1.37341 -0.0228465
  0.538836  0.0136334   0.651585   0.114074 -0.0374301    0.68971   0.54104 0.0111433  0.650554   0.115086 -0.0280617   0.701638  0.0314522 -0.0253046 -0.0408459    -1.5653   0.287461    1.36763 -0.0231319
  0.538124  0.0142904   0.651581   0.113793 -0.0377077   0.689489  0.540322 0.0117695  0.650537   0.114852 -0.0282181   0.701698  0.0329149 -0.0258679  -0.043402   -1.56536   0.298567    1.36167 -0.0242727
  0.537404  0.0149542   0.651577   0.113508 -0.0379883   0.689266  0.539596 0.0124016  0.650521  0.114614 -0.028379  0.701756   0.034466 -0.0264499 -0.0460684   -1.56551   0.309906    1.35578  -0.024612
  0.536677  0.0156248   0.651573   0.113221 -0.0382717    0.68904   0.53886 0.0130429  0.650504   0.114375 -0.0285494   0.701813  0.0360336 -0.0270338 -0.0488214   -1.56567   0.321494     1.3497 -0.0258136
 0.535942 0.0163023  0.651569  0.112931 -0.038558  0.688812  0.538116 0.0136902  0.650487   0.114131 -0.0287243   0.701869  0.0376956 -0.0276377 -0.0516891   -1.56592   0.333311    1.34369 -0.0262097
    0.5352  0.0169865   0.651565   0.112638 -0.0388471   0.688581  0.537363 0.0143463   0.65047  0.113886 -0.028909  0.701923  0.0393744  -0.028245 -0.0546448   -1.56621   0.345377     1.3375 -0.0274742
  0.534451  0.0176773   0.651561   0.112342 -0.0391391   0.688349  0.536602 0.0150083  0.650454   0.113638 -0.0290981   0.701975  0.0411537 -0.0288739  -0.057719   -1.56659   0.357667     1.3314 -0.0279289
  0.533695  0.0183748   0.651557   0.112043 -0.0394339   0.688114  0.535832 0.0156792  0.650437   0.113387 -0.0292973   0.702026  0.0429509 -0.0295076 -0.0608823   -1.56701   0.370206    1.32512 -0.0292585
  0.532931  0.0190789   0.651553   0.111742 -0.0397314   0.687876 0.535053 0.016356  0.65042   0.113132 -0.0295008   0.702075  0.0448554  -0.030165 -0.0641682   -1.56754   0.382961    1.31892 -0.0297742
  0.532161  0.0197894   0.651548   0.111438 -0.0400317   0.687637  0.534267 0.0170413  0.650403   0.112876 -0.0297145   0.702122  0.0467789 -0.0308287 -0.0675442   -1.56812   0.395966    1.31256 -0.0311709
  0.531383  0.0205065   0.651544    0.11113 -0.0403347   0.687396  0.533472 0.0177325  0.650386   0.112615 -0.0299325   0.702166  0.0488172 -0.0315175 -0.0710471    -1.5688    0.40918    1.30628 -0.0317493
  0.530599  0.0212299    0.65154   0.110821 -0.0406405   0.687152  0.532668 0.0184323  0.650369   0.112352 -0.0301607   0.702209  0.0508761 -0.0322149 -0.0746403   -1.56955   0.422642    1.29984 -0.0332149
  0.529807  0.0219597   0.651536   0.110508 -0.0409489   0.686906  0.531857 0.0191374  0.650352   0.112084 -0.0303933   0.702249  0.0530579 -0.0329392 -0.0783656   -1.57042   0.436304     1.2935 -0.0338574
 0.529009 0.0226958  0.651531  0.110193  -0.04126  0.686658  0.531038 0.0198515  0.650334   0.111815 -0.0306361   0.702287  0.0552626 -0.0336738  -0.082181   -1.57136   0.450214      1.287 -0.0353935
  0.528204  0.0234381   0.651527   0.109875 -0.0415737   0.686408  0.530212 0.0205707  0.650316    0.11154 -0.0308831   0.702323  0.0575991 -0.0344372  -0.086133   -1.57242   0.464315    1.28061 -0.0361016
 0.527393 0.0241866  0.651522  0.109554  -0.04189  0.686156  0.529377 0.0212984  0.650298   0.111264 -0.0311405   0.702356  0.0599604  -0.035213 -0.0901759   -1.57357   0.478662    1.27406 -0.0377091
  0.526574  0.0249413   0.651518   0.109231 -0.0422089   0.685902  0.528535 0.0220316  0.650279   0.110982 -0.0314019   0.702386  0.0624635   -0.03602 -0.0943594   -1.57485   0.493191    1.26762 -0.0384842
   0.52575   0.025702   0.651513   0.108905 -0.0425304   0.685646  0.527686 0.0227713  0.650259   0.110698 -0.0316739   0.702412  0.0649924 -0.0368412  -0.098634   -1.57623   0.507954    1.26104 -0.0401643
  0.524918  0.0264687   0.651509   0.108577 -0.0428545   0.685388  0.526829 0.0235149  0.650238 0.110409 -0.03195 0.702436  0.0676723 -0.0376954  -0.103054   -1.57775   0.522885    1.25457 -0.0410069
  0.52408 0.0272415  0.651504  0.108246 -0.043181  0.685127  0.525966 0.0242657  0.650215   0.110117 -0.0322365   0.702457  0.0703814 -0.0385659  -0.107564   -1.57938   0.538044    1.24796 -0.0427604
  0.523236  0.0280201   0.651499   0.107913 -0.0435101   0.684865  0.525095 0.0250221  0.650192    0.10982 -0.0325266   0.702474  0.0732548 -0.0394721  -0.112224   -1.58115   0.553366    1.24148 -0.0436717
  0.522385  0.0288046   0.651495   0.107577 -0.0438416   0.684601  0.524217 0.0257863  0.650168    0.10952 -0.0328269   0.702488  0.0761616 -0.0403972  -0.116971   -1.58304   0.568911    1.23486 -0.0454996
  0.521528  0.0295949    0.65149   0.107238 -0.0441756   0.684335  0.523333 0.0265561  0.650144   0.109214 -0.0331308   0.702499  0.0792456 -0.0413604  -0.121875   -1.58508   0.584611    1.22838 -0.0464798
 0.520665 0.0303909  0.651485  0.106897 -0.044512  0.684067  0.522441 0.0273334  0.650118   0.108905 -0.0334448   0.702505  0.0823669 -0.0423448  -0.126866   -1.58725   0.600529    1.22177 -0.0483826
  0.519796  0.0311926   0.651481   0.106554 -0.0448508   0.683797  0.521543 0.0281165  0.650093    0.10859 -0.0337625   0.702508  0.0856788   -0.04337   -0.13202   -1.58958   0.616596     1.2153 -0.0494321
  0.51892     0.032  0.651476  0.106208 -0.045192  0.683525  0.520638 0.0289064  0.650066   0.108272 -0.0340903   0.702506  0.0890326 -0.0444188  -0.137261   -1.59205   0.632872     1.2087   -0.05141
  0.518039  0.0328129   0.651471    0.10586 -0.0455356   0.683251  0.519727 0.0297023  0.650039   0.107947 -0.0344217   0.702501  0.0925915  -0.045511  -0.142671   -1.59468   0.649292    1.20225 -0.0525292
  0.517151  0.0336314   0.651466    0.10551 -0.0458815   0.682975 0.518809 0.030505 0.650012   0.107619 -0.0347631   0.702491  0.0961976 -0.0466294  -0.148166   -1.59746   0.665914    1.19569 -0.0545822
  0.516258  0.0344554   0.651461   0.105157 -0.0462297   0.682698  0.517885 0.0313136  0.649983   0.107284 -0.0351082   0.702477   0.100024 -0.0477939  -0.153838   -1.60041   0.682672    1.18928 -0.0557709
  0.515358  0.0352848   0.651456   0.104802 -0.0465802   0.682418  0.516955 0.0321291  0.649954   0.106946 -0.0354632   0.702458   0.103903 -0.0489872  -0.159594   -1.60352   0.699626    1.18276 -0.0578986
 0.514453 0.0361195  0.651451  0.104444 -0.046933  0.682137  0.516018 0.0329501  0.649924     0.1066 -0.0358221   0.702434   0.108018 -0.0502291  -0.165533   -1.60681   0.716708     1.1764 -0.0591565
 0.513542 0.0369595  0.651446  0.104084 -0.047288  0.681854 0.515075 0.033778 0.649894   0.106251 -0.0361909   0.702406   0.112193 -0.0515027  -0.171556   -1.61026   0.733978    1.16994  -0.061359
  0.512626  0.0378049   0.651441   0.103722 -0.0476452    0.68157  0.514126 0.0346114  0.649863   0.105894 -0.0365638   0.702372    0.11662 -0.0528278  -0.177769   -1.61389   0.751368    1.16364 -0.0626855
  0.511703  0.0386554   0.651436   0.103358 -0.0480047   0.681283  0.513171 0.0354514  0.649832   0.105533 -0.0369464   0.702332   0.121114 -0.0541868  -0.184065   -1.61769   0.768939    1.15725 -0.0649617
  0.510776   0.039511   0.651431   0.102992 -0.0483663   0.680995  0.512211 0.0362972    0.6498   0.105165 -0.0373335   0.702288   0.125876 -0.0556004  -0.190558   -1.62168   0.786622    1.15103 -0.0663562
  0.509842  0.0403718   0.651426   0.102623 -0.0487301   0.680705  0.511244 0.0371496  0.649767   0.104793 -0.0377303   0.702237   0.130713 -0.0570507  -0.197132   -1.62584   0.804478    1.14473 -0.0687059
 0.508903 0.0412376  0.651421  0.102252 -0.049096  0.680414  0.510271 0.0380075  0.649734   0.104412 -0.0381318   0.702181   0.135836 -0.0585582   -0.20391    -1.6302   0.822436     1.1386 -0.0701674
  0.507959  0.0421083   0.651416   0.101879 -0.0494639    0.68012  0.509293 0.0388718  0.649701   0.104028 -0.0385433   0.702118    0.14104 -0.0601051  -0.210768   -1.63474    0.84056    1.13239 -0.0725892
  0.50701  0.042984   0.65141  0.101504 -0.049834  0.679825 0.508309 0.039742 0.649666   0.103635 -0.0389598   0.702049   0.146549  -0.061712  -0.217837   -1.63947   0.858776    1.12638 -0.0741168
  0.506055  0.0438646   0.651405   0.101127 -0.0502062   0.679529   0.50732 0.0406185  0.649632   0.103238 -0.0393863   0.701973   0.152146 -0.0633612  -0.224983   -1.64438    0.87715    1.12028  -0.076609
  0.505095    0.04475     0.6514   0.100748 -0.0505803   0.679231 0.506325 0.041501 0.649596   0.102834 -0.0398184   0.701891   0.158066 -0.0650728  -0.232346   -1.64949   0.895606    1.11438 -0.0782014
   0.50413  0.0456401   0.651395   0.100367 -0.0509565   0.678931  0.505325 0.0423897   0.64956   0.102425 -0.0402607   0.701801   0.164082 -0.0668285  -0.239785   -1.65479   0.914211    1.10841 -0.0807624
  0.503159   0.046535   0.651389  0.0999835 -0.0513347   0.678629   0.50432 0.0432844   0.64952  0.102009 -0.040709  0.701704   0.170437 -0.0686483  -0.247446   -1.66029   0.932886    1.10264 -0.0824173
  0.502184  0.0474345   0.651384  0.0995983 -0.0517149   0.678327  0.503309 0.0441847  0.649484  0.101587 -0.041168  0.701599   0.176895 -0.0705168  -0.255179   -1.66597   0.951703    1.09681 -0.0850454
  0.501203  0.0483386   0.651379  0.0992111 -0.0520969   0.678022  0.502292 0.0450927  0.649452   0.101157 -0.0416336   0.701488   0.183712 -0.0724571   -0.26314   -1.67183    0.97058    1.09119 -0.0867606
  0.500218  0.0492472   0.651373   0.098822 -0.0524809   0.677716  0.501271 0.0460069  0.649416 0.100722 -0.04211 0.701367   0.190638 -0.0744452  -0.271167   -1.67789   0.989586    1.08551  -0.089453
  0.499228  0.0501604   0.651368  0.0984309 -0.0528669   0.677408  0.500245 0.0469253  0.649375   0.100281 -0.0425942   0.701239   0.197935 -0.0765026  -0.279428   -1.68414    1.00864    1.08005 -0.0912259
  0.498233   0.051078   0.651362   0.098038 -0.0532546   0.677099  0.499214 0.0478487  0.649337  0.0998357 -0.0430899   0.701102   0.205344 -0.0786128   -0.28775   -1.69058    1.02781    1.07454 -0.0939801
  0.497233  0.0519999   0.651357  0.0976431 -0.0536443   0.676789  0.498179 0.0487783  0.649298  0.0993823 -0.0435941   0.700956   0.213139 -0.0807974  -0.296306    -1.6972    1.04701    1.06925 -0.0958076
  0.496229  0.0529262   0.651351  0.0972464 -0.0540357   0.676477 0.497138 0.049714 0.649262  0.0989247 -0.0441098   0.700802   0.221051 -0.0830369  -0.304914     -1.704    1.06632    1.06391   -0.09862
  0.49522 0.0538568  0.651346 0.0968479 -0.054429  0.676164  0.496093 0.0506563  0.649224 0.0984603 -0.044635  0.700638   0.229363 -0.0853522  -0.313757   -1.71097    1.08565    1.05881  -0.100498
 0.494206 0.0547915   0.65134 0.0964476 -0.054824  0.675849 0.495044 0.051605 0.649185 0.0979932 -0.045172  0.700465   0.237793 -0.0877221  -0.322644   -1.71813    1.10508    1.05366  -0.103365
  0.493188  0.0557305   0.651335  0.0960455 -0.0552208   0.675532  0.493991 0.0525611  0.649142  0.0975206 -0.0457193   0.700282   0.246633 -0.0901692  -0.331764   -1.72546     1.1245    1.04875   -0.10529
  0.492165  0.0566735   0.651329  0.0956416 -0.0556194   0.675215  0.492932 0.0535217   0.64911  0.0970423 -0.0462796   0.700089  0.255589  -0.09268 -0.340916  -1.73294   1.14402    1.0438 -0.108206
  0.491138  0.0576206   0.651323   0.095236 -0.0560196   0.674896  0.491871 0.0544845  0.649091  0.0965566 -0.0468525   0.699889    0.26495 -0.0952713  -0.350296   -1.74054    1.16353     1.0391  -0.110173
  0.490107  0.0585717   0.651318  0.0948287 -0.0564216   0.674576  0.490804 0.0554576  0.649053  0.0960714 -0.0474374   0.699675   0.274433 -0.0979214  -0.359694   -1.74836    1.18311    1.03436  -0.113134
  0.489072  0.0595267   0.651312  0.0944197 -0.0568252   0.674254 0.489733 0.056442 0.649004  0.0955835 -0.0480341   0.699451  0.284336 -0.100652 -0.369309  -1.75632   1.20264   1.02986 -0.115136
  0.488032  0.0604856   0.651306  0.0940091 -0.0572304   0.673931 0.488657 0.057431 0.648961   0.095093 -0.0486444   0.699215  0.294347 -0.103446 -0.378928  -1.76444   1.22223   1.02533 -0.118135
  0.486988  0.0614483   0.651301  0.0935967 -0.0576373   0.673607  0.487579 0.0584251  0.648925  0.0945973 -0.0492693    0.69897  0.304766 -0.106326 -0.388755  -1.77266   1.24177   1.02106 -0.120168
   0.48594  0.0624149   0.651295  0.0931828 -0.0580458   0.673281  0.486496 0.0594233  0.648899  0.0940997 -0.0499082   0.698714  0.315278  -0.10927 -0.398566  -1.78101   1.26137   1.01675 -0.123201
  0.484888  0.0633851   0.651289  0.0927673 -0.0584558   0.672954   0.48541 0.0604278  0.648876  0.0935991 -0.0505622   0.698449  0.326191   -0.1123 -0.408566  -1.78945    1.2809    1.0127 -0.125258
  0.483832   0.064359   0.651283  0.0923502 -0.0588674   0.672626   0.48432 0.0614373  0.648858 0.0930989  -0.05123  0.698171  0.337179 -0.115393 -0.418524  -1.79802   1.30047   1.00861 -0.128315
  0.482772  0.0653365   0.651277  0.0919316 -0.0592805   0.672297  0.483228 0.0624543  0.648839  0.0925981 -0.0519135   0.697883  0.348552  -0.11857  -0.42865  -1.80667   1.31994   1.00479 -0.130388
  0.481708  0.0663176   0.651272  0.0915114 -0.0596951   0.671967  0.482133 0.0634771   0.64882  0.0921001 -0.0526101   0.697582  0.359977 -0.121807 -0.438705  -1.81544   1.33944   1.00092 -0.133462
   0.48064  0.0673022   0.651266  0.0910898 -0.0601112   0.671635  0.481035 0.0645074  0.648798  0.0916039 -0.0533227   0.697271  0.371763 -0.125126   -0.4489  -1.82426   1.35882  0.997302 -0.135543
  0.479569  0.0682903    0.65126  0.0906666 -0.0605288   0.671302  0.479935 0.0655427  0.648777   0.091112 -0.0540479   0.696947   0.38357 -0.128504 -0.458993   -1.8332   1.37822  0.993644 -0.138628
  0.478494  0.0692817   0.651254   0.090242 -0.0609478   0.670969  0.478834 0.0665858  0.648753 0.0906236 -0.054789  0.696612  0.395705 -0.131961 -0.469192  -1.84217   1.39749  0.990235  -0.14071
  0.477415  0.0702765   0.651248   0.089816 -0.0613682   0.670633   0.47773 0.0676328  0.648732  0.0901406 -0.0555418   0.696264  0.407823 -0.135475 -0.479251  -1.85123   1.41677  0.986776 -0.143797
 0.476333 0.0712745  0.651242 0.0893886  -0.06179  0.670297  0.476624 0.0686869  0.648711  0.0896625 -0.0563102   0.695907  0.420226 -0.139066 -0.489379   -1.8603   1.43589  0.983561 -0.145874
  0.475247  0.0722758   0.651236  0.0889598 -0.0622131    0.66996  0.475516 0.0697444  0.648695  0.0891906 -0.0570888   0.695537  0.432569  -0.14271 -0.499325  -1.86944   1.45503  0.980286 -0.148957
  0.474158  0.0732803    0.65123  0.0885296 -0.0626376   0.669622  0.474407 0.0708082  0.648679  0.0887251 -0.0578821   0.695158  0.445149 -0.146429 -0.509296  -1.87857     1.474  0.977245  -0.15102
  0.473065  0.0742879   0.651224  0.0880981 -0.0630634   0.669282  0.473295 0.0718748  0.648668  0.0882668 -0.0586837   0.694766  0.457619 -0.150198 -0.519042  -1.88775   1.49297  0.974136 -0.154092
  0.471969  0.0752985   0.651218  0.0876653 -0.0634905   0.668942  0.472182 0.0729471  0.648658  0.0878163 -0.0594982   0.694366  0.470271 -0.154035 -0.528764  -1.89691   1.51177  0.971248 -0.156136
   0.47087  0.0763122   0.651212  0.0872312 -0.0639189   0.668601  0.471066 0.0740215  0.648652  0.0873738 -0.0603183   0.693955  0.482761 -0.157917 -0.538216  -1.90611   1.53057  0.968281 -0.159191
  0.469768  0.0773288   0.651206  0.0867958 -0.0643486   0.668258  0.469949 0.0751012  0.648647  0.0869403 -0.0611491   0.693535  0.495371 -0.161862 -0.547595  -1.91526   1.54919  0.965523 -0.161212
  0.468662  0.0783483     0.6512  0.0863592 -0.0647794   0.667915  0.468828 0.0761821  0.648646  0.0865153 -0.0619822   0.693105  0.507767 -0.165845 -0.556658  -1.92445    1.5678  0.962675 -0.164246
  0.467554  0.0793707   0.651194  0.0859213 -0.0652115   0.667571  0.467707 0.0772675  0.648645     0.0861 -0.0628231   0.692667  0.520221 -0.169883 -0.565598  -1.93357   1.58623  0.960023 -0.166239
  0.466442  0.0803958   0.651188  0.0854823 -0.0656447   0.667225 0.466583 0.078353 0.648648  0.0856931 -0.0636629    0.69222  0.532407 -0.173954 -0.574179  -1.94273   1.60466  0.957272  -0.16925
  0.465327  0.0814237   0.651182  0.0850421 -0.0660791   0.666879  0.465457 0.0794422   0.64865 0.0852961 -0.064507  0.691767  0.544587 -0.178071 -0.582588  -1.95181    1.6229  0.954704 -0.171213
   0.46421  0.0824543   0.651176  0.0846008 -0.0665147   0.666532  0.464328 0.0805306  0.648657  0.0849068 -0.0653461   0.691306  0.556453 -0.182215   -0.5906  -1.96092   1.64115  0.952029   -0.1742
  0.463089  0.0834875   0.651169  0.0841583 -0.0669513   0.666184 0.463198 0.081622 0.648662 0.0845271 -0.066186   0.69084  0.568254 -0.186396 -0.598396  -1.96993   1.65921  0.949527 -0.176134
  0.461966  0.0845233   0.651163  0.0837147 -0.0673891   0.665835  0.462064 0.0827117  0.648672  0.0841538 -0.0670171   0.690366  0.579699 -0.190598 -0.605764  -1.97898   1.67728  0.946913 -0.179098
   0.46084  0.0855616   0.651157    0.08327 -0.0678278   0.665486  0.460928 0.0838036  0.648679  0.0837892 -0.0678453    0.68989  0.591027  -0.19483 -0.612876  -1.98792   1.69517  0.944463 -0.181004
  0.459712  0.0866023   0.651151  0.0828243 -0.0682677   0.665135  0.459788 0.0848929  0.648691  0.0834294 -0.0686613   0.689407  0.601969 -0.199076  -0.61954   -1.9969   1.71308  0.941901 -0.183948
  0.458581  0.0876455   0.651145  0.0823776 -0.0687085   0.664784  0.458646 0.0859838  0.648699 0.0830768 -0.069471  0.688922   0.61275 -0.203346 -0.625918  -2.00577   1.73081  0.939497 -0.185831
  0.457447   0.088691   0.651138  0.0819298 -0.0691504   0.664432  0.457499 0.0870714  0.648712   0.082727 -0.0702655   0.688433  0.623127 -0.207627 -0.631836  -2.01468   1.74856  0.936985 -0.188758
  0.456311  0.0897389   0.651132  0.0814811 -0.0695932   0.664079  0.456351 0.0881605   0.64872  0.0823827 -0.0710507   0.687944  0.633311 -0.211925 -0.637448  -2.02348   1.76615   0.93463 -0.190623
 0.455172 0.0907889  0.651126 0.0810314 -0.070037  0.663725  0.455198 0.0892455  0.648732   0.082039 -0.0718186    0.68745  0.643086 -0.216232   -0.6426  -2.03231   1.78376  0.932173 -0.193539
  0.454031  0.0918412    0.65112  0.0805807 -0.0704817   0.663371  0.454042 0.0903314  0.648739  0.0816988 -0.0725749   0.686958  0.652648 -0.220551 -0.647437  -2.04104   1.80121  0.929875 -0.195391
  0.452888  0.0928956   0.651113  0.0801292 -0.0709273   0.663016  0.452881 0.0914134  0.648749  0.0813571 -0.0733125   0.686463  0.661809 -0.224877 -0.651822   -2.0498   1.81869  0.927485 -0.198303
  0.451742  0.0939521   0.651107  0.0796767 -0.0713738    0.66266  0.451718 0.0924961  0.648755 0.0810169 -0.074037   0.68597   0.67075 -0.229213 -0.655894  -2.05846   1.83602   0.92526 -0.200149
  0.450594  0.0950106   0.651101  0.0792234 -0.0718211   0.662303   0.45055 0.0935743  0.648764  0.0806731 -0.0747424   0.685476  0.679309 -0.233557 -0.659533  -2.06714   1.85338  0.922956 -0.203063
  0.449444   0.096071   0.651095  0.0787693 -0.0722693   0.661946  0.449379 0.0946534  0.648768  0.0803291 -0.0754341   0.684984  0.687652  -0.23791 -0.662869  -2.07572   1.87059  0.920823 -0.204909
  0.448292  0.0971334   0.651088  0.0783143 -0.0727183   0.661588 0.448204 0.095728 0.648774  0.0799799 -0.0761069   0.684491   0.69564 -0.242271   -0.6658  -2.08434   1.88785  0.918625 -0.207831
 0.447138 0.0981977  0.651082 0.0778585 -0.073168   0.66123  0.447026 0.0968033  0.648776  0.0796289 -0.0767661   0.684003  0.703425  -0.24664 -0.668444  -2.09284   1.90494  0.916608 -0.209683
  0.445982  0.0992637   0.651076   0.077402 -0.0736185   0.660871  0.445843 0.0978742   0.64878  0.0792713 -0.0774075   0.683513  0.710891 -0.251022 -0.670716  -2.10137   1.92208  0.914539 -0.212618
  0.444825   0.100332   0.651069  0.0769447 -0.0740698   0.660511  0.444658 0.0989458   0.64878  0.078911 -0.078036  0.683028  0.718172 -0.255411 -0.672724  -2.10979   1.93907   0.91266 -0.214482
  0.443665   0.101401   0.651063  0.0764866 -0.0745218   0.660151 0.443468 0.100013 0.648783  0.0785434 -0.0786481   0.682543  0.725174 -0.259814 -0.674395  -2.11824    1.9561  0.910743 -0.217434
  0.442503   0.102472   0.651056  0.0760279 -0.0749745    0.65979 0.442276 0.101082 0.648781  0.0781723 -0.0792484   0.682062  0.732014 -0.264226 -0.675829  -2.12656   1.97297  0.909024 -0.219313
   0.44134   0.103545    0.65105  0.0755685 -0.0754278   0.659429 0.441081 0.102147 0.648782  0.0777936 -0.0798343   0.681581  0.738615 -0.268655 -0.676962  -2.13491   1.98987  0.907281 -0.222286
  0.440175   0.104619   0.651044  0.0751084 -0.0758818   0.659067 0.439883 0.103213 0.648779  0.0774112 -0.0804099   0.681106  0.745079 -0.273092 -0.677885  -2.14313   2.00662  0.905742 -0.224183
  0.439009   0.105695   0.651037  0.0746477 -0.0763365   0.658705 0.438682 0.104275 0.648779 0.0770211 -0.080973   0.68063  0.751343  -0.27755 -0.678544  -2.15137   2.02339  0.904189 -0.227178
  0.437841   0.106772   0.651031  0.0741864 -0.0767917   0.658342 0.437479 0.105339 0.648775  0.0766275 -0.0815274    0.68016  0.757494 -0.282015  -0.67902  -2.15948      2.04  0.902847 -0.229096
  0.436671   0.107851   0.651024  0.0737245 -0.0772475   0.657979 0.436273   0.1064 0.648774  0.0762266 -0.0820714   0.679689  0.763481 -0.286503 -0.679265  -2.16759   2.05663  0.901501 -0.232113
    0.4355    0.10893   0.651018  0.0732621 -0.0777038   0.657615 0.435066 0.107462 0.648769  0.0758224 -0.0826084   0.679224  0.769377 -0.290998 -0.679354  -2.17558   2.07309   0.90037 -0.234051
  0.434328   0.110012   0.651012  0.0727991 -0.0781607   0.657251 0.433857 0.108521 0.648767  0.0754114 -0.0831367   0.678759  0.775142 -0.295518 -0.679241  -2.18355   2.08956  0.899242  -0.23709
  0.433154   0.111094   0.651005  0.0723356 -0.0786181   0.656886 0.432646 0.109582 0.648761  0.0749979 -0.0836596     0.6783  0.780834 -0.300044 -0.678995   -2.1914   2.10586  0.898331 -0.239047
 0.431979  0.112177  0.650999 0.0718716 -0.079076  0.656522 0.431434  0.11064 0.648758  0.0745783 -0.0841757    0.67784  0.786422 -0.304594 -0.678574  -2.19923   2.12215   0.89743 -0.242108
  0.430803   0.113262   0.650992  0.0714071 -0.0795344   0.656156  0.43022 0.111701 0.648751  0.0741566 -0.0846877   0.677386  0.791953  -0.30915 -0.678041  -2.20691   2.13826  0.896747 -0.244084
  0.429626   0.114348   0.650986  0.0709422 -0.0799932   0.655791 0.429005 0.112759 0.648748  0.0737298 -0.0851942   0.676932  0.797402  -0.31373 -0.677354  -2.21458   2.15436  0.896077 -0.247164
  0.428448   0.115434   0.650979  0.0704768 -0.0804524   0.655425 0.427789  0.11382  0.64874  0.0733014 -0.0856979   0.676483  0.802805 -0.318314 -0.676572  -2.22211   2.17028  0.895627 -0.249156
 0.427269  0.116522  0.650973 0.0700111 -0.080912  0.655058 0.426572 0.114878 0.648735  0.0728686 -0.0861976   0.676034  0.808144 -0.322922 -0.675656  -2.22961   2.18616  0.895193 -0.252253
  0.426089    0.11761   0.650966   0.069545 -0.0813719   0.654692 0.425355 0.115938 0.648726  0.0724349 -0.0866953   0.675591  0.813444 -0.327532 -0.674658  -2.23696   2.20186  0.894976 -0.254259
  0.424907   0.118699    0.65096  0.0690785 -0.0818322   0.654325 0.424137 0.116997 0.648721  0.0719975 -0.0871899   0.675148  0.818693 -0.332164 -0.673541  -2.24427   2.21753  0.894779  -0.25737
  0.423725   0.119789   0.650953  0.0686117 -0.0822929   0.653958 0.422918 0.118058 0.648711  0.0715597 -0.0876835    0.67471  0.823909 -0.336796 -0.672353  -2.25144     2.233  0.894798 -0.259388
  0.422543    0.12088   0.650947  0.0681446 -0.0827538   0.653591 0.421699 0.119117 0.648704  0.0711187 -0.0881749   0.674273  0.829082 -0.341449  -0.67106  -2.25857   2.24842  0.894838 -0.262511
 0.421359  0.121971   0.65094 0.0676773 -0.083215  0.653223 0.420479 0.120179 0.648693  0.0706778 -0.0886657   0.673841  0.834223 -0.346099 -0.669704  -2.26555   2.26365  0.895091 -0.264537
  0.420175   0.123063   0.650934  0.0672096 -0.0836765   0.652855 0.419259 0.121238 0.648685 0.0702342 -0.089155  0.673409  0.839329 -0.350769 -0.668251  -2.27249   2.27882  0.895366 -0.267669
  0.418991   0.124156   0.650927  0.0667417 -0.0841382   0.652487 0.418039 0.122301 0.648673   0.069791 -0.0896442   0.672983  0.844402 -0.355434 -0.666743  -2.27928    2.2938  0.895852 -0.269702
  0.417805   0.125249   0.650921  0.0662737 -0.0846001   0.652119 0.416819 0.123361 0.648665  0.0693455 -0.0901323   0.672557  0.849443 -0.360116 -0.665146  -2.28602   2.30871  0.896361  -0.27284
   0.41662   0.126342   0.650914  0.0658054 -0.0850622   0.651751 0.415598 0.124423 0.648652  0.0689006 -0.0906207   0.672137  0.854451  -0.36479   -0.6635  -2.29261   2.32341  0.897077 -0.274878
  0.415434   0.127436   0.650908   0.065337 -0.0855245   0.651383 0.414377 0.125484 0.648642  0.0684539 -0.0911084   0.671718  0.859429  -0.36948 -0.661771  -2.29915   2.33805  0.897816 -0.278019
  0.414247    0.12853   0.650901  0.0648684 -0.0859869   0.651014 0.413156 0.126547 0.648628  0.0680079 -0.0915966   0.671304   0.86437  -0.37416 -0.659997  -2.30554   2.35249  0.898761 -0.280059
  0.413061   0.129625   0.650895  0.0643997 -0.0864494   0.650645 0.411936 0.127608 0.648618  0.0675603 -0.0920843   0.670891  0.869282 -0.378853 -0.658146  -2.31189   2.36685  0.899727 -0.283201
 0.411874  0.130719  0.650888 0.0639309 -0.086912  0.650277 0.410715 0.128671 0.648603  0.0671135 -0.0925726   0.670483  0.874154 -0.383533 -0.656253  -2.31808     2.381  0.900896 -0.285242
  0.410686   0.131814   0.650882   0.063462 -0.0873747   0.649908 0.409494 0.129732 0.648592  0.0666652 -0.0930606   0.670076  0.878999 -0.388225 -0.654287  -2.32422   2.39508  0.902088 -0.288383
  0.409499   0.132909   0.650875  0.0629931 -0.0878374   0.649539 0.408271   0.1308 0.648575  0.0662188 -0.0935487   0.669675  0.883805   -0.3929 -0.652284  -2.33021   2.40893  0.903478 -0.290422
  0.408312   0.134004   0.650869  0.0625242 -0.0883001   0.649171  0.40705 0.131862 0.648562  0.0657706 -0.0940368   0.669275  0.888579 -0.397585 -0.650211  -2.33616   2.42271  0.904891 -0.293561
  0.407124   0.135099   0.650862  0.0620553 -0.0887629   0.648802 0.405828  0.13293 0.648544  0.0653242 -0.0945254    0.66888   0.89331  -0.40225 -0.648107  -2.34195   2.43625    0.9065 -0.295597
  0.405937   0.136194   0.650856  0.0615864 -0.0892256   0.648433 0.404607 0.133993  0.64853   0.064876 -0.0950143   0.668487   0.89801 -0.406925 -0.645936   -2.3477   2.44973  0.908131 -0.298731
   0.40475   0.137288   0.650849  0.0611175 -0.0896883   0.648064 0.403385 0.135061 0.648512  0.0644298 -0.0955036   0.668099  0.902661 -0.411576 -0.643737  -2.35329   2.46297  0.909954 -0.300763
  0.403563   0.138383   0.650843  0.0606487 -0.0901509   0.647696 0.402164 0.136123 0.648498 0.0639817 -0.095993  0.667712   0.90728 -0.416235 -0.641472  -2.35884   2.47615  0.911799 -0.303892
  0.402376   0.139478   0.650836    0.06018 -0.0906134   0.647327 0.400943  0.13719 0.648479  0.0635356 -0.0964831   0.667331  0.911847 -0.420868 -0.639185  -2.36424   2.48908  0.913833 -0.305918
   0.40119   0.140572    0.65083  0.0597115 -0.0910758   0.646959 0.399723 0.138252 0.648465  0.0630876 -0.0969733    0.66695  0.916384 -0.425509 -0.636833   -2.3696   2.50196  0.915888  -0.30904
  0.400004   0.141665   0.650823   0.059243 -0.0915381    0.64659 0.398502 0.139318 0.648446 0.0626417 -0.097464  0.666576  0.920863  -0.43012 -0.634463   -2.3748   2.51457   0.91813  -0.31106
  0.398818   0.142759   0.650817  0.0587748 -0.0920002   0.646222 0.397283 0.140378 0.648431   0.062194 -0.0979549   0.666202  0.925312 -0.434739  -0.63203  -2.37997   2.52715  0.920391 -0.314174
  0.397633   0.143852    0.65081  0.0583067 -0.0924621   0.645854 0.396062 0.141443 0.648412  0.0617484 -0.0984462   0.665834  0.929702 -0.439325 -0.629583  -2.38499   2.53946  0.922835 -0.316186
  0.396448   0.144944   0.650804  0.0578388 -0.0929238   0.645486 0.394845 0.142502 0.648397   0.061301 -0.0989374   0.665467  0.934062 -0.443917 -0.627075  -2.38997   2.55174    0.9253 -0.319291
  0.395264   0.146036   0.650797  0.0573712 -0.0933853   0.645118 0.393625 0.143566 0.648377  0.0608557 -0.0994293   0.665106  0.938358 -0.448475 -0.624557  -2.39481   2.56374  0.927944 -0.321296
  0.394081   0.147128   0.650791  0.0569038 -0.0938465   0.644751 0.392409 0.144623 0.648361  0.0604087 -0.0999211   0.664745  0.942626 -0.453038 -0.621979  -2.39961   2.57572  0.930606  -0.32439
  0.392898   0.148218   0.650784  0.0564367 -0.0943074   0.644383  0.39119 0.145686 0.648341  0.059964 -0.100413  0.664391  0.946828 -0.457563 -0.619395  -2.40427   2.58741  0.933446 -0.326386
  0.391716   0.149308   0.650778  0.0559699 -0.0947681   0.644016 0.389975 0.146741 0.648325 0.0595174 -0.100905  0.664036  0.951002 -0.462094 -0.616753   -2.4089   2.59909  0.936303  -0.32947
  0.390535   0.150398   0.650771  0.0555034 -0.0952284   0.643649 0.388758 0.147802 0.648305 0.0590733 -0.101398  0.663688  0.955108 -0.466584  -0.61411  -2.41338   2.61047  0.939335 -0.331456
  0.389355   0.151486   0.650765  0.0550373 -0.0956883   0.643283 0.387544 0.148855 0.648288 0.0586274  -0.10189   0.66334  0.959188 -0.471079  -0.61141  -2.41784   2.62187  0.942384 -0.334528
  0.388176   0.152573   0.650758  0.0545716 -0.0961479   0.642916 0.386329 0.149913 0.648267 0.0581838 -0.102383  0.662998  0.963196 -0.475532 -0.608713  -2.42215   2.63294  0.945603 -0.336506
  0.386997    0.15366   0.650752  0.0541062 -0.0966071    0.64255 0.385117 0.150964  0.64825 0.0577385 -0.102875  0.662656   0.96718 -0.479989  -0.60596  -2.42644   2.64404  0.948839 -0.339565
   0.38582   0.154746   0.650745  0.0536413 -0.0970659   0.642185 0.383903  0.15202 0.648229 0.0572957 -0.103368  0.662321  0.971091 -0.484401 -0.603215  -2.43059   2.65481  0.952242 -0.341533
  0.384644    0.15583   0.650739  0.0531768 -0.0975243    0.64182 0.382693 0.153068 0.648211 0.0568512  -0.10386  0.661985   0.97498 -0.488818 -0.600415  -2.43472   2.66562  0.955661  -0.34458
  0.383469   0.156914   0.650732  0.0527128 -0.0979822   0.641455 0.381481 0.154121  0.64819 0.0564093 -0.104352  0.661655  0.978792 -0.493188 -0.597626  -2.43871   2.67609  0.959244 -0.346538
  0.382296   0.157996   0.650726  0.0522493 -0.0984396    0.64109 0.380274 0.155166 0.648171 0.0559656 -0.104845  0.661325  0.982585 -0.497563 -0.594785  -2.44268   2.68662  0.962842 -0.349571
  0.381123   0.159077    0.65072  0.0517863 -0.0988965   0.640726 0.379064 0.156216 0.648149 0.0555246 -0.105337  0.661001  0.986298 -0.501888 -0.591959  -2.44652   2.69679  0.966601 -0.351519
  0.379952   0.160157   0.650713  0.0513239 -0.0993528   0.640362 0.377858 0.157258 0.648131 0.0550819 -0.105829  0.660677  0.989995 -0.506218  -0.58908  -2.45033   2.70703  0.970376 -0.354538
  0.378783   0.161236   0.650707   0.050862 -0.0998086   0.639999 0.376651 0.158305 0.648108 0.0546419 -0.106321  0.660359  0.993611 -0.510496 -0.586222  -2.45401   2.71691  0.974307 -0.356476
 0.377615  0.162313    0.6507 0.0504007 -0.100264  0.639636 0.375448 0.159344 0.648089 0.0542004 -0.106812  0.660041  0.997213 -0.514779 -0.583312  -2.45768   2.72686  0.978254 -0.359481
 0.376448  0.163388  0.650694   0.04994 -0.100718  0.639274 0.374243 0.160387 0.648066 0.0537615 -0.107303  0.659728   1.00073  -0.51901 -0.580425  -2.46122   2.73645  0.982353 -0.361408
 0.375284  0.164463  0.650688 0.0494799 -0.101172  0.638912 0.373043 0.161422 0.648047 0.0533211 -0.107794  0.659415   1.00424 -0.523245 -0.577488  -2.46474   2.74612  0.986468 -0.364399
  0.37412  0.165535  0.650681 0.0490205 -0.101626  0.638551 0.371841 0.162462 0.648024 0.0528835 -0.108285  0.659108   1.00766 -0.527426 -0.574579  -2.46813   2.75542  0.990732 -0.366315
 0.372959  0.166607  0.650675 0.0485618 -0.102078   0.63819 0.370644 0.163493 0.648004 0.0524443 -0.108775  0.658801   1.01107 -0.531611  -0.57162  -2.47151   2.76481  0.995011 -0.369292
 0.371799  0.167676  0.650668 0.0481037  -0.10253   0.63783 0.369444 0.164529  0.64798 0.0520081 -0.109265  0.658499    1.0144 -0.535741 -0.568692  -2.47477   2.77382  0.999436 -0.371198
 0.370641  0.168744  0.650662 0.0476464 -0.102982   0.63747  0.36825 0.165555 0.647961 0.0515703 -0.109754  0.658197   1.01772 -0.539876 -0.565715  -2.47801   2.78295   1.00388  -0.37416
 0.369485   0.16981  0.650656 0.0471899 -0.103432  0.637111 0.367054 0.166586 0.647937 0.0511354 -0.110243    0.6579   1.02095 -0.543952 -0.562773  -2.48114   2.79167   1.00846 -0.376056
 0.368331  0.170874  0.650649 0.0467341 -0.103882  0.636753 0.365863 0.167608 0.647917 0.0506991 -0.110731  0.657603   1.02418 -0.548035 -0.559783  -2.48424   2.80053   1.01306 -0.379003
 0.367179  0.171937  0.650643 0.0462791 -0.104331  0.636395  0.36467 0.168635 0.647893 0.0502659 -0.111219  0.657311   1.02731 -0.552058 -0.556831  -2.48724   2.80897   1.01779 -0.380888
 0.366029  0.172997  0.650637  0.045825 -0.104779  0.636038 0.363483 0.169652 0.647872 0.0498311 -0.111706   0.65702   1.03045 -0.556087 -0.553831  -2.49022   2.81756   1.02254  -0.38382
 0.364881  0.174056   0.65063 0.0453717 -0.105227  0.635681 0.362293 0.170674 0.647848 0.0493995 -0.112192  0.656733   1.03349 -0.560056 -0.550874  -2.49308   2.82573   1.02743 -0.385695
 0.363736  0.175112  0.650624 0.0449192 -0.105673  0.635326 0.361109 0.171685 0.647827 0.0489665 -0.112678  0.656446   1.03654 -0.564031 -0.547868  -2.49594   2.83405   1.03233 -0.388611
 0.362593  0.176166  0.650618 0.0444677 -0.106119   0.63497 0.359924 0.172702 0.647803 0.0485367 -0.113163  0.656164   1.03949 -0.567944 -0.544909  -2.49868   2.84195   1.03736 -0.390477
 0.361452  0.177219  0.650612  0.044017 -0.106563  0.634616 0.358744 0.173709 0.647782 0.0481055 -0.113647  0.655882   1.04245 -0.571864 -0.541901  -2.50141   2.85001    1.0424 -0.393378
 0.360313  0.178269  0.650605 0.0435673 -0.107007  0.634262 0.357562  0.17472 0.647758 0.0476776 -0.114131  0.655605   1.04531 -0.575721 -0.538943  -2.50403   2.85763   1.04758 -0.395233
 0.359177  0.179317  0.650599 0.0431186  -0.10745   0.63391 0.356386  0.17572 0.647737 0.0472483 -0.114613  0.655328   1.04818 -0.579584 -0.535937  -2.50664   2.86544   1.05277  -0.39812
 0.358043  0.180362  0.650593 0.0426708 -0.107892  0.633557 0.355209 0.176726 0.647712 0.0468224 -0.115095  0.655056   1.05096 -0.583384 -0.532983  -2.50915    2.8728   1.05808 -0.399966
 0.356912  0.181405  0.650587 0.0422241 -0.108333  0.633206 0.354037  0.17772 0.647691 0.0463952 -0.115576  0.654783   1.05374  -0.58719 -0.529982  -2.51165   2.88035   1.06341 -0.402836
 0.355783  0.182446  0.650581 0.0417784 -0.108772  0.632856 0.352864 0.178719 0.647667 0.0459713 -0.116056  0.654515   1.05643 -0.590933 -0.527036  -2.51404   2.88745   1.06885 -0.404673
 0.354657  0.183484  0.650574 0.0413337 -0.109211  0.632506 0.351697 0.179708 0.647645 0.0455464 -0.116534  0.654247   1.05913 -0.594682 -0.524043  -2.51642   2.89475   1.07432 -0.407529
 0.353534   0.18452  0.650568 0.0408901 -0.109649  0.632157 0.350528 0.180701  0.64762 0.0451248 -0.117012  0.653984   1.06173 -0.598366 -0.521108  -2.51871   2.90159    1.0799 -0.409357
 0.352414  0.185553  0.650562 0.0404477 -0.110086  0.631809 0.349366 0.181682 0.647598 0.0447021 -0.117489  0.653721   1.06434 -0.602057 -0.518126  -2.52098   2.90864   1.08549 -0.412197
 0.351296  0.186584  0.650556 0.0400063 -0.110521  0.631462 0.348202 0.182669 0.647574 0.0442829 -0.117964  0.653462   1.06686 -0.605682 -0.515205  -2.52315   2.91522   1.09119 -0.414016
 0.350182  0.187612   0.65055 0.0395661 -0.110956  0.631116 0.347045 0.183644 0.647552 0.0438627 -0.118438  0.653203    1.0694 -0.609314 -0.512236  -2.52532   2.92203   1.09691 -0.416841
  0.34907  0.188637  0.650544 0.0391271 -0.111389   0.63077 0.345886 0.184623 0.647527  0.043446 -0.118911  0.652949   1.07183  -0.61288 -0.509332  -2.52739   2.92837   1.10275 -0.418652
 0.347961  0.189659  0.650538 0.0386892 -0.111821  0.630426 0.344734  0.18559 0.647504 0.0430283 -0.119382  0.652694   1.07429 -0.616454 -0.506379  -2.52945   2.93494   1.10859 -0.421462
 0.346856  0.190679  0.650532 0.0382526 -0.112252  0.630083 0.343581 0.186562  0.64748 0.0426142 -0.119852  0.652444   1.07664 -0.619962 -0.503494  -2.53142   2.94103   1.11454 -0.423265
 0.345754  0.191695  0.650525 0.0378172 -0.112681   0.62974  0.34242 0.187545  0.64746 0.0422044 -0.120318  0.652195   1.07906 -0.623472  -0.50056  -2.53337   2.94727   1.12051  -0.42606
 0.344654  0.192709  0.650519 0.0373831  -0.11311  0.629399 0.341264 0.188521 0.647437 0.0417962 -0.120785   0.65195   1.08136 -0.626919 -0.497695  -2.53524   2.95306   1.12658 -0.427856
 0.343558   0.19372  0.650513 0.0369503 -0.113537  0.629059 0.340018 0.189585 0.647426 0.0413856 -0.121251  0.651704   1.08366 -0.630367 -0.494799  -2.53709   2.95776   1.13266 -0.430637
 0.342466  0.194727  0.650507 0.0365188 -0.113963  0.628719 0.338678 0.190742 0.647425 0.0409747 -0.121718  0.651463   1.08583 -0.633755 -0.491966  -2.53886    2.9608   1.13884 -0.432427
 0.341377  0.195732  0.650501 0.0360886 -0.114387  0.628381 0.337329 0.191908 0.647423 0.0405666 -0.122186  0.651224   1.08788 -0.637068 -0.489239  -2.54056   2.96273   1.14502 -0.435208
 0.340291  0.196733  0.650495 0.0356598  -0.11481  0.628044 0.336044 0.193009 0.647408 0.0401628 -0.122656  0.650991   1.08969 -0.640246 -0.486714  -2.54212   2.96393   1.15129 -0.437018
 0.339209  0.197731   0.65049 0.0352324 -0.115232  0.627708 0.334814 0.194055 0.647389   0.03976 -0.123126  0.650761   1.09133 -0.643338 -0.484302   -2.5436   2.96468   1.15754 -0.439821
  0.33813  0.198726  0.650484 0.0348064 -0.115653  0.627373 0.333626 0.195058 0.647366 0.0393589 -0.123593  0.650538   1.09283 -0.646341 -0.481992  -2.54499   2.96514   1.16387 -0.441656
 0.337055  0.199717  0.650478 0.0343818 -0.116072  0.627039 0.332468 0.196028 0.647345 0.0389571 -0.124058  0.650317   1.09425   -0.6493 -0.479716  -2.54633   2.96542   1.17018 -0.444476
 0.335984  0.200705  0.650472 0.0339586 -0.116489  0.626706 0.331328 0.196976 0.647324 0.0385562 -0.124521    0.6501   1.09558 -0.652206  -0.47749  -2.54761    2.9656   1.17657 -0.446332
 0.334916   0.20169  0.650466  0.033537 -0.116905  0.626374 0.330203 0.197906 0.647306 0.0381547 -0.124982  0.649885   1.09688 -0.655092 -0.475265  -2.54885   2.96571   1.18294 -0.449167
 0.333852  0.202671   0.65046 0.0331168  -0.11732  0.626044 0.329086 0.198824 0.647287 0.0377545 -0.125441  0.649672   1.09813 -0.657944  -0.47307  -2.55005   2.96579    1.1894 -0.451043
 0.332792  0.203649  0.650454 0.0326982 -0.117733  0.625715 0.327976 0.199731  0.64727 0.0373543 -0.125898  0.649459   1.09937 -0.660785 -0.470865  -2.55123   2.96584   1.19583 -0.453892
 0.331736  0.204623  0.650449 0.0322811 -0.118145  0.625387  0.32687 0.200631 0.647251 0.0369561 -0.126352  0.649249   1.10058 -0.663597 -0.468683  -2.55237   2.96587   1.20236 -0.455788
 0.330684  0.205593  0.650443 0.0318656 -0.118555   0.62506  0.32577 0.201522 0.647233 0.0365585 -0.126805  0.649039   1.10179   -0.6664 -0.466488  -2.55349    2.9659   1.20886 -0.458649
 0.329636  0.206559  0.650437 0.0314517 -0.118963  0.624734 0.324672 0.202408 0.647213 0.0361635 -0.127255  0.648832   1.10297 -0.669174 -0.464314  -2.55457   2.96593   1.21546 -0.460564
 0.328592  0.207522  0.650431 0.0310394  -0.11937   0.62441 0.323581 0.203287 0.647193 0.0357695 -0.127702  0.648625   1.10415 -0.671937 -0.462127  -2.55564   2.96595   1.22204 -0.463439
 0.327552  0.208481  0.650426 0.0306287 -0.119775  0.624087 0.322492 0.204162 0.647171 0.0353785 -0.128146   0.64842    1.1053 -0.674671  -0.45996  -2.55666   2.96597   1.22871 -0.465374
 0.326517  0.209436   0.65042 0.0302197 -0.120179  0.623766 0.321408 0.205031 0.647149  0.034989 -0.128586  0.648217   1.10646 -0.677393 -0.457781  -2.55768   2.96599   1.23537 -0.468261
 0.325485  0.210387  0.650414 0.0298124 -0.120581  0.623445 0.320327 0.205896 0.647125 0.0346028 -0.129024  0.648016    1.1076 -0.680084 -0.455621  -2.55864   2.96601   1.24211 -0.470215
 0.324458  0.211334  0.650409 0.0294068 -0.120981  0.623126 0.319251 0.206755 0.647102 0.0342183 -0.129458  0.647816   1.10875 -0.682763 -0.453449   -2.5596   2.96603   1.24884 -0.473115
 0.323436  0.212277  0.650403 0.0290029 -0.121379  0.622809 0.318178 0.207611 0.647076 0.0338372 -0.129888  0.647619   1.10987 -0.685411 -0.451298  -2.56051   2.96605   1.25565 -0.475087
 0.322418  0.213216  0.650397 0.0286008 -0.121776  0.622492 0.317109 0.208461 0.647051 0.0334582 -0.130316  0.647422     1.111 -0.688047 -0.449134   -2.5614   2.96607   1.26245 -0.477999
 0.321404  0.214151  0.650392 0.0282005 -0.122171  0.622178 0.316043 0.209308 0.647024 0.0330826  -0.13074  0.647229   1.11211 -0.690652 -0.446993  -2.56226   2.96609   1.26932  -0.47999
 0.320395  0.215081  0.650386  0.027802 -0.122565  0.621864 0.314982 0.210149 0.646996 0.0327091  -0.13116  0.647036   1.11323 -0.693246  -0.44484   -2.5631    2.9661   1.27618 -0.482914
  0.31939  0.216008  0.650381 0.0274053 -0.122956  0.621552 0.313922 0.210987 0.646967 0.0323393 -0.131578  0.646846   1.11433 -0.695808 -0.442708  -2.56389   2.96611   1.28312 -0.484924
 0.318391   0.21693  0.650375 0.0270105 -0.123346  0.621242 0.312868 0.211819 0.646939 0.0319715 -0.131992  0.646657   1.11544 -0.698359 -0.440567  -2.56468   2.96612   1.29004 -0.487859
 0.317396  0.217847   0.65037 0.0266175 -0.123733  0.620933 0.311816 0.212646 0.646909 0.0316072 -0.132403  0.646471   1.11652 -0.700878 -0.438449  -2.56542   2.96612   1.29703 -0.489888
 0.316406   0.21876  0.650364 0.0262264 -0.124119  0.620625  0.31077 0.213467  0.64688 0.0312451  -0.13281  0.646286   1.11762 -0.703386 -0.436321  -2.56614   2.96611     1.304 -0.492834
  0.31542  0.219669  0.650359 0.0258373 -0.124503  0.620319 0.309726 0.214282 0.646851 0.0308862 -0.133215  0.646104   1.11869 -0.705864 -0.434215  -2.56683    2.9661   1.31104  -0.49488
  0.31444  0.220573  0.650354 0.0254501 -0.124885  0.620015 0.308687 0.215091 0.646822 0.0305295 -0.133617  0.645923   1.11977  -0.70833 -0.432101  -2.56749   2.96609   1.31805 -0.497837
 0.313464  0.221473  0.650348 0.0250649 -0.125266  0.619712 0.307652 0.215894 0.646794 0.0301759 -0.134015  0.645744   1.12083 -0.710765 -0.430009  -2.56812   2.96608   1.32514 -0.499902
 0.312494  0.222367  0.650343 0.0246816 -0.125644   0.61941 0.306622 0.216689 0.646767 0.0298244 -0.134411  0.645567    1.1219 -0.713189 -0.427909  -2.56873   2.96607   1.33219 -0.502868
 0.311529  0.223258  0.650338 0.0243004  -0.12602   0.61911 0.305595 0.217479 0.646739  0.029476 -0.134804  0.645393   1.12294 -0.715582 -0.425832  -2.56929   2.96605   1.33931 -0.504952
 0.310569  0.224143  0.650332 0.0239213 -0.126394  0.618812 0.304574  0.21826 0.646714 0.0291295 -0.135193  0.645219   1.12399 -0.717963 -0.423747  -2.56985   2.96603   1.34641 -0.507927
 0.309614  0.225024  0.650327 0.0235442 -0.126766  0.618516 0.303557 0.219035 0.646688 0.0287862  -0.13558  0.645049   1.12502 -0.720313 -0.421685  -2.57036   2.96602   1.35356 -0.510028
 0.308664  0.225899  0.650322 0.0231691 -0.127136  0.618221 0.302546 0.219802 0.646663 0.0284449 -0.135963   0.64488   1.12606  -0.72265 -0.419614  -2.57086     2.966   1.36068 -0.513012
  0.30772   0.22677  0.650317 0.0227962 -0.127504  0.617927 0.301538 0.220563 0.646638 0.0281068 -0.136342  0.644714   1.12707 -0.724956 -0.417567  -2.57131   2.96599   1.36785  -0.51513
 0.306781  0.227636  0.650312 0.0224254  -0.12787  0.617636 0.300537 0.221316 0.646613 0.0277707 -0.136719  0.644549   1.12809 -0.727248 -0.415513  -2.57176   2.96597   1.37499 -0.518122
 0.305848  0.228497  0.650306 0.0220568 -0.128234  0.617346  0.29954 0.222062 0.646588  0.027438 -0.137091  0.644388   1.12909 -0.729508 -0.413482  -2.57216   2.96596   1.38218 -0.520256
  0.30492  0.229352  0.650301 0.0216904 -0.128596  0.617058 0.298548   0.2228 0.646563 0.0271073  -0.13746  0.644227   1.13009 -0.731754 -0.411443  -2.57255   2.96595   1.38933 -0.523255
 0.303998  0.230203  0.650296 0.0213261 -0.128955  0.616771  0.29756 0.223532 0.646538 0.0267801 -0.137825   0.64407   1.13107 -0.733967 -0.409428  -2.57291   2.96594   1.39653 -0.525405
 0.303081  0.231048  0.650291 0.0209641 -0.129312  0.616487 0.296579 0.224255 0.646513 0.0264552 -0.138186  0.643914   1.13206 -0.736165 -0.407406  -2.57325   2.96593   1.40368  -0.52841
  0.30217  0.231888  0.650286 0.0206044 -0.129667  0.616204 0.295602 0.224973 0.646486 0.0261337 -0.138544  0.643762   1.13302  -0.73833 -0.405409  -2.57356   2.96592   1.41088 -0.530575
 0.301265  0.232723  0.650281 0.0202469  -0.13002  0.615923 0.294631 0.225682 0.646461 0.0258148 -0.138897   0.64361     1.134 -0.740479 -0.403405  -2.57385   2.96592   1.41803 -0.533585
 0.300366  0.233552  0.650276 0.0198917 -0.130371  0.615643 0.293664 0.226385 0.646433 0.0254994 -0.139245  0.643463   1.13495 -0.742594 -0.401426  -2.57411   2.96592   1.42521 -0.535764
 0.299472  0.234376  0.650271 0.0195388 -0.130719  0.615366 0.292703 0.227081 0.646406 0.0251866  -0.13959  0.643316    1.1359 -0.744693  -0.39944  -2.57437   2.96591   1.43235 -0.538779
 0.298585  0.235195  0.650267 0.0191883 -0.131065   0.61509 0.291747 0.227769 0.646378 0.0248775  -0.13993  0.643173   1.13684 -0.746758  -0.39748  -2.57458   2.96591   1.43951  -0.54097
 0.297703  0.236008  0.650262 0.0188401 -0.131408  0.614816 0.290797  0.22845 0.646351 0.0245711 -0.140266  0.643031   1.13778 -0.748807 -0.395514  -2.57479   2.96591   1.44662 -0.543989
 0.296828  0.236815  0.650257 0.0184944 -0.131749  0.614544 0.289851 0.229124 0.646322 0.0242684 -0.140598  0.642893    1.1387 -0.750822 -0.393575  -2.57497   2.96591   1.45375 -0.546192
 0.295959  0.237617  0.650252  0.018151 -0.132088  0.614274 0.288911  0.22979 0.646293 0.0239685 -0.140926  0.642756   1.13963  -0.75282  -0.39163  -2.57513   2.96591   1.46082 -0.549213
 0.295095  0.238413  0.650247 0.0178101 -0.132425  0.614006 0.287976 0.230449 0.646264 0.0236724 -0.141249  0.642623   1.14054 -0.754783 -0.389712  -2.57527   2.96591   1.46791 -0.551427
 0.294238  0.239203  0.650243 0.0174717 -0.132759   0.61374 0.287047   0.2311 0.646236 0.0233791 -0.141567  0.642491   1.14146  -0.75673  -0.38779   -2.5754   2.96591   1.47493 -0.554448
 0.293388  0.239988  0.650238 0.0171357  -0.13309  0.613476 0.286122 0.231744 0.646207 0.0230897 -0.141882  0.642362   1.14235 -0.758643 -0.385894  -2.57549   2.96591   1.48197 -0.556673
 0.292543  0.240766  0.650233 0.0168023 -0.133419  0.613214 0.285204  0.23238 0.646178 0.0228031 -0.142192  0.642235   1.14325 -0.760539 -0.383995  -2.57558   2.96591   1.48894 -0.559694
 0.291706  0.241539  0.650229 0.0164713 -0.133746  0.612953  0.28429 0.233009 0.646149 0.0225204 -0.142497   0.64211   1.14414   -0.7624 -0.382122  -2.57564    2.9659   1.49591 -0.561928
0.290874 0.242306 0.650224 0.016143 -0.13407 0.612695 0.283384 0.233629 0.646121 0.0222405 -0.142798  0.641988   1.14502 -0.764244 -0.380247   -2.5757    2.9659   1.50281 -0.564947
 0.290049  0.243066   0.65022 0.0158172 -0.134391  0.612439 0.282481 0.234242 0.646092 0.0219648 -0.143095  0.641869   1.14589 -0.766054 -0.378399  -2.57573    2.9659    1.5097 -0.567188
0.289231 0.243821 0.650215 0.015494 -0.13471 0.612185 0.281586 0.234846 0.646065 0.0216916 -0.143387  0.641751   1.14677 -0.767848 -0.376549  -2.57575   2.96589   1.51652 -0.570204
 0.288419  0.244569  0.650211 0.0151734 -0.135027  0.611933 0.280695 0.235443 0.646036 0.0214226 -0.143675  0.641636   1.14762 -0.769606 -0.374726  -2.57575   2.96589   1.52333 -0.572452
 0.287614  0.245312  0.650206 0.0148555  -0.13534  0.611683 0.279812 0.236032 0.646009 0.0211564 -0.143958  0.641523   1.14848 -0.771347 -0.372902  -2.57574   2.96588   1.53006 -0.575463
 0.286816  0.246048  0.650202 0.0145403 -0.135651  0.611435 0.278933 0.236613 0.645981 0.0208941 -0.144236  0.641412   1.14932 -0.773054 -0.371105  -2.57572   2.96588   1.53677 -0.577716
 0.286025  0.246778  0.650198 0.0142278  -0.13596  0.611189 0.278061 0.237185 0.645954 0.0206347  -0.14451  0.641304   1.15016 -0.774743 -0.369308  -2.57568   2.96587    1.5434  -0.58072
  0.28524  0.247501  0.650193 0.0139179 -0.136266  0.610945 0.277195  0.23775 0.645926 0.0203793 -0.144779  0.641198   1.15099 -0.776398 -0.367538  -2.57563   2.96586      1.55 -0.582977
 0.284463  0.248218  0.650189 0.0136109 -0.136569  0.610704 0.276336 0.238306 0.645898 0.0201269 -0.145044  0.641094   1.15182 -0.778034 -0.365768  -2.57558   2.96586   1.55651 -0.585973
 0.283692  0.248929  0.650185 0.0133066 -0.136869  0.610465 0.275483 0.238855 0.645871 0.0198782 -0.145303  0.640993   1.15263 -0.779637 -0.364026   -2.5755   2.96585   1.56299 -0.588233
 0.282929  0.249633  0.650181  0.013005 -0.137166  0.610227 0.274637 0.239395 0.645843 0.0196326 -0.145558  0.640893   1.15344 -0.781221 -0.362285  -2.57543   2.96585   1.56938 -0.591218
 0.282173   0.25033  0.650177 0.0127063 -0.137461  0.609993 0.273797 0.239927 0.645816 0.0193909 -0.145809  0.640797   1.15423 -0.782772 -0.360572  -2.57533   2.96584   1.57574 -0.593478
 0.281423  0.251021  0.650172 0.0124105 -0.137753   0.60976 0.272964 0.240451 0.645789 0.0191521 -0.146054  0.640701   1.15503 -0.784304 -0.358859  -2.57524   2.96583   1.58199 -0.596452
 0.280681  0.251705  0.650168 0.0121175 -0.138042  0.609529 0.272137 0.240967 0.645761 0.0189172 -0.146294  0.640609    1.1558 -0.785802 -0.357175  -2.57514   2.96583    1.5882  -0.59871
 0.279947  0.252383  0.650164 0.0118273 -0.138329  0.609301 0.271318 0.241475 0.645733 0.0186853  -0.14653  0.640518   1.15658 -0.787281 -0.355492  -2.57503   2.96582   1.59432  -0.60167
  0.27922  0.253053   0.65016 0.0115401 -0.138612  0.609075 0.270506 0.241975 0.645705 0.0184571 -0.146761   0.64043   1.15734 -0.788728 -0.353839  -2.57491   2.96582   1.60038 -0.603925
   0.2785  0.253717  0.650156 0.0112558 -0.138893  0.608852   0.2697 0.242467 0.645678  0.018232 -0.146987  0.640343    1.1581 -0.790155 -0.352186   -2.5748   2.96582   1.60634  -0.60687
 0.277788  0.254374  0.650152 0.0109745  -0.13917  0.608631 0.268902 0.242951  0.64565 0.0180106 -0.147208  0.640259   1.15884 -0.791549 -0.350563  -2.57467   2.96581   1.61224 -0.609119
 0.277083  0.255024  0.650149 0.0106961 -0.139445  0.608412 0.268111 0.243427 0.645623 0.0177921 -0.147425  0.640177   1.15959 -0.792926 -0.348943  -2.57455   2.96581   1.61804 -0.612046
 0.276386  0.255667  0.650145 0.0104208 -0.139717  0.608195 0.267327 0.243895 0.645595 0.0175774 -0.147637  0.640096   1.16031  -0.79427 -0.347351  -2.57442    2.9658   1.62377 -0.614289
 0.275696  0.256303  0.650141 0.0101485 -0.139985  0.607981 0.266551 0.244355 0.645567 0.0173657 -0.147844  0.640018   1.16103 -0.795595 -0.345763  -2.57429    2.9658    1.6294 -0.617195
  0.275014   0.256932   0.650137 0.00987918  -0.140251   0.607769 0.265782 0.244807 0.645539 0.0171577 -0.148046  0.639941   1.16174 -0.796888 -0.344204  -2.57415    2.9658   1.63496 -0.619429
   0.27434   0.257553   0.650134 0.00961297  -0.140514    0.60756 0.265022 0.245251 0.645512 0.0169526 -0.148244  0.639866   1.16245 -0.798163 -0.342648  -2.57402    2.9658   1.64041 -0.622313
  0.273674   0.258168    0.65013 0.00934986  -0.140773   0.607353 0.264268 0.245688 0.645485 0.0167511 -0.148437  0.639793   1.16313 -0.799407 -0.341122  -2.57388   2.96579   1.64579 -0.624536
  0.273016   0.258775   0.650126 0.00908986   -0.14103   0.607148 0.263523 0.246116 0.645458 0.0165525 -0.148625  0.639722   1.16382 -0.800633 -0.339601  -2.57375   2.96579   1.65105 -0.627395
  0.272365   0.259375   0.650123 0.00883301  -0.141283   0.606946 0.262784 0.246537 0.645431 0.0163576 -0.148809  0.639653   1.16449 -0.801828 -0.338108  -2.57361   2.96579   1.65624 -0.629605
  0.271723   0.259967   0.650119 0.00857932  -0.141534   0.606747 0.262055  0.24695 0.645404 0.0161655 -0.148989  0.639585   1.16516 -0.803005 -0.336621  -2.57348   2.96579   1.66132 -0.632438
  0.271089   0.260552   0.650116 0.00832882  -0.141781    0.60655 0.261333 0.247356 0.645378  0.015977 -0.149164  0.639519    1.1658 -0.804152 -0.335164  -2.57335   2.96578   1.66632 -0.634632
  0.270463   0.261129   0.650112 0.00808154  -0.142025   0.606356  0.26062 0.247754 0.645352 0.0157913 -0.149334  0.639454   1.16645 -0.805282 -0.333712  -2.57322   2.96578   1.67121 -0.637437
  0.269845   0.261699   0.650109 0.00783748  -0.142266   0.606164 0.259915 0.248144 0.645325 0.0156092   -0.1495  0.639392   1.16708 -0.806382 -0.332289  -2.57309   2.96578   1.67601 -0.639613
  0.269235   0.262261   0.650106 0.00759669  -0.142503   0.605974 0.259219 0.248527   0.6453 0.0154299 -0.149662   0.63933   1.16771 -0.807465 -0.330873  -2.57297   2.96578    1.6807 -0.642387
  0.268634   0.262816   0.650102 0.00735918  -0.142738   0.605787  0.25853 0.248903 0.645274 0.0152541 -0.149819  0.639271   1.16832 -0.808519 -0.329487  -2.57284   2.96578   1.68531 -0.644544
  0.268041   0.263363   0.650099 0.00712498  -0.142969   0.605603 0.257851  0.24927 0.645248  0.015081 -0.149973  0.639212   1.16893 -0.809556 -0.328108  -2.57273   2.96578    1.6898 -0.647286
 0.267456  0.263902  0.650096 0.0068941 -0.143197  0.605422  0.25718 0.249631 0.645223 0.0149114 -0.150122  0.639155   1.16952 -0.810565 -0.326758  -2.57261   2.96577   1.69421 -0.649421
   0.26688   0.264433   0.650093 0.00666658  -0.143421   0.605243 0.256518 0.249984 0.645198 0.0147444 -0.150267    0.6391   1.17011 -0.811557 -0.325416   -2.5725   2.96577   1.69851 -0.652127
  0.266312   0.264957    0.65009 0.00644244  -0.143643   0.605066 0.255865 0.250331 0.645173 0.0145809 -0.150408  0.639046   1.17068 -0.812521 -0.324104  -2.57239   2.96577   1.70272 -0.654239
  0.265753   0.265472   0.650086 0.00622169   -0.14386   0.604893 0.255222  0.25067 0.645149 0.0144201 -0.150545  0.638993   1.17125 -0.813469 -0.322799   -2.5723   2.96577   1.70681 -0.656908
  0.265203    0.26598   0.650083 0.00600437  -0.144075   0.604722 0.254587 0.251002 0.645124 0.0142625 -0.150677  0.638942    1.1718  -0.81439 -0.321524   -2.5722   2.96576   1.71082 -0.658995
  0.264662   0.266479    0.65008 0.00579049  -0.144286   0.604554 0.253962 0.251327 0.645101 0.0141076 -0.150807  0.638892   1.17235 -0.815295 -0.320258  -2.57211   2.96576   1.71472 -0.661625
  0.264129    0.26697   0.650078 0.00558009  -0.144493   0.604388 0.253346 0.251645 0.645076  0.013956 -0.150932  0.638843   1.17287 -0.816174 -0.319023  -2.57202   2.96576   1.71854 -0.663684
  0.263605   0.267453   0.650075 0.00537317  -0.144698   0.604226 0.252739 0.251956 0.645053  0.013807 -0.151053  0.638795    1.1734 -0.817037 -0.317795  -2.57194   2.96576   1.72224 -0.666274
   0.26309   0.267928   0.650072 0.00516978  -0.144898   0.604066 0.252142  0.25226 0.645029 0.0136611 -0.151171  0.638749   1.17391 -0.817874 -0.316598  -2.57186   2.96575   1.72586 -0.668304
  0.262584   0.268395   0.650069 0.00496992  -0.145096   0.603908 0.251556 0.252557 0.645007 0.0135179 -0.151285  0.638704   1.17441 -0.818696  -0.31541  -2.57179   2.96575   1.72937 -0.670851
  0.262087   0.268853   0.650066 0.00477363  -0.145289   0.603754 0.250978 0.252848 0.644984 0.0133777 -0.151396   0.63866    1.1749 -0.819493 -0.314253  -2.57172   2.96575    1.7328  -0.67285
  0.261599   0.269303   0.650064 0.00458093  -0.145479   0.603603 0.250411 0.253131 0.644961 0.0132402 -0.151503  0.638617   1.17539 -0.820275 -0.313105  -2.57166   2.96575   1.73612 -0.675353
   0.26112   0.269745   0.650061 0.00439184  -0.145666   0.603454 0.249854 0.253408 0.644939 0.0131056 -0.151607  0.638576   1.17585 -0.821033 -0.311988   -2.5716   2.96575   1.73936 -0.677319
  0.260651   0.270178   0.650058 0.00420638  -0.145849   0.603308 0.249307 0.253679 0.644918 0.0129738 -0.151707  0.638535   1.17632 -0.821776 -0.310881  -2.57155   2.96575    1.7425 -0.679776
   0.26019   0.270602   0.650056 0.00402458  -0.146028   0.603165  0.24877 0.253943 0.644896 0.0128448 -0.151804  0.638496   1.17676 -0.822495 -0.309804  -2.57149   2.96574   1.74556 -0.681709
  0.259739   0.271018   0.650053 0.00384646  -0.146204   0.603025 0.248243   0.2542 0.644875 0.0127185 -0.151898  0.638457    1.1772   -0.8232 -0.308738  -2.57145   2.96574   1.74852 -0.684119
  0.259298   0.271426   0.650051 0.00367204  -0.146376   0.602888 0.247727 0.254451 0.644854 0.0125951 -0.151989   0.63842   1.17763 -0.823882 -0.307703  -2.57141   2.96574   1.75139 -0.686016
  0.258865   0.271824   0.650049 0.00350136  -0.146545   0.602754 0.247222 0.254696 0.644834 0.0124743 -0.152077  0.638384   1.17805 -0.824549 -0.306679  -2.57138   2.96574   1.75418 -0.688377
  0.258443   0.272214   0.650046 0.00333442   -0.14671   0.602622 0.246727 0.254934 0.644814 0.0123564 -0.152162  0.638348   1.17845 -0.825195 -0.305685  -2.57134   2.96574   1.75688 -0.690237
   0.25803   0.272595   0.650044 0.00317126  -0.146871   0.602494 0.246243 0.255166 0.644794 0.0122412 -0.152243  0.638314   1.17885 -0.825826 -0.304703  -2.57132   2.96574    1.7595 -0.692549
 0.257626  0.272967  0.650042 0.0030119 -0.147028  0.602369 0.245769 0.255392 0.644775 0.0121287 -0.152322  0.638281   1.17923 -0.826435 -0.303752  -2.57129   2.96574   1.76203 -0.694371
  0.257232    0.27333    0.65004 0.00285636  -0.147181   0.602246 0.245307 0.255611 0.644757 0.0120189 -0.152398  0.638249   1.17961 -0.827031 -0.302812  -2.57127   2.96574   1.76448 -0.696632
  0.256848   0.273685   0.650038 0.00270466  -0.147331   0.602127 0.244855 0.255824 0.644738 0.0119119 -0.152472  0.638217   1.17997 -0.827606 -0.301904  -2.57126   2.96574   1.76686 -0.698416
  0.256474    0.27403   0.650036 0.00255683  -0.147477   0.602011 0.244415 0.256032  0.64472 0.0118076 -0.152542  0.638187   1.18033 -0.828166 -0.301008  -2.57124   2.96574   1.76915 -0.700625
 0.256109  0.274366  0.650034 0.0024129 -0.147619  0.601898 0.243985 0.256233 0.644703  0.011706 -0.152611  0.638158   1.18067 -0.828707 -0.300143  -2.57123   2.96573   1.77137 -0.702369
  0.255755   0.274693   0.650032 0.00227288  -0.147757   0.601787 0.243567 0.256428 0.644685 0.0116071 -0.152676  0.638129   1.18101 -0.829233 -0.299291  -2.57122   2.96573   1.77351 -0.704526
  0.25541   0.27501   0.65003 0.0021368 -0.147891   0.60168  0.24316 0.256617 0.644668  0.011511 -0.152739  0.638102   1.18133  -0.82974 -0.298469  -2.57121   2.96573   1.77558 -0.706229
  0.255076   0.275319   0.650028 0.00200468  -0.148022   0.601577 0.242765   0.2568 0.644652 0.0114175 -0.152799  0.638076   1.18165 -0.830233 -0.297661  -2.57121   2.96573   1.77757 -0.708334
  0.254751   0.275618   0.650026 0.00187655  -0.148148   0.601476 0.242381 0.256977 0.644636 0.0113268 -0.152857   0.63805   1.18195 -0.830706 -0.296884  -2.57121   2.96573   1.77949 -0.709995
  0.254437   0.275908   0.650024 0.00175243  -0.148271   0.601378 0.242009 0.257148 0.644621 0.0112388 -0.152913  0.638026   1.18225 -0.831167 -0.296121  -2.57121   2.96573   1.78134 -0.712047
  0.254133   0.276188   0.650023 0.00163234  -0.148389   0.601284 0.241648 0.257314 0.644606 0.0111536 -0.152966  0.638002   1.18253 -0.831607 -0.295389  -2.57121   2.96573   1.78313 -0.713667
  0.253839   0.276459   0.650021 0.00151631  -0.148504   0.601192 0.241299 0.257473 0.644591  0.011071 -0.153017  0.637979   1.18281 -0.832035 -0.294672  -2.57121   2.96573   1.78484 -0.715666
  0.253556   0.276721    0.65002 0.00140435  -0.148614   0.601104 0.240962 0.257627 0.644577 0.0109912 -0.153066  0.637958   1.18307 -0.832444 -0.293985  -2.57121   2.96573   1.78649 -0.717243
 0.253283  0.276973  0.650018 0.0012965 -0.148721   0.60102 0.240637 0.257775 0.644563 0.0109142 -0.153113  0.637937   1.18333  -0.83284 -0.293314  -2.57122   2.96573   1.78808 -0.719188
   0.25302   0.277215   0.650017 0.00119278  -0.148823   0.600938 0.240324 0.257917  0.64455 0.0108398 -0.153157  0.637917   1.18357 -0.833218 -0.292673  -2.57122   2.96573    1.7896 -0.720723
 0.252768  0.277447  0.650015 0.0010932 -0.148921   0.60086 0.240023 0.258053 0.644538 0.0107682   -0.1532  0.637898   1.18381 -0.833582 -0.292048  -2.57122   2.96573   1.79106 -0.722616
   0.252526     0.27767    0.650014 0.000997804   -0.149015    0.600785 0.239734 0.258184 0.644526 0.0106994  -0.15324   0.63788   1.18403 -0.833929 -0.291454  -2.57123   2.96573   1.79245 -0.724108
   0.252296    0.277883    0.650013 0.000906601   -0.149105    0.600713 0.239458 0.258309 0.644514 0.0106333 -0.153278  0.637862   1.18425 -0.834262 -0.290876  -2.57123   2.96573   1.79379 -0.725947
   0.252075    0.278086    0.650011 0.000819618   -0.149191    0.600645 0.239193 0.258428 0.644503   0.01057 -0.153315  0.637846   1.18445 -0.834578 -0.290329  -2.57123   2.96573   1.79507 -0.727398
   0.251866    0.278279     0.65001 0.000736879   -0.149273    0.600579 0.238942 0.258541 0.644492 0.0105095 -0.153349  0.637831   1.18465  -0.83488 -0.289798  -2.57123   2.96573   1.79629 -0.729184
   0.251667    0.278463    0.650009 0.000658407    -0.14935    0.600518 0.238702 0.258649 0.644482 0.0104518 -0.153382  0.637816   1.18484 -0.835165 -0.289299  -2.57123   2.96573   1.79745 -0.730592
   0.251479    0.278636    0.650008 0.000584226   -0.149423    0.600459 0.238475  0.25875 0.644472 0.0103967 -0.153412  0.637803   1.18502 -0.835438 -0.288816  -2.57123   2.96573   1.79856 -0.732327
   0.251302    0.278799    0.650007 0.000514359   -0.149492    0.600405 0.238261 0.258847 0.644463 0.0103446 -0.153441   0.63779   1.18518 -0.835692 -0.288365  -2.57123   2.96573   1.79961 -0.733693
  0.251136   0.278952   0.650006 0.00044883  -0.149557   0.600353  0.23806 0.258937 0.644454 0.0102952 -0.153468  0.637779   1.18534 -0.835935 -0.287931  -2.57123   2.96573   1.80061 -0.735375
   0.250982    0.279095    0.650005 0.000387662   -0.149617    0.600305 0.237871 0.259022 0.644446 0.0102487 -0.153493  0.637768   1.18549 -0.836159 -0.287528  -2.57122   2.96573   1.80156 -0.736701
   0.250838    0.279227    0.650005 0.000330878   -0.149673     0.60026 0.237695 0.259101 0.644438  0.010205 -0.153516  0.637758   1.18563 -0.836371 -0.287143  -2.57122   2.96573   1.80245 -0.738332
   0.250705     0.27935    0.650004 0.000278502   -0.149725    0.600219 0.237532 0.259175 0.644431 0.0101642 -0.153538  0.637749   1.18575 -0.836566 -0.286789  -2.57121   2.96573   1.80329 -0.739616
   0.250584    0.279462    0.650003 0.000230558   -0.149772    0.600181 0.237382 0.259242 0.644425 0.0101262 -0.153558  0.637741   1.18588 -0.836748 -0.286454   -2.5712   2.96573   1.80408 -0.741198
   0.250474    0.279563    0.650003 0.000187069   -0.149815    0.600147 0.237245 0.259304 0.644419 0.0100912 -0.153576  0.637734   1.18598 -0.836913  -0.28615  -2.57118   2.96573   1.80482 -0.742442
   0.250375    0.279654    0.650002 0.000148057   -0.149854    0.600116 0.237122 0.259361 0.644413 0.0100589 -0.153593  0.637728   1.18609 -0.837066 -0.285864  -2.57117   2.96573   1.80551 -0.743974
   0.250288    0.279735    0.650002 0.000113548   -0.149888    0.600089 0.237011 0.259411 0.644408 0.0100297 -0.153607  0.637723   1.18618   -0.8372  -0.28561  -2.57114   2.96573   1.80615 -0.745179
   0.250212    0.279805    0.650001 8.35636e-05   -0.149918    0.600066 0.236914 0.259456 0.644403 0.0100032 -0.153621  0.637719   1.18626 -0.837323 -0.285375  -2.57112   2.96573   1.80674 -0.746663
  0.250147   0.279864   0.650001 5.8128e-05  -0.149943   0.600046  0.23683 0.259495 0.644399 0.00997973  -0.153632   0.637716   1.18633 -0.837428 -0.285172   -2.5711   2.96573   1.80729  -0.74783
   0.250094    0.279913    0.650001 3.72644e-05   -0.149963    0.600029  0.23676 0.259529 0.644396 0.00995923  -0.153642   0.637713    1.1864 -0.837521 -0.284988  -2.57107   2.96573   1.80778 -0.749267
   0.250053    0.279951        0.65 2.09964e-05   -0.149979    0.600017 0.236703 0.259557 0.644393 0.00994163   -0.15365   0.637712   1.18645 -0.837597 -0.284836  -2.57103   2.96573   1.80823 -0.750396
   0.250024    0.279978        0.65 9.34737e-06   -0.149991    0.600007 0.236659 0.259578 0.644391 0.00992698  -0.153657   0.637712   1.18649  -0.83766 -0.284703    -2.571   2.96573   1.80864 -0.751787
   0.250006    0.279995        0.65 2.34075e-06   -0.149998    0.600002  0.23663 0.259595  0.64439 0.00991536  -0.153662   0.637712   1.18653 -0.837705 -0.284603  -2.57096   2.96573   1.80899  -0.75288
 0.25  0.28  0.65     0 -0.15   0.6 0.236614 0.259605 0.644388 0.00990664  -0.153665   0.637714   1.18655 -0.837738 -0.284522  -2.57092   2.96573    1.8093 -0.754227
 0.25  0.28  0.65     0 -0.15   0.6 0.236612  0.25961 0.644388 0.00990103  -0.153667   0.637717   1.18657 -0.837754 -0.284473  -2.57087   2.96573   1.80957 -0.755284
 0.25  0.28  0.65     0 -0.15   0.6 0.236624 0.259608 0.644388 0.00989837  -0.153667    0.63772   1.18658 -0.837756 -0.284445  -2.57082   2.96573   1.80979 -0.756587
 0.25  0.28  0.65     0 -0.15   0.6 0.236629 0.259609 0.644389 0.00989556  -0.153667   0.637723   1.18659 -0.837761 -0.284415  -2.57077   2.96574   1.80998 -0.757609
 0.25  0.28  0.65     0 -0.15   0.6 0.236635  0.25961  0.64439 0.00989395  -0.153667   0.637726    1.1866 -0.837765 -0.284384  -2.57074   2.96574   1.81014 -0.758869
 0.25  0.28  0.65     0 -0.15   0.6  0.23664 0.259611  0.64439 0.00989238  -0.153666   0.637728   1.18662 -0.837768 -0.284358  -2.57071   2.96575   1.81028 -0.759856
 0.25  0.28  0.65     0 -0.15   0.6 0.236644 0.259612 0.644391 0.00989119  -0.153665    0.63773   1.18663 -0.837771 -0.284328  -2.57068   2.96575   1.81039 -0.761072
 0.25  0.28  0.65     0 -0.15   0.6 0.236649 0.259613  0.64439 0.00989021  -0.153664   0.637732   1.18665 -0.837773 -0.284305  -2.57066   2.96576   1.81049 -0.762025
 0.25  0.28  0.65     0 -0.15   0.6 0.236653 0.259614  0.64439 0.00988934  -0.153663   0.637734   1.18666 -0.837775 -0.284277  -2.57065   2.96576   1.81058 -0.763201
 0.25  0.28  0.65     0 -0.15   0.6 0.236657 0.259615 0.644388 0.00988871  -0.153661   0.637736   1.18668 -0.837775 -0.284256  -2.57063   2.96577   1.81065 -0.764121
 0.25  0.28  0.65     0 -0.15   0.6  0.23666 0.259616 0.644387 0.00988822  -0.153659   0.637737   1.18669 -0.837776  -0.28423  -2.57063   2.96577    1.8107 -0.765258
 0.25  0.28  0.65     0 -0.15   0.6 0.236664 0.259617 0.644386 0.00988787  -0.153657   0.637739    1.1867 -0.837775  -0.28421  -2.57062   2.96577   1.81075 -0.766146
 0.25  0.28  0.65     0 -0.15   0.6 0.236667 0.259618 0.644385 0.0098876 -0.153655   0.63774   1.18672 -0.837775 -0.284186  -2.57061   2.96577   1.81079 -0.767243
 0.25  0.28  0.65     0 -0.15   0.6 0.236671 0.259619 0.644384 0.0098875 -0.153653  0.637742   1.18673 -0.837773 -0.284167  -2.57061   2.96578   1.81082 -0.768101
 0.25  0.28  0.65     0 -0.15   0.6 0.236674  0.25962 0.644384 0.00988744  -0.153651   0.637743   1.18675 -0.837772 -0.284144   -2.5706   2.96578   1.81085 -0.769161
 0.25  0.28  0.65     0 -0.15   0.6 0.236677  0.25962 0.644383 0.00988751  -0.153648   0.637745   1.18676  -0.83777 -0.284126   -2.5706   2.96578   1.81087 -0.769988
 0.25  0.28  0.65     0 -0.15   0.6  0.23668 0.259621 0.644383 0.00988763  -0.153646   0.637746   1.18677 -0.837769 -0.284104   -2.5706   2.96578   1.81088 -0.771013
 0.25  0.28  0.65     0 -0.15   0.6 0.236682 0.259622 0.644383 0.00988788  -0.153644   0.637747   1.18678 -0.837767 -0.284087   -2.5706   2.96578   1.81089  -0.77181
 0.25  0.28  0.65     0 -0.15   0.6 0.236685 0.259622 0.644383 0.00988807  -0.153641   0.637748    1.1868 -0.837766 -0.284066   -2.5706   2.96578   1.81089   -0.7728
 0.25  0.28  0.65     0 -0.15   0.6 0.236687 0.259623 0.644384 0.00988844  -0.153639    0.63775   1.18681 -0.837763  -0.28405   -2.5706   2.96578    1.8109 -0.773569
 0.25  0.28  0.65     0 -0.15   0.6  0.23669 0.259624 0.644384 0.00988881  -0.153637   0.637751   1.18683 -0.837762 -0.284031   -2.5706   2.96578    1.8109 -0.774525
 0.25  0.28  0.65     0 -0.15   0.6 0.236692 0.259624 0.644384 0.00988922  -0.153635   0.637752   1.18684 -0.837759 -0.284016   -2.5706   2.96578    1.8109 -0.775267
 0.25  0.28  0.65     0 -0.15   0.6 0.236695 0.259625 0.644384 0.00988956  -0.153632   0.637753   1.18685 -0.837758 -0.283997   -2.5706   2.96578   1.81089  -0.77619
 0.25  0.28  0.65     0 -0.15   0.6 0.236697 0.259626 0.644385 0.00989001   -0.15363   0.637754   1.18686 -0.837755 -0.283983   -2.5706   2.96578   1.81089 -0.776905
 0.25  0.28  0.65     0 -0.15   0.6 0.236699 0.259626 0.644385 0.00989037  -0.153628   0.637755   1.18688 -0.837754 -0.283965   -2.5706   2.96577   1.81088 -0.777796
 0.25  0.28  0.65     0 -0.15   0.6 0.236701 0.259626 0.644385 0.00989076  -0.153626   0.637756   1.18689 -0.837751 -0.283951   -2.5706   2.96577   1.81087 -0.778485
 0.25  0.28  0.65     0 -0.15   0.6 0.236704 0.259627 0.644385 0.00989112  -0.153623   0.637757    1.1869 -0.837749 -0.283934  -2.57061   2.96577   1.81087 -0.779346
 0.25  0.28  0.65     0 -0.15   0.6 0.236706 0.259627 0.644385 0.00989146  -0.153621   0.637758   1.18691 -0.837745 -0.283921  -2.57061   2.96577   1.81086  -0.78001
 0.25  0.28  0.65     0 -0.15   0.6 0.236709 0.259628 0.644385 0.00989173  -0.153619   0.637759   1.18692 -0.837743 -0.283904  -2.57061   2.96577   1.81085  -0.78084
 0.25  0.28  0.65     0 -0.15   0.6 0.236711 0.259628 0.644385 0.00989196  -0.153616    0.63776   1.18693 -0.837739 -0.283891  -2.57061   2.96577   1.81084  -0.78148
 0.25  0.28  0.65     0 -0.15   0.6 0.236714 0.259628 0.644385 0.00989227  -0.153614   0.637761   1.18694 -0.837737 -0.283875  -2.57061   2.96577   1.81082 -0.782282
 0.25  0.28  0.65     0 -0.15   0.6 0.236716 0.259628 0.644385 0.00989244  -0.153611   0.637762   1.18694 -0.837733 -0.283862  -2.57062   2.96577   1.81081 -0.782898
 0.25  0.28  0.65     0 -0.15   0.6 0.236719 0.259628 0.644385 0.00989268  -0.153609   0.637763   1.18695  -0.83773 -0.283847  -2.57062   2.96577    1.8108 -0.783671
 0.25  0.28  0.65     0 -0.15   0.6 0.236722 0.259629 0.644384 0.00989277  -0.153606   0.637764   1.18696 -0.837725 -0.283835  -2.57062   2.96577   1.81079 -0.784265
 0.25  0.28  0.65     0 -0.15   0.6 0.236724 0.259629 0.644384 0.00989292  -0.153604   0.637765   1.18697 -0.837723  -0.28382  -2.57062   2.96577   1.81078  -0.78501
 0.25  0.28  0.65     0 -0.15   0.6 0.236727 0.259629 0.644384  0.009893 -0.153602  0.637766   1.18697 -0.837718 -0.283808  -2.57063   2.96577   1.81076 -0.785582
 0.25  0.28  0.65     0 -0.15   0.6  0.23673 0.259629 0.644384 0.00989314  -0.153599   0.637767   1.18698 -0.837715 -0.283794  -2.57063   2.96577   1.81075 -0.786301
 0.25  0.28  0.65     0 -0.15   0.6 0.236732 0.259629 0.644384 0.00989326  -0.153597   0.637768   1.18699  -0.83771 -0.283782  -2.57063   2.96577   1.81074 -0.786851
 0.25  0.28  0.65     0 -0.15   0.6 0.236735 0.259629 0.644383 0.00989332  -0.153594   0.637769   1.18699 -0.837707 -0.283768  -2.57064   2.96578   1.81072 -0.787544
 0.25  0.28  0.65     0 -0.15   0.6 0.236737 0.259629 0.644383 0.00989353  -0.153592    0.63777     1.187 -0.837703 -0.283758  -2.57064   2.96578   1.81071 -0.788073
 0.25  0.28  0.65     0 -0.15   0.6  0.23674 0.259629 0.644383 0.00989361  -0.153589   0.637771   1.18701 -0.837699 -0.283744  -2.57064   2.96578    1.8107 -0.788741
 0.25  0.28  0.65     0 -0.15   0.6 0.236742  0.25963 0.644383 0.00989372  -0.153587   0.637772   1.18701 -0.837695 -0.283734  -2.57064   2.96578   1.81068  -0.78925
 0.25  0.28  0.65     0 -0.15   0.6 0.236745  0.25963 0.644383 0.00989395  -0.153585   0.637773   1.18702 -0.837692 -0.283721  -2.57065   2.96578   1.81067 -0.789894
 0.25  0.28  0.65     0 -0.15   0.6 0.236747  0.25963 0.644383 0.00989403  -0.153582   0.637774   1.18702 -0.837687  -0.28371  -2.57065   2.96578   1.81065 -0.790384
 0.25  0.28  0.65     0 -0.15   0.6 0.236749  0.25963 0.644383 0.00989425   -0.15358   0.637775   1.18703 -0.837684 -0.283698  -2.57065   2.96578   1.81064 -0.791004
 0.25  0.28  0.65     0 -0.15   0.6 0.236751  0.25963 0.644382 0.00989449  -0.153578   0.637776   1.18704 -0.837679 -0.283689  -2.57065   2.96578   1.81063 -0.791475
 0.25  0.28  0.65     0 -0.15   0.6 0.236754 0.259631 0.644383 0.00989469  -0.153576   0.637777   1.18704 -0.837676 -0.283676  -2.57066   2.96578   1.81061 -0.792072
 0.25  0.28  0.65     0 -0.15   0.6 0.236756 0.259631 0.644382 0.00989495  -0.153573   0.637778   1.18705 -0.837671 -0.283667  -2.57066   2.96578    1.8106 -0.792524
 0.25  0.28  0.65     0 -0.15   0.6 0.236758 0.259631 0.644382 0.0098952 -0.153571  0.637779   1.18705 -0.837667 -0.283656  -2.57066   2.96578   1.81059   -0.7931
 0.25  0.28  0.65     0 -0.15   0.6  0.23676 0.259632 0.644382 0.00989545  -0.153569    0.63778   1.18706 -0.837663 -0.283647  -2.57066   2.96578   1.81057 -0.793535
 0.25  0.28  0.65     0 -0.15   0.6 0.236762 0.259632 0.644382 0.00989577  -0.153567   0.637781   1.18706 -0.837659 -0.283636  -2.57066   2.96578   1.81056 -0.794089
 0.25  0.28  0.65     0 -0.15   0.6 0.236764 0.259632 0.644382 0.00989602  -0.153565   0.637782   1.18707 -0.837654 -0.283628  -2.57067   2.96578   1.81055 -0.794506
 0.25  0.28  0.65     0 -0.15   0.6 0.236766 0.259632 0.644382 0.0098963 -0.153562  0.637783   1.18707 -0.837651 -0.283617  -2.57067   2.96578   1.81053 -0.795039
 0.25  0.28  0.65     0 -0.15   0.6 0.236768 0.259633 0.644382 0.00989661   -0.15356   0.637784   1.18708 -0.837646 -0.283609  -2.57067   2.96578   1.81052  -0.79544
 0.25  0.28  0.65     0 -0.15   0.6  0.23677 0.259633 0.644382 0.0098969 -0.153558  0.637785   1.18708 -0.837642 -0.283599  -2.57067   2.96578   1.81051 -0.795953
 0.25  0.28  0.65     0 -0.15   0.6 0.236772 0.259633 0.644382 0.00989713  -0.153556   0.637786   1.18709 -0.837637 -0.283591  -2.57067   2.96578   1.81049 -0.796338
 0.25  0.28  0.65     0 -0.15   0.6 0.236774 0.259634 0.644382 0.00989735  -0.153554   0.637787   1.18709 -0.837633 -0.283581  -2.57067   2.96578   1.81048 -0.796832
 0.25  0.28  0.65     0 -0.15   0.6 0.236776 0.259634 0.644382 0.00989756  -0.153552   0.637788    1.1871 -0.837629 -0.283574  -2.57068   2.96578   1.81047 -0.797201
 0.25  0.28  0.65     0 -0.15   0.6 0.236779 0.259634 0.644382 0.00989788  -0.153549   0.637789    1.1871 -0.837624 -0.283565  -2.57068   2.96578   1.81045 -0.797676
 0.25  0.28  0.65     0 -0.15   0.6  0.23678 0.259635 0.644382 0.00989802  -0.153547    0.63779    1.1871  -0.83762 -0.283558  -2.57068   2.96578   1.81044  -0.79803
 0.25  0.28  0.65     0 -0.15   0.6 0.236783 0.259635 0.644382 0.00989819  -0.153545   0.637791   1.18711 -0.837615 -0.283548  -2.57068   2.96578   1.81043 -0.798486
 0.25  0.28  0.65     0 -0.15   0.6 0.236785 0.259635 0.644382 0.00989847  -0.153543   0.637792   1.18711  -0.83761 -0.283542  -2.57068   2.96578   1.81041 -0.798826
 0.25  0.28  0.65     0 -0.15   0.6 0.236787 0.259635 0.644381 0.00989865  -0.153541   0.637793   1.18711 -0.837606 -0.283533  -2.57068   2.96578    1.8104 -0.799264
 0.25  0.28  0.65     0 -0.15   0.6 0.236789 0.259636 0.644381 0.00989879  -0.153539   0.637794   1.18712 -0.837601 -0.283526  -2.57069   2.96578   1.81039 -0.799589
 0.25  0.28  0.65     0 -0.15   0.6 0.236791 0.259636 0.644381 0.00989899  -0.153537   0.637794   1.18712 -0.837597 -0.283518  -2.57069   2.96578   1.81038 -0.800011
 0.25  0.28  0.65     0 -0.15   0.6 0.236793 0.259636 0.644381 0.00989914  -0.153535   0.637795   1.18712 -0.837592 -0.283512  -2.57069   2.96578   1.81036 -0.800322
 0.25  0.28  0.65     0 -0.15   0.6 0.236795 0.259636 0.644381 0.00989935  -0.153533   0.637796   1.18713 -0.837588 -0.283504  -2.57069   2.96578   1.81035 -0.800728
 0.25  0.28  0.65     0 -0.15   0.6 0.236797 0.259636 0.644381 0.00989948  -0.153531   0.637797   1.18713 -0.837583 -0.283498  -2.57069   2.96578   1.81034 -0.801025
 0.25  0.28  0.65     0 -0.15   0.6 0.236799 0.259637 0.644381 0.00989962  -0.153529   0.637798   1.18713 -0.837579  -0.28349  -2.57069   2.96578   1.81032 -0.801415
 0.25  0.28  0.65     0 -0.15   0.6 0.236801 0.259637 0.644381 0.00989978  -0.153527   0.637799   1.18713 -0.837574 -0.283484  -2.57069   2.96578   1.81031 -0.801699
 0.25  0.28  0.65     0 -0.15   0.6 0.236803 0.259637 0.644381 0.00989993  -0.153525     0.6378   1.18713 -0.837569 -0.283477  -2.57069   2.96578    1.8103 -0.802073
 0.25  0.28  0.65     0 -0.15   0.6 0.236805 0.259637 0.644381 0.00990008  -0.153523   0.637801   1.18713 -0.837564 -0.283472   -2.5707   2.96578   1.81029 -0.802345
 0.25  0.28  0.65     0 -0.15   0.6 0.236807 0.259638 0.644381 0.00990029  -0.153521   0.637802   1.18714  -0.83756 -0.283464   -2.5707   2.96578   1.81027 -0.802704
 0.25  0.28  0.65     0 -0.15   0.6 0.236809 0.259638 0.644381 0.00990038  -0.153519   0.637803   1.18714 -0.837555 -0.283459   -2.5707   2.96578   1.81026 -0.802964
 0.25  0.28  0.65     0 -0.15   0.6  0.23681 0.259638 0.644381 0.00990048  -0.153517   0.637804   1.18714 -0.837551 -0.283452   -2.5707   2.96578   1.81025 -0.803308
 0.25  0.28  0.65     0 -0.15   0.6 0.236812 0.259638 0.644381 0.0099007 -0.153515  0.637805   1.18714 -0.837546 -0.283447   -2.5707   2.96578   1.81024 -0.803556
 0.25  0.28  0.65     0 -0.15   0.6 0.236814 0.259639 0.644381 0.00990091  -0.153513   0.637805   1.18714 -0.837541 -0.283441   -2.5707   2.96578   1.81022 -0.803886
 0.25  0.28  0.65     0 -0.15   0.6 0.236816 0.259639  0.64438 0.00990109  -0.153511   0.637806   1.18714 -0.837536 -0.283436   -2.5707   2.96578   1.81021 -0.804123
 0.25  0.28  0.65     0 -0.15   0.6 0.236818 0.259639  0.64438 0.00990126  -0.153509   0.637807   1.18715 -0.837532 -0.283429   -2.5707   2.96578    1.8102 -0.804439
 0.25  0.28  0.65     0 -0.15   0.6 0.236819  0.25964  0.64438 0.00990144  -0.153508   0.637808   1.18715 -0.837527 -0.283425   -2.5707   2.96579   1.81019 -0.804665
 0.25  0.28  0.65     0 -0.15   0.6 0.236821  0.25964  0.64438 0.0099017 -0.153506  0.637809   1.18715 -0.837522 -0.283419   -2.5707   2.96578   1.81017 -0.804967
 0.25  0.28  0.65     0 -0.15   0.6 0.236823  0.25964  0.64438 0.00990184  -0.153504    0.63781   1.18715 -0.837517 -0.283415   -2.5707   2.96579   1.81016 -0.805183
 0.25  0.28  0.65     0 -0.15   0.6 0.236825 0.259641  0.64438 0.00990205  -0.153502   0.637811   1.18715 -0.837512 -0.283409  -2.57071   2.96579   1.81015 -0.805473
 0.25  0.28  0.65     0 -0.15   0.6 0.236826 0.259641  0.64438 0.00990217    -0.1535   0.637812   1.18715 -0.837507 -0.283405  -2.57071   2.96579   1.81014 -0.805678
 0.25  0.28  0.65     0 -0.15   0.6 0.236828 0.259641  0.64438 0.00990236  -0.153498   0.637812   1.18715 -0.837503 -0.283399  -2.57071   2.96579   1.81013 -0.805955
 0.25  0.28  0.65     0 -0.15   0.6  0.23683 0.259641  0.64438 0.0099025 -0.153497  0.637813   1.18715 -0.837498 -0.283395  -2.57071   2.96578   1.81011 -0.806151
 0.25  0.28  0.65     0 -0.15   0.6 0.236832 0.259642  0.64438 0.00990268  -0.153495   0.637814   1.18715 -0.837493  -0.28339  -2.57071   2.96579    1.8101 -0.806416
 0.25  0.28  0.65     0 -0.15   0.6 0.236833 0.259642  0.64438 0.00990291  -0.153493   0.637815   1.18715 -0.837488 -0.283386  -2.57071   2.96579   1.81009 -0.806602
 0.25  0.28  0.65     0 -0.15   0.6 0.236835 0.259642  0.64438 0.00990304  -0.153491   0.637816   1.18716 -0.837484 -0.283381  -2.57071   2.96579   1.81008 -0.806855
 0.25  0.28  0.65     0 -0.15   0.6 0.236837 0.259643  0.64438 0.00990326  -0.153489   0.637817   1.18716 -0.837479 -0.283378  -2.57071   2.96579   1.81007 -0.807032
 0.25  0.28  0.65     0 -0.15   0.6 0.236839 0.259643 0.644379 0.00990336  -0.153488   0.637818   1.18716 -0.837474 -0.283373  -2.57071   2.96579   1.81005 -0.807274
 0.25  0.28  0.65     0 -0.15   0.6  0.23684 0.259643 0.644379 0.00990353  -0.153486   0.637818   1.18716 -0.837469  -0.28337  -2.57071   2.96579   1.81004 -0.807442
 0.25  0.28  0.65     0 -0.15   0.6 0.236842 0.259643 0.644379 0.00990363  -0.153484   0.637819   1.18716 -0.837464 -0.283365  -2.57071   2.96579   1.81003 -0.807673
 0.25  0.28  0.65     0 -0.15   0.6 0.236844 0.259644 0.644379 0.00990376  -0.153482    0.63782   1.18716  -0.83746 -0.283362  -2.57071   2.96579   1.81002 -0.807832
 0.25  0.28  0.65     0 -0.15   0.6 0.236845 0.259644 0.644379 0.00990393  -0.153481   0.637821   1.18716 -0.837455 -0.283358  -2.57071   2.96579   1.81001 -0.808052
 0.25  0.28  0.65     0 -0.15   0.6 0.236847 0.259644 0.644379 0.00990402  -0.153479   0.637822   1.18716  -0.83745 -0.283355  -2.57071   2.96579   1.80999 -0.808203
 0.25  0.28  0.65     0 -0.15   0.6 0.236849 0.259644 0.644379 0.00990419  -0.153477   0.637822   1.18716 -0.837445 -0.283351  -2.57071   2.96579   1.80998 -0.808413
 0.25  0.28  0.65     0 -0.15   0.6  0.23685 0.259645 0.644379 0.0099043 -0.153476  0.637823   1.18715  -0.83744 -0.283348  -2.57071   2.96579   1.80997 -0.808555
 0.25  0.28  0.65     0 -0.15   0.6 0.236852 0.259645 0.644379 0.00990448  -0.153474   0.637824   1.18715 -0.837436 -0.283344  -2.57071   2.96579   1.80996 -0.808756
 0.25  0.28  0.65     0 -0.15   0.6 0.236854 0.259645 0.644379 0.00990456  -0.153472   0.637825   1.18715  -0.83743 -0.283341  -2.57071   2.96579   1.80995  -0.80889
