  0.566501 -0.0120124   0.652101   0.124901 -0.0266002     0.6984   0.566501 -0.0120124   0.652101   0.124901 -0.0266002     0.6984 -2.14577e-06  2.86102e-06  7.15256e-07     -1.57079 -0.000145912       1.5708  1.37091e-06
  0.566495 -0.0120069   0.652101   0.124899 -0.0266025   0.698398   0.566501 -0.0120125   0.652101   0.124901 -0.0266002     0.6984 -2.14577e-06  2.86102e-06  4.76837e-07     -1.57079 -0.000145197       1.5708  1.13249e-06
  0.566477 -0.0119906   0.652101   0.124892 -0.0266094   0.698392   0.566502 -0.0120244   0.652102   0.124902 -0.0266002   0.698399 -3.09944e-06  5.48363e-06  1.19209e-06     -1.57079 -0.000293493       1.5708  2.80142e-06
  0.566448 -0.0119634   0.652101    0.12488 -0.0266209   0.698383   0.566489 -0.0120154   0.652103   0.124887 -0.0265984   0.698403  2.38419e-06 -4.43459e-05  1.07288e-05     -1.57086 -0.000287294      1.57084  -1.2517e-06
  0.566407 -0.0119254     0.6521   0.124864  -0.026637    0.69837   0.566477 -0.0120132   0.652102   0.124873 -0.0265953   0.698406  1.40667e-05 -9.65595e-05  2.36034e-05     -1.57093 -0.000435352      1.57088 -3.15905e-06
  0.566354 -0.0118767     0.6521   0.124843 -0.0266575   0.698354   0.566451 -0.0119929     0.6521   0.124843 -0.0265911   0.698413  2.74181e-05 -0.000200272  4.41074e-05     -1.57108 -0.000422239      1.57097 -1.17421e-05
  0.566289 -0.0118173   0.652099   0.124817 -0.0266826   0.698334   0.566425 -0.0119762   0.652095   0.124811 -0.0265848    0.69842  5.22137e-05 -0.000311375  6.91414e-05     -1.57124 -0.000569582      1.57106 -1.84178e-05
  0.566213 -0.0117473   0.652099   0.124788 -0.0267122    0.69831   0.566386 -0.0119432   0.652088  0.124765 -0.026578   0.69843  7.48634e-05 -0.000473261  0.000101566     -1.57147 -0.000549078       1.5712 -3.17693e-05
  0.566126 -0.0116667   0.652098   0.124753 -0.0267463   0.698283   0.566344 -0.0119115   0.652079   0.124716 -0.0265684   0.698441  0.000113249 -0.000647545  0.000139475     -1.57173 -0.000695467      1.57135 -4.39286e-05
  0.566027 -0.0115756   0.652098   0.124714 -0.0267848   0.698253   0.566291 -0.0118648   0.652068   0.124652 -0.0265587   0.698455  0.000146389 -0.000872612  0.000184298     -1.57206 -0.000667095      1.57156 -6.32405e-05
  0.565917  -0.011474   0.652097   0.124671 -0.0268277   0.698218   0.566233 -0.0118178   0.652055   0.124584 -0.0265459    0.69847  0.000198364  -0.00111485  0.000235319     -1.57242 -0.000812531      1.57178 -8.13603e-05
  0.565796 -0.0113621   0.652096   0.124623  -0.026875   0.698181   0.566164 -0.0117565   0.652042   0.124501 -0.0265331   0.698489  0.000242949   -0.0014081  0.000293255     -1.57284 -0.000776052      1.57205  -0.00010711
  0.565663 -0.0112397   0.652095    0.12457 -0.0269267   0.698139    0.56609 -0.0116935   0.652027   0.124412 -0.0265168   0.698508   0.00030899  -0.00172305  0.000358105     -1.57331 -0.000920296      1.57234 -0.000132382
   0.56552 -0.0111071   0.652094   0.124514 -0.0269827   0.698095   0.566005 -0.0116169   0.652012   0.124308 -0.0265008   0.698531  0.000366211   -0.0020895  0.000429153     -1.57384 -0.000875473       1.5727 -0.000165045
  0.565365 -0.0109643   0.652093   0.124453 -0.0270431   0.698047   0.565913 -0.0115373   0.651996   0.124197 -0.0264809   0.698556  0.000447512   -0.0024817  0.000507832     -1.57441    -0.001019      1.57307 -0.000197709
  0.565199 -0.0108113   0.652092   0.124387 -0.0271078   0.697995    0.56581 -0.0114444   0.651981    0.12407 -0.0264615   0.698584  0.000518799  -0.00292587  0.000592232     -1.57505 -0.000965595      1.57351 -0.000238001
  0.565022 -0.0106481   0.652091   0.124317 -0.0271767    0.69794     0.5657 -0.0113474   0.651965   0.123936 -0.0264379   0.698613  0.000616312  -0.00339937  0.000684977     -1.57573  -0.00110817      1.57397 -0.000279009
  0.564834 -0.0104749    0.65209   0.124243 -0.0272499   0.697882  0.565579 -0.011237   0.65195   0.123786 -0.0264149   0.698647  0.000703335  -0.00392509  0.000783205     -1.57649   -0.0010457       1.5745 -0.000327647
  0.564636 -0.0102917   0.652088   0.124165 -0.0273273    0.69782    0.56545 -0.0111222   0.651935   0.123627 -0.0263874   0.698682  0.000818491   -0.0044837   0.00088954     -1.57729  -0.00118756      1.57506 -0.000377238
  0.564426 -0.0100984   0.652087   0.124082  -0.027409   0.697755    0.56531 -0.0109935   0.651921   0.123452 -0.0263607    0.69872   0.00092268  -0.00509477   0.00100136     -1.57816  -0.00111556      1.57568 -0.000434697
   0.564206 -0.00989532    0.652086    0.123995  -0.0274948    0.697686   0.565162 -0.0108601   0.651908   0.123267 -0.0263292   0.698761   0.00105667   -0.0057416   0.00112152     -1.57908  -0.00125718      1.57634 -0.000493348
   0.563975 -0.00968234    0.652084    0.123904  -0.0275848    0.697615   0.565002 -0.0107127   0.651895   0.123067 -0.0262986   0.698805   0.00117922  -0.00644135   0.00124669     -1.58007  -0.00117493      1.57707 -0.000560582
   0.563734 -0.00945957    0.652083    0.123809   -0.027679    0.697539   0.564833 -0.0105601   0.651884   0.122856 -0.0262631   0.698851   0.00133324   -0.0071795   0.00138044     -1.58112  -0.00131607      1.57783 -0.000628531
   0.563482 -0.00922704    0.652081     0.12371  -0.0277772    0.697461   0.564653 -0.0103936   0.651875   0.122628 -0.0262286   0.698901    0.0014751  -0.00797057   0.00151849     -1.58223  -0.00122333      1.57867 -0.000705779
   0.563219 -0.00898483    0.652079    0.123606  -0.0278796     0.69738   0.564464 -0.0102219   0.651867    0.12239 -0.0261891   0.698953   0.00164962  -0.00880241   0.00166535      -1.5834  -0.00136375      1.57954 -0.000783741
   0.562946 -0.00873298    0.652077    0.123498   -0.027986    0.697295   0.564263 -0.0100362    0.65186   0.122136 -0.0261508   0.699008  0.00181127 -0.00968647   0.0018158    -1.58463  -0.0012598     1.58049 -0.00087148
   0.562663 -0.00847154    0.652075    0.123386  -0.0280965    0.697207    0.564053 -0.00984571    0.651856    0.12187 -0.0261073   0.699066   0.00200653    -0.010613   0.00197506     -1.58593  -0.00139952      1.58148 -0.000960171
   0.562369 -0.00820058    0.652073    0.123271   -0.028211    0.697115   0.563832 -0.0096409   0.651852   0.121588 -0.0260652   0.699127  0.00218821  -0.0115907  0.00213766    -1.58729 -0.00128365     1.58254 -0.00105888
   0.562065 -0.00792015    0.652071    0.123151  -0.0283295    0.697021    0.563602 -0.00943179    0.651851  0.121294 -0.026018   0.69919  0.00240445  -0.0126114  0.00230861    -1.58872 -0.00142193     1.58365 -0.00115854
  0.561751 -0.0076303   0.652069   0.123027  -0.028452   0.696923   0.563361 -0.0092084   0.651849   0.120985 -0.0259723   0.699256  0.00260615  -0.0136819  0.00248241     -1.5902  -0.0012939     1.58483 -0.00126845
   0.561427 -0.00733109    0.652067    0.122899  -0.0285784    0.696822    0.563111 -0.00898109     0.65185   0.120664 -0.0259214   0.699325  0.00284338  -0.0147951  0.00266433    -1.59175 -0.00143027     1.58607 -0.00137955
   0.561093 -0.00702257    0.652065    0.122767  -0.0287088    0.696718    0.56285 -0.0087392    0.65185   0.120328 -0.0258722   0.699396  0.00306582  -0.0159566  0.00284839    -1.59337 -0.00128865     1.58737  -0.0015009
   0.560748 -0.00670479    0.652063    0.122631  -0.0288431    0.696611    0.562581 -0.00849375    0.651851   0.119981 -0.0258177   0.699469  0.00332475  -0.0171609  0.00304055    -1.59505 -0.00142336     1.58873 -0.00162369
   0.560394 -0.00637782     0.65206    0.122491  -0.0289813    0.696501    0.562302 -0.00823312    0.651849   0.11962 -0.025765  0.699544  0.00356913  -0.0184119  0.00323415     -1.5968 -0.00126767     1.59016 -0.00175673
   0.560029 -0.00604171    0.652058    0.122347  -0.0291233    0.696388    0.562013 -0.00796942    0.651849   0.119247 -0.0257071   0.699621  0.00385118  -0.0197058  0.00343537    -1.59861 -0.00140047     1.59165 -0.00189143
  0.559655 -0.0056965   0.652055   0.122199 -0.0292692   0.696271    0.561715 -0.00768989    0.651845    0.11886 -0.0256509     0.6997  0.00411844  -0.0210457  0.00363779    -1.60048 -0.00122952     1.59321 -0.00203687
   0.559271 -0.00534226    0.652053    0.122048  -0.0294189    0.696152    0.561408 -0.00740786    0.651842   0.118461 -0.0255895   0.699781  0.00442505  -0.0224288  0.00384688    -1.60243 -0.00136018     1.59483 -0.00218374
   0.558878 -0.00497905     0.65205    0.121893  -0.0295724     0.69603    0.561091 -0.00710952    0.651836 0.118048 -0.02553 0.699863  0.00471687  -0.0238576  0.00405645    -1.60444 -0.00117397     1.59651 -0.00234133
  0.558474 -0.0046069   0.652048   0.121733 -0.0297296   0.695904   0.560766 -0.0068091    0.65183   0.117623 -0.0254651   0.699948  0.00504947  -0.0253305  0.00427222    -1.60652 -0.00130248     1.59826 -0.00250083
   0.558061 -0.00422589    0.652045     0.12157  -0.0298906    0.695776    0.560429 -0.00649199    0.651822   0.117184 -0.0254024   0.700034  0.00536728  -0.0268493  0.00448751    -1.60866  -0.0011003     1.60008 -0.00267106
   0.557639 -0.00383606    0.652042    0.121404  -0.0300554    0.695645    0.560084 -0.00617302    0.651816   0.116733 -0.0253342   0.700122 0.00572729 -0.0284131 0.00470901   -1.61087 -0.0012269    1.60196 -0.0028432
   0.557207 -0.00343748    0.652039    0.121233  -0.0302238     0.69551    0.559728 -0.00583736    0.651808   0.116268 -0.0252684   0.700212  0.00607252  -0.0300226  0.00492835    -1.61314 -0.00100827     1.60391 -0.00302631
   0.556765 -0.00303018    0.652036    0.121059  -0.0303959    0.695373    0.559363 -0.00550036    0.651802   0.115789 -0.0251972   0.700303  0.00646138  -0.0316784  0.00515342    -1.61548 -0.00113297     1.60592 -0.00321132
   0.556315 -0.00261424    0.652033    0.120881  -0.0305717    0.695233    0.558986 -0.00514636    0.651795   0.115296 -0.0251285   0.700397   0.00683546     -0.03338   0.00537515     -1.61788 -0.000897169        1.608  -0.00340706
  0.555854 -0.0021897    0.65203     0.1207 -0.0307511    0.69509     0.5586 -0.0047912   0.651792    0.11479 -0.0250543   0.700491  0.00725508  -0.0351288  0.00560236    -1.62034 -0.00102019     1.61015 -0.00360543
   0.555385 -0.00175662    0.652027    0.120514  -0.0309341    0.694944    0.558204 -0.00441926    0.651787    0.11427 -0.0249829   0.700588   0.00765944   -0.0369227   0.00582457     -1.62286 -0.000766754      1.61237  -0.00381428
   0.554906 -0.00131505    0.652024    0.120325  -0.0311207    0.694795    0.557797 -0.00404625    0.651787   0.113736 -0.0249059   0.700686   0.00811172   -0.0387645   0.00605178     -1.62546 -0.000888348      1.61465  -0.00402576
    0.554419 -0.000865048     0.652021     0.120133   -0.0313109     0.694643    0.557379 -0.00365649    0.651787   0.113187 -0.0248321   0.700786   0.0085485  -0.0406506  0.00627232     -1.6281 -0.00061655       1.617 -0.00424796
    0.553922 -0.000406671     0.652017     0.119937   -0.0315046     0.694489    0.556952 -0.00326593    0.651791   0.112625 -0.0247526   0.700886   0.00903535   -0.0425847   0.00649738     -1.63081 -0.000736952      1.61942  -0.00447255
   0.553416 6.00289e-05    0.652014    0.119737  -0.0317018    0.694332    0.556513 -0.00285852    0.651795   0.112049 -0.0246765   0.700989   0.0095067  -0.0445621  0.00671411    -1.63357 -0.00044632      1.6219 -0.00470835
   0.552901 0.000534996    0.652011    0.119534  -0.0319025    0.694172    0.556065 -0.00245074    0.651803    0.11146 -0.0245947   0.701092    0.0100305   -0.0465872    0.0069344      -1.6364 -0.000565529      1.62445  -0.00494653
  0.552377 0.00101818   0.652007   0.119327 -0.0321067   0.694009    0.555606 -0.00202572    0.651811   0.110856 -0.0245165   0.701197    0.0105391   -0.0486543   0.00714493     -1.63928 -0.000255346      1.62707  -0.00519592
  0.551845 0.00150951   0.652004   0.119117 -0.0323143   0.693843    0.555137 -0.00160082    0.651823    0.11024 -0.0244327   0.701302    0.0111024   -0.0507686   0.00735807     -1.64223 -0.000373602      1.62976  -0.00544769
  0.551304 0.00200896      0.652   0.118904 -0.0325254   0.693675    0.554657 -0.00115867    0.651835   0.109609 -0.0243529   0.701409    0.0116508   -0.0529232    0.0075593     -1.64523 -4.33922e-05       1.6325  -0.00571066
  0.550754 0.00251645   0.651996   0.118687 -0.0327398   0.693504     0.554169 -0.000716876      0.65185   0.108966 -0.0242673   0.701516    0.0122566   -0.0551243   0.00776243     -1.64829 -0.000160456      1.63533  -0.00597578
  0.550195 0.00303193   0.651993   0.118466 -0.0329577    0.69333     0.553669 -0.000257583     0.651864    0.10831 -0.0241859   0.701624   0.0128479  -0.0573637  0.00795174     -1.6514 0.000190258      1.6382 -0.00625283
  0.549628 0.00355535   0.651989   0.118242 -0.0331789   0.693154    0.553161 0.000200961    0.651883   0.107642 -0.0240989   0.701732   0.0134993   -0.059649  0.00814199    -1.65457 7.41482e-05     1.64117 -0.00653154
  0.549052 0.00408666   0.651985   0.118015 -0.0334034   0.692975   0.552642 0.00067715   0.651899   0.106961 -0.0240164    0.70184   0.0141368  -0.0619707  0.00831604    -1.65779  0.00044632     1.64417 -0.00682288
  0.548467  0.0046258   0.651981   0.117784 -0.0336312   0.692793   0.552115 0.00115236   0.651919   0.106267 -0.0239282   0.701948   0.0148375  -0.0643373  0.00849009    -1.66108 0.000330448     1.64727 -0.00711542
  0.547875 0.00517271   0.651977    0.11755 -0.0338623   0.692609   0.551577 0.00164512   0.651936  0.105562 -0.023845  0.702057   0.0155246  -0.0667386  0.00864553     -1.6644 0.000724554      1.6504 -0.00742084
  0.547273 0.00572734   0.651973   0.117313 -0.0340967   0.692422   0.551031 0.00213665   0.651958   0.104845 -0.0237561   0.702165   0.0162785  -0.0691838  0.00879955     -1.6678 0.000608683     1.65363 -0.00772721
  0.546664 0.00628964   0.651969   0.117073 -0.0343343   0.692232   0.550475 0.00264591   0.651975   0.104116 -0.0236724   0.702272   0.0170193  -0.0716617  0.00893283    -1.67123  0.00102544      1.6569 -0.00804645
  0.546046 0.00685955   0.651965   0.116829 -0.0345752    0.69204   0.549911 0.00315364   0.651997   0.103375 -0.0235832    0.70238   0.0178301   -0.074183  0.00906348    -1.67473 0.000909328     1.66026 -0.00836712
   0.54542 0.00743701   0.651961   0.116582 -0.0348192   0.691846   0.549337 0.00367911   0.652015   0.102624 -0.0234996   0.702487   0.0186288   -0.076735  0.00917053    -1.67826  0.00134897     1.66365 -0.00870067
  0.544786 0.00802198   0.651957   0.116332 -0.0350664   0.691649   0.548755 0.00420302   0.652037   0.101861 -0.0234104   0.702593   0.0195012  -0.0793295  0.00927401    -1.68187  0.00123239     1.66714 -0.00903541
  0.544144 0.00861439   0.651952   0.116078 -0.0353167   0.691449   0.548163 0.00474469   0.652054   0.101088 -0.0233272   0.702698   0.0203624   -0.081953  0.00935102     -1.6855  0.00169563     1.67066 -0.00938326
  0.543494 0.00921419   0.651948   0.115822 -0.0355702   0.691247  0.547564 0.0052841  0.652075   0.100304 -0.0232387   0.702802   0.0213008  -0.0846186  0.00942254     -1.6892  0.00157738     1.67428 -0.00973207
  0.542836 0.00982133   0.651944   0.115562 -0.0358268   0.691042   0.546955 0.00584174   0.652092  0.0995091 -0.0231565   0.702905  0.0222292 -0.0873115 0.00946522   -1.69294  0.0020647    1.67793 -0.0100945
   0.54217  0.0104358   0.651939   0.115299 -0.0360864   0.690835   0.546338 0.00639684   0.652113  0.0987039 -0.0230691   0.703007  0.0232387 -0.0900455 0.00950098   -1.69674 0.00194478    1.68167 -0.0104573
  0.541496  0.0110574   0.651935   0.115033 -0.0363491   0.690626   0.545712 0.00697003   0.652128  0.0978889 -0.0229886   0.703108  0.0242393 -0.0928054 0.00950456   -1.70056 0.00245643    1.68544 -0.0108343
  0.540815  0.0116862    0.65193   0.114764 -0.0366148   0.690414   0.545078 0.00754046   0.652149  0.0970635 -0.0229028   0.703207  0.0253253 -0.0956054 0.00949955   -1.70446 0.00233388    1.68932 -0.0112112
  0.540126  0.0123222   0.651926   0.114492 -0.0368836     0.6902   0.544435 0.00812904   0.652163  0.0962287 -0.0228245   0.703305  0.0264034 -0.0984297  0.0094595   -1.70837 0.00287056    1.69321 -0.0116029
  0.539429  0.0129652   0.651921   0.114217 -0.0371553   0.689983   0.543785 0.00871447   0.652182   0.095384 -0.0227412     0.7034  0.0275714  -0.101293 0.00940871   -1.71236 0.00274515    1.69721 -0.0119937
 0.538724 0.0136152  0.651916  0.113939  -0.03743  0.689764   0.543125 0.00931821   0.652195  0.0945305 -0.0226658   0.703494  0.0287328  -0.104179 0.00932002   -1.71637 0.00330758    1.70122 -0.0124004
  0.538012  0.0142721   0.651912   0.113658 -0.0377076   0.689543   0.542459 0.00991854   0.652212  0.0936672 -0.0225856   0.703586   0.029989  -0.107104 0.00921822   -1.72044 0.00317931    1.70534 -0.0128053
  0.537293   0.014936   0.651907   0.113374 -0.0379882   0.689319  0.541783 0.0105375  0.652223  0.0927952 -0.0225138   0.703676    0.03124   -0.11005 0.00907588   -1.72453 0.00376821    1.70947 -0.0132268
  0.536566  0.0156067   0.651902   0.113088 -0.0382716   0.689093    0.5411 0.0111518  0.652244  0.0919122 -0.0224377   0.703765  0.0325899  -0.113038 0.00891733   -1.72868 0.00363469    1.71371 -0.0136462
  0.535831  0.0162842   0.651897   0.112798 -0.0385579   0.688865  0.540406 0.0117833  0.652267  0.0910193 -0.0223707   0.703852  0.0339329  -0.116048 0.00871587   -1.73284 0.00424671    1.71796 -0.0140823
  0.53509 0.0169684  0.651892  0.112505 -0.038847  0.688634  0.539706 0.0124091    0.6523  0.0901162 -0.0222999   0.703936  0.0353789  -0.119097 0.00849557   -1.73705 0.00410485    1.72233 -0.0145159
 0.534341 0.0176593  0.651887   0.11221 -0.039139  0.688401  0.538995 0.0130554   0.65232  0.0892064 -0.0222382   0.704019  0.0368247  -0.122164 0.00822926   -1.74129  0.0047431    1.72669 -0.0149668
  0.533585  0.0183569   0.651882   0.111911 -0.0394338   0.688166   0.53828 0.0136982  0.652338  0.0882885 -0.0221725   0.704097  0.0383837  -0.125266 0.00794125    -1.7456 0.00459647    1.73118  -0.015415
  0.532822   0.019061   0.651877    0.11161 -0.0397313   0.687929  0.537553 0.0143619  0.652345  0.0873641 -0.0221165   0.704173  0.0399449  -0.128385 0.00760412   -1.74994 0.00526237    1.73565 -0.0158811
  0.532051  0.0197716   0.651872   0.111306 -0.0400316   0.687689 0.536822  0.01502 0.652358  0.0864303 -0.0220574   0.704245  0.0416224  -0.131542 0.00724196   -1.75434 0.00510836    1.74025 -0.0163434
  0.531274  0.0204887   0.651867   0.110999 -0.0403346   0.687448  0.536078 0.0156979  0.652367  0.0854888 -0.0220087   0.704316  0.0433009  -0.134716 0.00682807   -1.75874 0.00580025    1.74483 -0.0168243
   0.53049  0.0212122   0.651862    0.11069 -0.0406404   0.687204   0.53533 0.0163684  0.652388  0.0845371 -0.0219577   0.704383  0.0450995  -0.137929 0.00638533    -1.7632 0.00563645    1.74955 -0.0173014
  0.529699   0.021942   0.651857   0.110378 -0.0409488   0.686958   0.53457 0.0170583  0.652408  0.0835777 -0.0219178   0.704449     0.0469  -0.141159 0.00588799   -1.76765  0.0063529    1.75424 -0.0177973
  0.528901  0.0226782   0.651851   0.110063 -0.0412599    0.68671  0.533804 0.0177406  0.652441  0.0826084 -0.0218761   0.704511  0.0488272  -0.144428 0.00535846   -1.77216 0.00617766    1.75907 -0.0182882
  0.528096  0.0234205   0.651846   0.109745 -0.0415736    0.68646  0.533027 0.0184429   0.65247  0.0816324 -0.0218462   0.704571  0.0507588   -0.14771 0.00477123   -1.77667 0.00691867    1.76388 -0.0187998
  0.527285  0.0241691   0.651841   0.109425 -0.0418899   0.686208  0.532246 0.0191377  0.652508 0.0806476 -0.021815  0.704627  0.0528245  -0.151029 0.00414801   -1.78124 0.00673079    1.76882 -0.0193051
  0.526467  0.0249238   0.651835   0.109102 -0.0422088   0.685953 0.531453 0.019853 0.652539  0.0796575 -0.0217961    0.70468  0.0548971  -0.154358 0.00346422    -1.7858 0.00749612    1.77373  -0.019832
  0.525643  0.0256846    0.65183   0.108777 -0.0425303   0.685697 0.530657 0.020561 0.652578  0.0786596 -0.0217765   0.704729  0.0571113  -0.157724 0.00274086   -1.79043 0.00729442    1.77879 -0.0203515
  0.524811  0.0264514   0.651824   0.108449 -0.0428544   0.685439   0.52985 0.0212894  0.652606  0.0776577 -0.0217698   0.704775   0.059334  -0.161095  0.0019536   -1.79505 0.00808382     1.7838 -0.0208936
  0.523974  0.0272241   0.651819   0.108118 -0.0431809   0.685178   0.52904 0.0220104  0.652642  0.0766487 -0.0217632   0.704816  0.0617058  -0.164502 0.00112271   -1.79975 0.00786662    1.78897 -0.0214275
  0.52313 0.0280028  0.651813  0.107785  -0.04351  0.684916  0.528219 0.0227515  0.652666  0.0756366 -0.0217702   0.704853   0.0640872   -0.167912 0.000225306    -1.80443  0.00867939     1.79409  -0.0219849
   0.52228  0.0287873   0.651807    0.10745 -0.0438415   0.684651  0.527395 0.0234853  0.652699 0.0746175 -0.021778  0.704886    0.0666249    -0.171357 -0.000719786     -1.80918   0.00844526      1.79936    -0.022533
  0.521423  0.0295777   0.651802   0.107112 -0.0441755   0.684385  0.526561 0.0242387   0.65272  0.0735961 -0.0218003   0.704915  0.0691736  -0.174803 -0.0017345   -1.81391 0.00928092    1.80457 -0.0231057
   0.52056  0.0303738   0.651796   0.106771 -0.0445119   0.684117  0.525724 0.0249846   0.65275  0.0725681 -0.0218243   0.704939   0.0718858   -0.178284 -0.00280094    -1.81872  0.00902748     1.80995  -0.0236676
  0.519691  0.0311756    0.65179   0.106428 -0.0448507   0.683847  0.524876 0.0257502  0.652769  0.0715383 -0.0218634   0.704959   0.0746107   -0.181765 -0.00393939     -1.8235  0.00988483     1.81526  -0.0242551
  0.518816   0.031983   0.651784   0.106083 -0.0451919   0.683575  0.524026 0.0265079  0.652799   0.070502 -0.0219052   0.704974   0.0775065   -0.185281 -0.00513434    -1.82835  0.00961018     1.82074  -0.0248314
  0.517935   0.032796   0.651779   0.105735 -0.0455355   0.683301  0.523165 0.0272856  0.652816  0.0694647 -0.0219628   0.704985   0.0804167   -0.188794 -0.00640321    -1.83318   0.0104887     1.82614  -0.0254336
  0.517048  0.0336145   0.651773   0.105385 -0.0458814   0.683025  0.522302 0.0280548  0.652845  0.0684211 -0.0220243    0.70499   0.0835054   -0.192343 -0.00773406    -1.83808   0.0101902     1.83173  -0.0260237
  0.516154  0.0344385   0.651767   0.105033 -0.0462296   0.682747  0.521427 0.0288442  0.652861  0.0673773 -0.0221022   0.704992   0.0866101   -0.195888 -0.00914049    -1.84294   0.0110893     1.83721   -0.026641
  0.515255   0.035268   0.651761   0.104678 -0.0465801   0.682468 0.520551 0.029625 0.652889  0.0663273 -0.0221851   0.704988  0.0899012  -0.199469 -0.0106137   -1.84789  0.0107653     1.8429 -0.0272444
  0.514351  0.0361028   0.651755   0.104321 -0.0469329   0.682186  0.519664 0.0304259  0.652904  0.0652779 -0.0222852    0.70498  0.0932095  -0.203044 -0.0121646   -1.85279  0.0116835    1.84847 -0.0278767
   0.51344  0.0369429   0.651749   0.103962 -0.0472879   0.681903  0.518775 0.0312181  0.652932  0.0642227 -0.0223915   0.704965  0.0967124  -0.206656 -0.0137873   -1.85777  0.0113318    1.85425 -0.0284932
  0.512524  0.0377883   0.651743     0.1036 -0.0476452   0.681618  0.517874 0.0320302  0.652947  0.0631686 -0.0225157   0.704947   0.100234  -0.210259 -0.0154891   -1.86271  0.0122678     1.8599 -0.0291403
  0.511602  0.0386388   0.651736   0.103236 -0.0480046   0.681332  0.516972 0.0328335  0.652976  0.0621091 -0.0226474   0.704923   0.103957    -0.2139 -0.0172679   -1.86772  0.0118864    1.86577 -0.0297697
  0.510674  0.0394945    0.65173    0.10287 -0.0483662   0.681043  0.516059 0.0336567   0.65299  0.0610517 -0.0227978   0.704894     0.1077   -0.21753 -0.0191274   -1.87269  0.0128388    1.87151 -0.0304318
 0.509741 0.0403553  0.651724  0.102502  -0.04873  0.680753  0.515144 0.0344708  0.653019  0.059989 -0.022957  0.704859   0.111654  -0.221199  -0.021069   -1.87774  0.0124247    1.87747 -0.0310734
  0.508803  0.0412212   0.651718   0.102132 -0.0490959   0.680462  0.514218 0.0353049  0.653034  0.0589293 -0.0231355    0.70482   0.115628  -0.224856 -0.0230923   -1.88273  0.0133932    1.88328 -0.0317498
  0.507859   0.042092   0.651712   0.101759 -0.0494639   0.680168  0.513291 0.0361296  0.653064  0.0578648 -0.0233244   0.704774    0.11982  -0.228552 -0.0252032    -1.8878  0.0129437    1.88933 -0.0324038
   0.50691  0.0429678   0.651705   0.101385 -0.0498339   0.679873  0.512352 0.0369738   0.65308  0.0568041 -0.0235332   0.704724   0.124033  -0.232234 -0.0273964   -1.89282   0.013926    1.89521 -0.0330942
  0.505955  0.0438484   0.651699   0.101008 -0.0502061   0.679576 0.511413 0.037809 0.653111  0.0557392 -0.0237539   0.704666   0.128472  -0.235955 -0.0296826   -1.89792  0.0134394    1.90134 -0.0337601
  0.504996  0.0447338   0.651693   0.100629 -0.0505802   0.679278  0.510462 0.0386633  0.653127   0.054679 -0.0239953   0.704605   0.132933  -0.239661 -0.0320516   -1.90295  0.0144341     1.9073 -0.0344642
  0.504031   0.045624   0.651686   0.100248 -0.0509564   0.678978   0.50951 0.0395088  0.653159 0.0536153  -0.02425  0.704536   0.137628  -0.243406 -0.0345185   -1.90807  0.0139079    1.91351 -0.0351415
  0.503061   0.046519    0.65168  0.0998656 -0.0513346   0.678676  0.508547 0.0403728  0.653175 0.0525572 -0.024526  0.704463   0.142344  -0.247134 -0.0370688   -1.91312  0.0149136    1.91953 -0.0358587
  0.502086  0.0474185   0.651673  0.0994808 -0.0517148   0.678373  0.507584 0.0412281  0.653209  0.0514961 -0.0248171   0.704381   0.147301  -0.250903 -0.0397222   -1.91826  0.0143449    1.92581 -0.0365468
  0.501106  0.0483227   0.651667  0.0990941 -0.0520968   0.678069  0.506609 0.0421018  0.653225  0.0504418 -0.0251299   0.704296   0.152281  -0.254653 -0.0424585   -1.92332  0.0153601    1.93189 -0.0372766
  0.500121  0.0492314    0.65166  0.0987054 -0.0524809   0.677762  0.505635 0.0429666  0.653259  0.0493852 -0.0254596   0.704202   0.157508  -0.258444 -0.0453031   -1.92847  0.0147467    1.93825 -0.0379754
  0.499131  0.0501446   0.651654  0.0983148 -0.0528668   0.677455  0.504648 0.0438496  0.653275  0.0483364 -0.0258114   0.704105   0.162758  -0.262214 -0.0482299   -1.93354    0.01577    1.94438 -0.0387173
  0.498137  0.0510623   0.651647  0.0979223 -0.0532545   0.677145  0.503663 0.0447236   0.65331  0.0472858 -0.0261818   0.703998   0.168262  -0.266027   -0.05127   -1.93871  0.0151091    1.95081 -0.0394259
  0.497137  0.0519843    0.65164   0.097528 -0.0536442   0.676835  0.502665 0.0456159  0.653326  0.0462444 -0.0265749   0.703888   0.173788  -0.269817 -0.0543909   -1.94378   0.016139      1.957 -0.0401798
  0.496133  0.0529106   0.651634  0.0971317 -0.0540356   0.676523  0.501669 0.0464989  0.653361  0.0452018 -0.0269883   0.703768   0.179574  -0.273651 -0.0576303   -1.94896  0.0154285    1.96349 -0.0408974
  0.495125  0.0538413   0.651627  0.0967337 -0.0544289   0.676209   0.50066 0.0473999  0.653377  0.0441695 -0.0274246   0.703644   0.185382  -0.277461 -0.0609484   -1.95404  0.0164635    1.96972 -0.0416628
  0.494111  0.0547761    0.65162  0.0963338 -0.0548239   0.675894  0.499653 0.0482915  0.653413  0.0431367 -0.0278834   0.703511   0.191456  -0.281317 -0.0643904   -1.95922  0.0157008    1.97628 -0.0423887
  0.493094  0.0557151   0.651614  0.0959322 -0.0552207   0.675578 0.498635 0.049201 0.653428  0.0421154 -0.0283651   0.703373    0.19755  -0.285146 -0.0679083   -1.96429  0.0167391    1.98255 -0.0431648
  0.492071  0.0566582   0.651607  0.0955288 -0.0556193    0.67526  0.497618 0.0501014  0.653464  0.0410945 -0.0288711   0.703226   0.203916  -0.289023 -0.0715544   -1.96948  0.0159223    1.98916 -0.0438984
  0.491045  0.0576053     0.6516  0.0951237 -0.0560195   0.674941  0.496589 0.0510189  0.653478  0.0400862 -0.0294003   0.703074     0.2103  -0.292872  -0.075274   -1.97455  0.0169625    1.99548 -0.0446845
  0.490014  0.0585565   0.651593  0.0947169 -0.0564215    0.67462  0.495561 0.0519276  0.653515  0.0390789 -0.0299556   0.702912   0.216962  -0.296772 -0.0791259   -1.97973  0.0160892    2.00214 -0.0454252
  0.488979  0.0595116   0.651586  0.0943084 -0.0568251   0.674298  0.494523 0.0528531  0.653529  0.0380856 -0.0305342   0.702746   0.223639  -0.300641 -0.0830474    -1.9848  0.0171297    2.00848 -0.0462206
  0.487939  0.0604705   0.651579  0.0938982 -0.0572303   0.673975  0.493486 0.0537699  0.653566   0.037094 -0.0311408   0.702569   0.230597  -0.304564 -0.0871053   -1.98998  0.0161979     2.0152 -0.0469673
  0.486896  0.0614334   0.651572  0.0934864 -0.0576372   0.673651  0.492437 0.0547029  0.653579  0.0361177 -0.0317706   0.702389   0.237569  -0.308455  -0.091229   -1.99504  0.0172374    2.02157 -0.0477715
  0.485848  0.0623999   0.651566  0.0930729 -0.0580457   0.673325  0.491391 0.0556275  0.653617   0.035144 -0.0324303   0.702196   0.244825  -0.312402 -0.0954921   -2.00021  0.0162454    2.02833 -0.0485232
  0.484797  0.0633703   0.651559  0.0926579 -0.0584557   0.672998  0.490333 0.0565678  0.653629 0.0341866 -0.033113     0.702   0.252092  -0.316317 -0.0998166   -2.00525  0.0172827    2.03472 -0.0493353
  0.483741  0.0643442   0.651552  0.0922413 -0.0588673    0.67267  0.489277 0.0574997  0.653668  0.0332328 -0.0338275   0.701791   0.259645  -0.320289  -0.104283   -2.01041  0.0162284    2.04152 -0.0500913
  0.482681  0.0653218   0.651544  0.0918232 -0.0592804    0.67234   0.48821 0.0584473  0.653679  0.0322964 -0.0345646   0.701579   0.267206  -0.324229  -0.108806   -2.01544  0.0172622    2.04793 -0.0509103
 0.481618  0.066303  0.651537 0.0914035 -0.059695   0.67201  0.487146 0.0593862  0.653719  0.0313648 -0.0353354   0.701354   0.275055  -0.328229  -0.113473   -2.02059  0.0161443    2.05476 -0.0516697
  0.480551  0.0672876    0.65153  0.0909823 -0.0601111   0.671678   0.48607 0.0603409  0.653729  0.0304516 -0.0361282   0.701126   0.282908  -0.332195  -0.118189    -2.0256  0.0171735    2.06119 -0.0524951
   0.47948  0.0682757   0.651523  0.0905597 -0.0605287   0.671345  0.484996 0.0612863   0.65377  0.0295441 -0.0369566   0.700883   0.291048  -0.336226  -0.123053   -2.03073   0.015991    2.06805 -0.0532563
  0.478405  0.0692672   0.651516  0.0901356 -0.0609477   0.671011  0.483912 0.0622476   0.65378  0.0286563 -0.0378063   0.700638   0.299188  -0.340221  -0.127959   -2.03572  0.0170147    2.07448 -0.0540875
  0.477327  0.0702621   0.651509  0.0897101 -0.0613681   0.670676   0.48283 0.0631996  0.653821  0.0277753 -0.0386932   0.700378   0.307614  -0.344283  -0.133013   -2.04083  0.0157661    2.08138 -0.0548499
  0.476245  0.0712602   0.651502  0.0892832 -0.0617899   0.670339  0.481737 0.0641671   0.65383   0.026915 -0.0396006   0.700115   0.316036   -0.34831    -0.1381    -2.0458  0.0167835    2.08781 -0.0556853
  0.47516 0.0722616  0.651495 0.0888549 -0.062213  0.670002  0.480647 0.0651252  0.653872  0.0260626 -0.0405468   0.699837   0.32474 -0.352408 -0.143337  -2.05089 0.0154684   2.09473 -0.056448
  0.474071  0.0732661   0.651487  0.0884252 -0.0626375   0.669663  0.479545 0.0660985  0.653882   0.025232 -0.0415125   0.699556  0.333436 -0.356469 -0.148598  -2.05583 0.0164793   2.10116 -0.057287
  0.472979  0.0742738    0.65148  0.0879942 -0.0630633   0.669324  0.478448 0.0670624  0.653925  0.0244105 -0.0425185   0.699259  0.342409 -0.360604 -0.154008   -2.0609 0.0150967    2.1081 -0.058049
  0.471883  0.0752845   0.651473  0.0875619 -0.0634905   0.668983  0.477338 0.0680413  0.653934  0.0236117 -0.0435427    0.69896   0.351367  -0.364702  -0.159432    -2.0658  0.0161004    2.11453 -0.0588906
  0.470784  0.0762982   0.651466  0.0871283 -0.0639188   0.668642  0.476232 0.0690107  0.653978  0.0228232 -0.0446083   0.698643  0.360598 -0.368877 -0.165004  -2.07085 0.0146503   2.12148 -0.059651
  0.469682  0.0773149   0.651458  0.0866934 -0.0643485   0.668299  0.475115 0.0699947  0.653986  0.0220583 -0.0456908   0.698324   0.369806  -0.373016   -0.17058   -2.07572  0.0156467     2.1279 -0.0604945
  0.468577  0.0783345   0.651451  0.0862573 -0.0647793   0.667955  0.474002 0.0709692  0.654032   0.021305 -0.0468158   0.697987   0.379279  -0.377234  -0.176301   -2.08074  0.0141289    2.13486 -0.0612519
  0.467469  0.0793569   0.651444    0.08582 -0.0652114   0.667611  0.472878 0.0719581   0.65404 0.0205762 -0.047956  0.697648   0.388723  -0.381415  -0.182014   -2.08558  0.0151184    2.14127 -0.0620962
  0.466358  0.0803821   0.651436  0.0853815 -0.0656447   0.667265  0.471758 0.0729374  0.654086  0.0198603 -0.0491394    0.69729   0.398422  -0.385678  -0.187868   -2.09057  0.0135334    2.14824 -0.0628498
  0.465244  0.0814101   0.651429  0.0849418 -0.0660791   0.666919  0.470626 0.0739308  0.654095  0.0191694 -0.0503361   0.696931   0.408082  -0.389904  -0.193702   -2.09537  0.0145161    2.15463 -0.0636943
  0.464127  0.0824408   0.651421   0.084501 -0.0665146   0.666572  0.469499 0.0749144  0.654142  0.0184927 -0.0515766   0.696552   0.417987  -0.394214  -0.199672   -2.10032  0.0128646    2.16161 -0.0644434
  0.463007   0.083474   0.651414   0.084059 -0.0669512   0.666224  0.468361 0.0759121   0.65415  0.0178418 -0.0528282   0.696172   0.427845  -0.398488  -0.205608   -2.10509  0.0138414    2.16798 -0.0652869
 0.461884 0.0845099  0.651406  0.083616 -0.067389  0.665874  0.467227 0.0768996  0.654199  0.0172062 -0.0541238   0.695771   0.437932  -0.402847  -0.211675   -2.11001  0.0121241    2.17496 -0.0660306
  0.460759  0.0855483   0.651399  0.0831718 -0.0678278   0.665525 0.466082 0.077901 0.654206  0.0165968 -0.0554281    0.69537   0.447963  -0.407169  -0.217693   -2.11474  0.0130959     2.1813 -0.0668727
  0.459631  0.0865891   0.651391  0.0827266 -0.0682676   0.665174  0.464942 0.0788921  0.654256  0.0160039 -0.0567761   0.694946   0.458208  -0.411579  -0.223834   -2.11962  0.0113139    2.18829 -0.0676101
    0.4585  0.0876323   0.651384  0.0822804 -0.0687085   0.664822  0.463791 0.0798969  0.654264  0.0154376 -0.0581303   0.694523  0.468386 -0.415951 -0.229911  -2.12431 0.0122817   2.19461  -0.06845
  0.457367  0.0886779   0.651376  0.0818332 -0.0691503    0.66447  0.462645 0.0808911  0.654315   0.014889 -0.0595275   0.694077   0.478761  -0.420411  -0.236102   -2.12915  0.0104373    2.20159 -0.0691803
  0.456231  0.0897258   0.651369   0.081385 -0.0695931   0.664117  0.461489 0.0818991  0.654323  0.014367 -0.060928  0.693633   0.489057  -0.424832  -0.242213    -2.1338  0.0114024    2.20788 -0.0700176
  0.455093   0.090776   0.651361  0.0809358 -0.0700369   0.663763 0.460337 0.082896 0.654375  0.0138637 -0.0623706   0.693164   0.499529  -0.429343  -0.248429   -2.13861 0.00949693    2.21486 -0.0707403
  0.453952  0.0918283   0.651354  0.0804857 -0.0704816   0.663408  0.459175 0.0839067  0.654382  0.0133871 -0.0638132   0.692697   0.509912  -0.433812  -0.254548   -2.14321  0.0104611    2.22112 -0.0715745
  0.452809  0.0928828   0.651346  0.0800347 -0.0709272   0.663053 0.458018 0.084906 0.654435  0.0129299 -0.0652966   0.692206  0.520449 -0.438371 -0.260761  -2.14797  0.008497    2.2281 -0.072289
  0.451664  0.0939393   0.651339  0.0795828 -0.0713737   0.662697  0.456851 0.0859192  0.654442  0.0124992 -0.0667766   0.691717   0.530886  -0.442888  -0.266859   -2.15253 0.00946188    2.23433 -0.0731199
 0.450517 0.0949979  0.651331   0.07913 -0.071821   0.66234  0.455689 0.0869205  0.654497  0.0120887 -0.0682955   0.691203   0.541452  -0.447492  -0.273041   -2.15725 0.00744176     2.2413 -0.0738257
  0.449367  0.0960584   0.651323  0.0786764 -0.0722692   0.661983  0.454517 0.0879356  0.654503  0.0117044 -0.0698074   0.690693  0.551906 -0.452051  -0.27909  -2.16176 0.0084095    2.2475 -0.074653
  0.448216  0.0971209   0.651316  0.0782219 -0.0727182   0.661625   0.45335 0.0889387  0.654559 0.0113406 -0.071356  0.690158   0.562465  -0.456696   -0.28521   -2.16645 0.00633574    2.25446 -0.0753499
  0.447062  0.0981852   0.651308  0.0777667 -0.0731679   0.661266  0.452175 0.0899556  0.654564  0.0110025 -0.0728938   0.689627     0.5729  -0.461294  -0.291181   -2.17091 0.00730848    2.26063 -0.0761734
  0.445906  0.0992513     0.6513  0.0773107 -0.0736185   0.660907 0.451004  0.09096 0.654621  0.0106853 -0.0744657   0.689071   0.583414  -0.465974   -0.29721   -2.17555 0.00518394    2.26758 -0.0768614
  0.444749   0.100319   0.651293  0.0768539 -0.0740697   0.660547  0.449824 0.0919784  0.654625  0.0103928 -0.0760229    0.68852   0.593793  -0.470604  -0.303073   -2.17996 0.00616336    2.27372 -0.0776809
   0.44359   0.101389   0.651285  0.0763964 -0.0745217   0.660187   0.44865 0.0929837  0.654683  0.0101213 -0.0776112   0.687943   0.604224  -0.475312  -0.308982   -2.18456 0.00399113    2.28066 -0.0783604
  0.442429    0.10246   0.651277  0.0759382 -0.0749744   0.659826  0.447467 0.0940033  0.654686 0.00987369 -0.0791809   0.687374   0.614511  -0.479967  -0.314708   -2.18892 0.00497985    2.28676 -0.0791762
  0.441266   0.103533    0.65127  0.0754794 -0.0754278   0.659464  0.446289 0.0950096  0.654745 0.00964679 -0.0807785   0.686779   0.624822  -0.484695  -0.320469   -2.19348 0.00276279     2.2937 -0.0798469
  0.440101   0.104607   0.651262  0.0750199 -0.0758818   0.659102 0.445103  0.09603 0.654747  0.0094426 -0.0823537   0.686192   0.634979  -0.489365  -0.326032   -2.19779 0.00376272    2.29977 -0.0806594
  0.438935   0.105683   0.651254  0.0745597 -0.0763364    0.65874  0.443922 0.0970373  0.654806 0.00925886  -0.083953    0.68558   0.645135  -0.494103  -0.331617    -2.2023 0.00150323     2.3067 -0.0813215
  0.437768    0.10676   0.651246  0.0740989 -0.0767916   0.658377  0.442734 0.0980583  0.654807 0.00909644 -0.0855263   0.684978    0.65513  -0.498779  -0.336991   -2.20657 0.00251675    2.31273 -0.0821312
  0.436599   0.107839   0.651239  0.0736376 -0.0772474   0.658013  0.441551 0.0990663  0.654866 0.00895396 -0.0871201   0.684351    0.665097   -0.503516   -0.342377    -2.21103 0.000218153     2.31966  -0.0827854
  0.435428   0.108919   0.651231  0.0731757 -0.0777038   0.657649  0.44036 0.100088 0.654865  0.0088313 -0.0886843   0.683735   0.674899  -0.508187  -0.347539   -2.21524 0.00124669    2.32565 -0.0835925
  0.434256       0.11   0.651223  0.0727132 -0.0781607   0.657285 0.439175 0.101097 0.654924  0.0087279 -0.0902653   0.683095    0.684646   -0.512911   -0.352705    -2.21966 -0.00108838     2.33257  -0.0842391
  0.433083   0.111082   0.651215  0.0722503 -0.0786181    0.65692 0.437983  0.10212 0.654922 0.00864279 -0.0918134   0.682468     0.694226    -0.517566    -0.357635     -2.22382 -4.29153e-05      2.33853   -0.0850444
 0.431909  0.112166  0.651207 0.0717868 -0.079076  0.656555 0.436796 0.103128  0.65498 0.00857599 -0.0933745   0.681818    0.703728   -0.522264   -0.362562    -2.22819 -0.00241184     2.34544  -0.0856839
  0.430733   0.113251     0.6512  0.0713229 -0.0795343    0.65619 0.435603 0.104152 0.654976 0.00852592 -0.0948997   0.681182    0.713062   -0.526891   -0.367245    -2.23231 -0.00134778     2.35137  -0.0864883
  0.429557   0.114336   0.651192  0.0708585 -0.0799931   0.655824 0.434414 0.105162 0.655033 0.00849301 -0.0964344   0.680523    0.722295   -0.531552   -0.371919    -2.23662 -0.00374794     2.35827  -0.0871213
  0.428379   0.115423   0.651184  0.0703937 -0.0804523   0.655458 0.433221 0.106186 0.655026 0.00847528 -0.0979305   0.679881    0.731363   -0.536138   -0.376341    -2.24069 -0.00266433     2.36416  -0.0879253
    0.4272    0.11651   0.651176  0.0699285 -0.0809119   0.655091 0.432031 0.107196 0.655084 0.00847363 -0.0994327   0.679216     0.74031   -0.540749    -0.38075    -2.24496 -0.00509381     2.37106  -0.0885525
   0.42602   0.117599   0.651168   0.069463 -0.0813719   0.654724 0.430838 0.108222 0.655074 0.00848547  -0.100894    0.67857    0.749095   -0.545283   -0.384903    -2.24898 -0.00398922     2.37691  -0.0893567
   0.42484   0.118688   0.651161  0.0689971 -0.0818322   0.654357 0.429647 0.109233  0.65513 0.00851212  -0.102358   0.677902    0.757741   -0.549833   -0.389041     -2.2532 -0.00644612      2.3838  -0.0899788
  0.423658   0.119778   0.651153  0.0685308 -0.0822928    0.65399 0.428454  0.11026 0.655118 0.00855074   -0.10378   0.677254    0.766233   -0.554303   -0.392918    -2.25716 -0.00531983     2.38963  -0.0907841
  0.422476   0.120869   0.651145  0.0680643 -0.0827538   0.653623 0.427263 0.111272 0.655173 0.00860306  -0.105202   0.676586    0.774568   -0.558779    -0.39678    -2.26133 -0.00780249     2.39651  -0.0914019
 0.421293   0.12196  0.651137 0.0675974 -0.083215  0.653255  0.42607   0.1123 0.655157 0.00866563  -0.106579   0.675939    0.782758   -0.563175   -0.400379    -2.26524 -0.00665355      2.4023  -0.0922089
  0.420109   0.123052   0.651129  0.0671303 -0.0836765   0.652887 0.424879 0.113313 0.655211 0.00874076  -0.107954   0.675273    0.790778   -0.567569   -0.403966    -2.26936 -0.00916028     2.40917  -0.0928226
  0.418925   0.124145   0.651121   0.066663 -0.0841382   0.652519 0.423687 0.114343 0.655192 0.00882461  -0.109284   0.674629    0.798662   -0.571881   -0.407287    -2.27322 -0.00798845     2.41492  -0.0936325
   0.41774   0.125238   0.651113  0.0661955 -0.0846001    0.65215 0.422495 0.115358 0.655244 0.0089199 -0.110609  0.673967   0.806363  -0.576181    -0.4106    -2.2773 -0.0105183    2.42178 -0.0942429
  0.416555   0.126332   0.651106  0.0657278 -0.0850622   0.651782 0.421304 0.116389 0.655222 0.00902251  -0.111889   0.673329    0.813942     -0.5804   -0.413647     -2.2811 -0.00932288      2.4275  -0.0950559
   0.41537   0.127425   0.651098  0.0652599 -0.0855244   0.651413 0.420113 0.117405 0.655272 0.00913531  -0.113161   0.672674   0.821326  -0.584599   -0.41669   -2.28512 -0.0118747    2.43435 -0.0956636
  0.414184    0.12852    0.65109  0.0647919 -0.0859868   0.651044 0.418923 0.118438 0.655247 0.00925434  -0.114388   0.672043   0.828601  -0.588718  -0.419467   -2.28888 -0.0106559    2.44004 -0.0964804
  0.412997   0.129614   0.651082  0.0643237 -0.0864493   0.650676 0.417732 0.119456 0.655296 0.00938225  -0.115605   0.671396   0.835672  -0.592809  -0.422247   -2.29285 -0.0132284    2.44687  -0.097086
  0.411811   0.130709   0.651074  0.0638555 -0.0869119   0.650307 0.416544 0.120491 0.655267 0.00951546  -0.116777   0.670774   0.842649  -0.596821  -0.424763   -2.29655  -0.011986    2.45252 -0.0979071
  0.410624   0.131804   0.651066  0.0633872 -0.0873746   0.649938 0.415353 0.121511 0.655315 0.0096564 -0.117939  0.670138   0.849412  -0.600797  -0.427288   -2.30046 -0.0145783    2.45935  -0.098511
  0.409437   0.132899   0.651058  0.0629188 -0.0878373   0.649569 0.414167 0.122548 0.655282 0.00980152  -0.119056   0.669528   0.856097  -0.604696   -0.42955   -2.30411 -0.0133128    2.46496 -0.0993374
   0.40825   0.133994    0.65105  0.0624505 -0.0883001     0.6492 0.412977  0.12357 0.655328 0.00995349  -0.120161   0.668903   0.862563  -0.608553   -0.43183   -2.30797 -0.0159245    2.47177 -0.0999401
  0.407064   0.135089   0.651043  0.0619821 -0.0887628   0.648831 0.411792 0.124609 0.655292 0.0101087 -0.121222  0.668306   0.868965  -0.612335  -0.433847   -2.31157 -0.0146353    2.47734  -0.100771
  0.405877   0.136184   0.651035  0.0615137 -0.0892256   0.648462 0.410602 0.125632 0.655337 0.0102699  -0.12227  0.667695   0.875141  -0.616068  -0.435892   -2.31538 -0.0172656    2.48413  -0.101373
   0.40469   0.137279   0.651027  0.0610454 -0.0896882   0.648093 0.409419 0.126673 0.655298 0.0104334 -0.123275  0.667111   0.881271  -0.619731  -0.437676   -2.31891 -0.0159535    2.48966  -0.102211
  0.403504   0.138373   0.651019  0.0605772 -0.0901508   0.647724 0.408231 0.127699 0.655341 0.0106023 -0.124266  0.666515   0.887168  -0.623336  -0.439496   -2.32267 -0.0186017    2.49644  -0.102812
  0.402317   0.139468   0.651011  0.0601091 -0.0906134   0.647355 0.407049 0.128742 0.655299 0.0107726 -0.125216  0.665946  0.893036 -0.626878 -0.441057  -2.32615 -0.017267   2.50192 -0.103655
  0.401131   0.140562   0.651003   0.059641 -0.0910758   0.646987 0.405862  0.12977  0.65534 0.0109477  -0.12615  0.665366   0.898666  -0.630354  -0.442664   -2.32985 -0.0199318    2.50868  -0.104257
 0.399946  0.141656  0.650995 0.0591732 -0.091538  0.646618 0.404682 0.130814 0.655295 0.0111234 -0.127045  0.664814   0.904283  -0.633771  -0.444013   -2.33328 -0.0185752    2.51412  -0.105106
   0.39876   0.142749   0.650987  0.0587054 -0.0920001   0.646249 0.403496 0.131844 0.655335 0.0113033 -0.127924   0.66425   0.909659  -0.637117  -0.445418   -2.33693 -0.0212567    2.52086  -0.105708
 0.397576  0.143843   0.65098 0.0582379 -0.092462  0.645881 0.402319 0.132891 0.655287 0.0114833 -0.128764  0.663714   0.915036   -0.64041  -0.446566    -2.3403 -0.0198781    2.52626  -0.106564
  0.396392   0.144935   0.650972  0.0577706 -0.0929237   0.645513 0.401133 0.133922 0.655326 0.0116671 -0.129589  0.663168   0.920169  -0.643625  -0.447781   -2.34389 -0.0225759    2.53297  -0.107167
  0.395208   0.146027   0.650964  0.0573035 -0.0933852   0.645145 0.399958 0.134971 0.655275 0.0118502 -0.130376   0.66265   0.925319  -0.646793  -0.448739    -2.3472 -0.0211756    2.53832   -0.10803
  0.394025   0.147119   0.650956  0.0568367 -0.0938464   0.644777 0.398773 0.136004 0.655313 0.0120367 -0.131148  0.662122   0.930221  -0.649878  -0.449775   -2.35073 -0.0238891    2.54501  -0.108632
  0.392843   0.148209   0.650948  0.0563701 -0.0943074    0.64441 0.397601 0.137054 0.655259 0.0122222 -0.131883  0.661622   0.935156  -0.652922  -0.450552   -2.35399 -0.0224674    2.55031  -0.109502
 0.391661  0.149299   0.65094 0.0559039 -0.094768  0.644042 0.396417 0.138089 0.655296 0.0124107 -0.132603  0.661113   0.939838  -0.655876   -0.45142   -2.35747 -0.0251963    2.55697  -0.110105
  0.390481   0.150389   0.650932   0.055438 -0.0952283   0.643675 0.395247  0.13914  0.65524 0.0125977 -0.133288  0.660632    0.94457  -0.658796  -0.452029   -2.36066 -0.0237539    2.56222  -0.110983
  0.389301   0.151477   0.650925  0.0549724 -0.0956883   0.643308 0.394064 0.140177 0.655275 0.0127875 -0.133957  0.660141   0.949045  -0.661622  -0.452739   -2.36408 -0.0264976    2.56885  -0.111587
  0.388122   0.152565   0.650917  0.0545072 -0.0961479   0.642942 0.392897  0.14123 0.655217 0.0129753 -0.134594  0.659678   0.953584   -0.66442  -0.453188   -2.36722 -0.0250347    2.57405  -0.112472
  0.386944   0.153651   0.650909  0.0540424 -0.0966071   0.642576 0.391716 0.142267 0.655252 0.0131657 -0.135214  0.659206   0.957863  -0.667118   -0.45375   -2.37058 -0.0277929    2.58064  -0.113077
  0.385768   0.154737   0.650901   0.053578 -0.0970659    0.64221 0.390551 0.143322 0.655191 0.0133538 -0.135803  0.658763   0.96222 -0.669795 -0.454049  -2.37367  -0.02631   2.58579  -0.11397
  0.384592   0.155822   0.650893  0.0531141 -0.0975242   0.641844 0.389371  0.14436 0.655226 0.0135443 -0.136376   0.65831   0.966315  -0.672368  -0.454473   -2.37697 -0.0290823    2.59235  -0.114575
  0.383418   0.156905   0.650886  0.0526507 -0.0979821   0.641479 0.388209 0.145415 0.655163 0.0137322 -0.136919  0.657885   0.970501  -0.674926  -0.454632   -2.37999 -0.0275798    2.59744  -0.115475
  0.382244   0.157988   0.650878  0.0521877 -0.0984395   0.641115  0.38703 0.146454 0.655197 0.0139223 -0.137446  0.657452    0.97442  -0.677375  -0.454926   -2.38324 -0.0303659    2.60396  -0.116082
  0.381073   0.159069    0.65087  0.0517252 -0.0988964    0.64075 0.385871 0.147511 0.655132 0.0141095 -0.137946  0.657046   0.978446  -0.679818  -0.454953    -2.3862 -0.0288439    2.60899   -0.11699
  0.379902   0.160149   0.650862  0.0512633 -0.0993528   0.640386 0.384694  0.14855 0.655165  0.014299 -0.138429  0.656632     0.9822  -0.682145  -0.455127   -2.38939 -0.0316436    2.61547  -0.117597
  0.378733   0.161227   0.650855   0.050802 -0.0998086   0.640023 0.383538 0.149608 0.655099 0.0144851 -0.138886  0.656245  0.986074 -0.684474 -0.455031  -2.39229 -0.030103   2.62045 -0.118514
 0.377565  0.162305  0.650847 0.0503412 -0.100264   0.63966 0.382362 0.150647 0.655131 0.0146736 -0.139327   0.65585   0.989673  -0.686682  -0.455092   -2.39542 -0.0329158    2.62689  -0.119122
 0.376399   0.16338  0.650839 0.0498811 -0.100718  0.639297  0.38121 0.151705 0.655063 0.0148584 -0.139744  0.655482   0.993404  -0.688899  -0.454879   -2.39826 -0.0313566     2.6318  -0.120047
 0.375235  0.164455  0.650831 0.0494215 -0.101172  0.638935 0.380035 0.152745 0.655096 0.0150456 -0.140144  0.655105   0.996857  -0.690991  -0.454835   -2.40133 -0.0341823     2.6382  -0.120655
 0.374072  0.165528  0.650824 0.0489627 -0.101626  0.638574 0.378886 0.153803 0.655026 0.0152288 -0.140521  0.654756    1.00045  -0.693099  -0.454514   -2.40412 -0.0326052    2.64305  -0.121588
 0.372911  0.166599  0.650816 0.0485045 -0.102078  0.638213 0.377714 0.154843 0.655058 0.0154145 -0.140882  0.654398    1.00377  -0.695077  -0.454371   -2.40712 -0.0354433     2.6494  -0.122198
0.371752 0.167668 0.650808 0.048047 -0.10253 0.637852 0.376568 0.155901 0.654987 0.0155958 -0.141222  0.654067    1.00724  -0.697079  -0.453948   -2.40985 -0.0338488    2.65418  -0.123139
 0.370594  0.168736    0.6508 0.0475903 -0.102982  0.637493 0.375397 0.156941 0.655019 0.0157798 -0.141545  0.653728    1.01042  -0.698946  -0.453714   -2.41279 -0.0366991    2.66048   -0.12375
 0.369439  0.169802  0.650793 0.0471342 -0.103432  0.637133 0.374255 0.157998 0.654947 0.0159591 -0.141848  0.653414    1.01377  -0.700844  -0.453195   -2.41546 -0.0350871     2.6652  -0.124698
 0.368285  0.170867  0.650785  0.046679 -0.103882  0.636775 0.373086 0.159038 0.654979 0.0161412 -0.142135  0.653094    1.01683  -0.702604  -0.452877   -2.41834 -0.0379496    2.67146   -0.12531
 0.367134  0.171929  0.650778 0.0462246 -0.104331  0.636417 0.371948 0.160094 0.654906 0.0163183 -0.142404  0.652798    1.02007  -0.704401  -0.452268   -2.42095 -0.0363209    2.67611  -0.126267
 0.365984   0.17299   0.65077 0.0457709 -0.104779  0.636059 0.370782 0.161133 0.654938 0.0164984 -0.142657  0.652495    1.02302  -0.706055   -0.45187   -2.42377 -0.0391948    2.68231   -0.12688
 0.364837  0.174048  0.650762 0.0453182 -0.105226  0.635703 0.369647 0.162188 0.654864  0.016673 -0.142893  0.652217    1.02615  -0.707754  -0.451178   -2.42632 -0.0375497    2.68689  -0.127846
 0.363692  0.175105  0.650755 0.0448663 -0.105673  0.635347 0.368483 0.163226 0.654896  0.016851 -0.143112  0.651931    1.02899  -0.709305  -0.450706   -2.42908 -0.0404348    2.69304  -0.128459
 0.362549  0.176159  0.650747 0.0444152 -0.106119  0.634991 0.367353  0.16428  0.65482 0.0170231 -0.143316   0.65167    1.03202  -0.710908  -0.449934   -2.43157 -0.0387735    2.69755  -0.129433
 0.361408  0.177212   0.65074 0.0439651 -0.106563  0.634637 0.366192 0.165317 0.654853 0.0171988 -0.143503  0.651402    1.03475   -0.71236  -0.449394   -2.43427 -0.0416696    2.70364  -0.130046
  0.36027  0.178262  0.650732  0.043516 -0.107007  0.634283 0.365065 0.166369 0.654777 0.0173681 -0.143676  0.651157    1.03768  -0.713871  -0.448548    -2.4367 -0.0399926    2.70808  -0.131029
 0.359134   0.17931  0.650724 0.0430677  -0.10745   0.63393 0.363907 0.167404 0.654809 0.0175416 -0.143833  0.650906    1.04032  -0.715225  -0.447943   -2.43933 -0.0428996    2.71411  -0.131643
 0.358001  0.180355  0.650717 0.0426205 -0.107892  0.633577 0.362785 0.168455 0.654732 0.0177081 -0.143977  0.650678    1.04316  -0.716646  -0.447028   -2.44171 -0.0412068    2.71848  -0.132634
  0.35687  0.181399  0.650709 0.0421743 -0.108333  0.633226  0.36163 0.169488 0.654765 0.0178791 -0.144105  0.650443     1.0457  -0.717905  -0.446364   -2.44428 -0.0441244    2.72446  -0.133249
 0.355742  0.182439  0.650702 0.0417291 -0.108772  0.632875 0.360513 0.170537 0.654687 0.0180425 -0.144221   0.65023    1.04846  -0.719239  -0.445384    -2.4466 -0.0424163    2.72875  -0.134249
 0.354617  0.183478  0.650694  0.041285 -0.109211  0.632525 0.359361 0.171567  0.65472 0.0182109  -0.14432  0.650012    1.05091  -0.720407  -0.444664   -2.44911 -0.0453441    2.73466  -0.134864
 0.353494  0.184514  0.650687 0.0408419 -0.109649  0.632176 0.358248 0.172614 0.654642 0.0183713  -0.14441  0.649815    1.05359  -0.721656  -0.443622   -2.45136 -0.0436213    2.73889  -0.135873
 0.352374  0.185547   0.65068    0.0404 -0.110086  0.631828   0.3571 0.173642 0.654675  0.018537 -0.144482  0.649612    1.05595  -0.722734   -0.44285   -2.45382 -0.0465591    2.74474  -0.136489
 0.351257  0.186577  0.650672 0.0399591 -0.110521  0.631481 0.355993 0.174686 0.654596 0.0186942 -0.144546   0.64943    1.05855  -0.723902  -0.441751   -2.45601 -0.0448213    2.74888  -0.137505
 0.350143  0.187605  0.650665 0.0395194 -0.110956  0.631134 0.354848 0.175711 0.654629  0.018857 -0.144593  0.649243    1.06084  -0.724894  -0.440931   -2.45841 -0.0477688    2.75467  -0.138122
 0.349032  0.188631  0.650657 0.0390809 -0.111389  0.630789 0.353746 0.176752  0.65455  0.019011 -0.144632  0.649075    1.06336  -0.725981  -0.439777   -2.46055 -0.0460165    2.75874  -0.139147
 0.347923  0.189653   0.65065 0.0386436 -0.111821  0.630444 0.352605 0.177774 0.654584  0.019171 -0.144654  0.648903    1.06557  -0.726889  -0.438912   -2.46288 -0.0489738    2.76445  -0.139765
 0.346818  0.190673  0.650643 0.0382075 -0.112252  0.630101 0.351508 0.178812 0.654504 0.0193215 -0.144669   0.64875    1.06802    -0.7279  -0.437708   -2.46496 -0.0472071    2.76845  -0.140798
 0.345716  0.191689  0.650635 0.0377726 -0.112681  0.629758 0.350372 0.179831 0.654538 0.0194785 -0.144668  0.648592    1.07015  -0.728726  -0.436801   -2.46723 -0.0501735     2.7741  -0.141416
0.344618 0.192703 0.650628 0.037339 -0.11311 0.629417 0.349281 0.180865 0.654458 0.0196255 -0.144661  0.648452    1.07254  -0.729662  -0.435549   -2.46925 -0.0483925    2.77801  -0.142458
 0.343522  0.193714  0.650621 0.0369067 -0.113537  0.629076 0.348148  0.18188 0.654492 0.0197795 -0.144636  0.648308     1.0746   -0.73041  -0.434602   -2.47146 -0.0513682     2.7836  -0.143077
  0.34243  0.194721  0.650614 0.0364757 -0.113963  0.628736 0.347063  0.18291 0.654411 0.0199229 -0.144608  0.648183    1.07692  -0.731274  -0.433305   -2.47343 -0.0495732    2.78743  -0.144127
 0.341341  0.195726  0.650606 0.0360461 -0.114387  0.628398 0.345936 0.183922 0.654446 0.0200736 -0.144562  0.648052    1.07891  -0.731945  -0.432323   -2.47558 -0.0525579    2.79295  -0.144746
 0.340256  0.196727  0.650599 0.0356178  -0.11481   0.62806 0.344857 0.184948 0.654365 0.0202134 -0.144513   0.64794    1.08117  -0.732739  -0.430984    -2.4775 -0.0507491     2.7967  -0.145806
 0.339174  0.197726  0.650592 0.0351908 -0.115232  0.627724 0.343734 0.185956   0.6544 0.0203608 -0.144446  0.647823    1.08309  -0.733336  -0.429967   -2.47959 -0.0537424    2.80215  -0.146425
 0.338096   0.19872  0.650585 0.0347653 -0.115653  0.627389 0.342662 0.186977 0.654319 0.0204967 -0.144377  0.647723    1.08529  -0.734063  -0.428588   -2.48144 -0.0519199    2.80583  -0.147493
 0.337021  0.199712  0.650578 0.0343412 -0.116071  0.627055 0.341544 0.187981 0.654354 0.0206408 -0.144291  0.647619    1.08715  -0.734588   -0.42754   -2.48348 -0.0549219     2.8112  -0.148113
  0.33595    0.2007  0.650571 0.0339186 -0.116489  0.626722 0.340478 0.188997 0.654272 0.0207728 -0.144203  0.647531    1.08929   -0.73525  -0.426124   -2.48528 -0.0530856    2.81479   -0.14919
 0.334883  0.201685  0.650563 0.0334974 -0.116905   0.62639 0.339366 0.189996 0.654308 0.0209134 -0.144098  0.647439    1.09108  -0.735706  -0.425046   -2.48725 -0.0560958    2.82009   -0.14981
  0.33382  0.202666  0.650556 0.0330778  -0.11732  0.626059 0.338307 0.191008 0.654226 0.0210413 -0.143993  0.647363    1.09317  -0.736304  -0.423596     -2.489 -0.0542462    2.82361  -0.150896
  0.33276  0.203643  0.650549 0.0326596 -0.117733   0.62573   0.3372 0.192002 0.654262 0.0211783 -0.143869  0.647283     1.0949  -0.736694  -0.422491   -2.49092 -0.0572643    2.82883  -0.151516
 0.331704  0.204617  0.650542  0.032243 -0.118144  0.625402 0.336149 0.193008  0.65418 0.0213022 -0.143747  0.647219    1.09693  -0.737231  -0.421007   -2.49261 -0.0554013    2.83227  -0.152611
 0.330653  0.205588  0.650535  0.031828 -0.118555  0.625075 0.335047 0.193997 0.654216 0.0214356 -0.143606   0.64715    1.09861  -0.737556  -0.419877   -2.49447 -0.0584273    2.83742  -0.153231
 0.329605  0.206554  0.650528 0.0314146 -0.118963  0.624749 0.334004 0.194997 0.654134 0.0215552 -0.143467  0.647097   1.10058 -0.738035 -0.418363  -2.49611 -0.056551   2.84078 -0.154335
 0.328561  0.207517  0.650521 0.0310028  -0.11937  0.624425 0.332908 0.195981  0.65417 0.0216849  -0.14331   0.64704     1.1022  -0.738298  -0.417208   -2.49791 -0.0595844    2.84585  -0.154955
 0.327522  0.208476  0.650515 0.0305926 -0.119775  0.624102 0.331872 0.196976 0.654088 0.0218003 -0.143155  0.646997    1.10413   -0.73872  -0.415666    -2.4995 -0.0576949    2.84913  -0.156067
 0.326487  0.209431  0.650508 0.0301841 -0.120179   0.62378 0.330783 0.197954 0.654125  0.021926 -0.142982   0.64695    1.10569  -0.738923   -0.41449   -2.50125 -0.0607357    2.85412  -0.156688
 0.325456  0.210382  0.650501 0.0297772 -0.120581  0.623459 0.329755 0.198943 0.654042 0.0220371 -0.142813  0.646918    1.10756   -0.73929   -0.41292   -2.50278 -0.0588329    2.85732   -0.15781
 0.324429  0.211329  0.650494 0.0293721 -0.120981   0.62314 0.328672 0.199915 0.654079 0.0221587 -0.142625  0.646882    1.10907  -0.739436  -0.411723   -2.50447 -0.0618806    2.86224   -0.15843
 0.323407  0.212273  0.650487 0.0289687 -0.121379  0.622822 0.327652 0.200897 0.653996 0.0222654 -0.142442  0.646859     1.1109  -0.739751  -0.410129   -2.50596 -0.0599649    2.86535  -0.159561
 0.322389  0.213212  0.650481 0.0285671 -0.121776  0.622506 0.326576 0.201863 0.654033 0.0223831  -0.14224  0.646833    1.11234  -0.739841  -0.408914   -2.50759 -0.0630193    2.87019  -0.160181
 0.321376  0.214146  0.650474 0.0281672 -0.122171  0.622191 0.325565 0.202838 0.653951 0.0224853 -0.142043  0.646819    1.11413  -0.740105  -0.407296   -2.50903 -0.0610907    2.87323   -0.16132
 0.320368  0.215077  0.650467 0.0277692 -0.122565  0.621877 0.324496 0.203798 0.653988 0.0225989 -0.141828  0.646803    1.11552  -0.740141  -0.406064   -2.51061 -0.0641515    2.87799   -0.16194
 0.319364  0.216003   0.65046  0.027373 -0.122956  0.621565 0.323493 0.204767 0.653905 0.0226965 -0.141619  0.646798    1.11726  -0.740358  -0.404424   -2.51199 -0.0622098    2.88094  -0.163089
 0.318364  0.216925  0.650454 0.0269786 -0.123346  0.621254 0.322431 0.205719 0.653943 0.0228059 -0.141391  0.646791     1.1186  -0.740343  -0.403176   -2.51352 -0.0652766    2.88563  -0.163709
  0.31737  0.217843  0.650447 0.0265861 -0.123733  0.620945 0.321438 0.206681  0.65386 0.0228989 -0.141169  0.646794    1.12029  -0.740513  -0.401516   -2.51486 -0.0633223     2.8885  -0.164867
  0.31638  0.218756  0.650441 0.0261955 -0.124119  0.620637 0.320383 0.207627 0.653898 0.0230041 -0.140929  0.646796    1.12158  -0.740448  -0.400254   -2.51634 -0.0663948    2.89311  -0.165487
 0.315395  0.219665  0.650434 0.0258068 -0.124503  0.620331 0.319399 0.208581 0.653815 0.0230924 -0.140697  0.646808    1.12323  -0.740574  -0.398576   -2.51762 -0.0644276     2.8959  -0.166653
 0.314415  0.220569  0.650428 0.0254201 -0.124885  0.620027 0.318352  0.20952 0.653853 0.0231933 -0.140445  0.646818    1.12447  -0.740462  -0.397301   -2.51905 -0.0675054    2.90043  -0.167273
  0.31344  0.221469  0.650421 0.0250353 -0.125266  0.619723 0.317377 0.210466  0.65377 0.0232769 -0.140202  0.646838    1.12607  -0.740545  -0.395606   -2.52029 -0.0655255    2.90314  -0.168449
  0.31247  0.222364  0.650415 0.0246525 -0.125644  0.619422 0.316339 0.211397 0.653808 0.0233735  -0.13994  0.646856    1.12727  -0.740389  -0.394319   -2.52166 -0.0686083    2.90759  -0.169068
 0.311505  0.223254  0.650408 0.0242718  -0.12602  0.619122 0.315373 0.212336 0.653725 0.0234524 -0.139687  0.646883    1.12882  -0.740431  -0.392608   -2.52285 -0.0666156    2.91022  -0.170253
 0.310545  0.224139  0.650402  0.023893 -0.126394  0.618823 0.314343 0.213259 0.653764 0.0235444 -0.139414  0.646909    1.12997  -0.740232  -0.391311   -2.52418 -0.0697029    2.91459  -0.170872
 0.309591   0.22502  0.650396 0.0235164 -0.126766  0.618527 0.313388  0.21419 0.653681 0.0236187 -0.139152  0.646943    1.13148  -0.740235  -0.389586   -2.52533 -0.0676978    2.91714  -0.172066
 0.308642  0.225896  0.650389 0.0231418 -0.127136  0.618232 0.312366 0.215105 0.653719 0.0237063  -0.13887  0.646976    1.13259  -0.739995   -0.38828    -2.5266 -0.0707893    2.92143  -0.172684
 0.307698  0.226766  0.650383 0.0227693 -0.127504  0.617938 0.311421 0.216027 0.653636 0.0237758 -0.138599  0.647017    1.13406  -0.739961  -0.386543    -2.5277 -0.0687714     2.9239  -0.173888
0.306759 0.227632 0.650377 0.022399 -0.12787 0.617646 0.310408 0.216935 0.653675 0.0238589 -0.138308  0.647056   1.13511 -0.739682 -0.385228  -2.52893 -0.071867   2.92811 -0.174505
 0.305826  0.228493  0.650371 0.0220308 -0.128234  0.617356 0.309473 0.217847 0.653592 0.0239236 -0.138029  0.647104    1.13654  -0.739613   -0.38348   -2.52999 -0.0698364    2.93051  -0.175718
 0.304899  0.229349  0.650364 0.0216648 -0.128596  0.617068  0.30847 0.218747  0.65363 0.0240023  -0.13773   0.64715    1.13755  -0.739296  -0.382159   -2.53117 -0.0729356    2.93464  -0.176335
 0.303977  0.230199  0.650358  0.021301 -0.128955  0.616781 0.307545 0.219651 0.653548 0.0240623 -0.137443  0.647203    1.13894  -0.739194    -0.3804   -2.53219 -0.0708921    2.93695  -0.177556
 0.303061  0.231045  0.650352 0.0209394 -0.129312  0.616497 0.306551 0.220541 0.653587 0.0241365 -0.137137  0.647255     1.1399  -0.738842  -0.379073   -2.53332 -0.0739949    2.94101  -0.178172
  0.30215  0.231885  0.650346 0.0205801 -0.129667  0.616213 0.305638 0.221436 0.653504 0.0241917 -0.136843  0.647314    1.14125  -0.738708  -0.377307   -2.53429 -0.0719383    2.94324  -0.179403
0.301245  0.23272  0.65034 0.020223 -0.13002 0.615932 0.304653 0.222318 0.653543 0.0242614  -0.13653  0.647372    1.14217  -0.738324  -0.375975   -2.53538 -0.0750444    2.94722  -0.180018
 0.300346  0.233549  0.650334 0.0198682 -0.130371  0.615653 0.303751 0.223203  0.65346 0.0243119  -0.13623  0.647436    1.14348  -0.738159  -0.374202   -2.53631 -0.0729747    2.94938  -0.181258
 0.299453  0.234373  0.650328 0.0195158 -0.130719  0.615375 0.302776 0.224076 0.653499 0.0243772  -0.13591    0.6475    1.14436  -0.737743  -0.372866   -2.53736 -0.0760837    2.95328  -0.181872
 0.298566  0.235192  0.650322 0.0191657 -0.131065  0.615099 0.301885 0.224951 0.653417  0.024423 -0.135604  0.647569    1.14563  -0.737551  -0.371087   -2.53825 -0.0740011    2.95536  -0.183122
 0.297685  0.236005  0.650317 0.0188179 -0.131408  0.614825  0.30092 0.225814 0.653456 0.0244838 -0.135279  0.647637    1.14647  -0.737105   -0.36975   -2.53925 -0.0771122    2.95918  -0.183735
  0.29681  0.236812  0.650311 0.0184726 -0.131749  0.614553 0.300041  0.22668 0.653373 0.0245251 -0.134968  0.647711     1.1477  -0.736886  -0.367966    -2.5401 -0.0750167    2.96119  -0.184993
 0.295941  0.237614  0.650305 0.0181296 -0.132088  0.614283 0.299087 0.227533 0.653413 0.0245815 -0.134637  0.647784    1.14849  -0.736413  -0.366628   -2.54106 -0.0781298    2.96493  -0.185605
 0.295078   0.23841  0.650299 0.0177891 -0.132425  0.614015  0.29822 0.228388 0.653331 0.0246181 -0.134321  0.647862    1.14969  -0.736169  -0.364841   -2.54187 -0.0760212    2.96687  -0.186873
 0.294221    0.2392  0.650294 0.0174511 -0.132759  0.613748 0.297276 0.229232  0.65337 0.0246702 -0.133986  0.647939    1.15044   -0.73567  -0.363503   -2.54279 -0.0791357    2.97053  -0.187483
 0.293371  0.239985  0.650288 0.0171155  -0.13309  0.613484 0.296421 0.230077 0.653287 0.0247024 -0.133665  0.648021    1.1516 -0.735402 -0.361713  -2.54356 -0.077014    2.9724  -0.18876
 0.292527  0.240763  0.650282 0.0167824 -0.133419  0.613222 0.295488 0.230911 0.653327 0.0247501 -0.133326  0.648102    1.15231  -0.734879  -0.360377   -2.54444 -0.0801299    2.97598  -0.189369
 0.291689  0.241536  0.650277 0.0164519 -0.133746  0.612961 0.294645 0.231745 0.653245 0.0247778 -0.133002  0.648188    1.15343   -0.73459  -0.358587   -2.54518 -0.0779951    2.97778  -0.190655
 0.290858  0.242303  0.650271 0.0161239  -0.13407  0.612703 0.293723 0.232568 0.653284 0.0248214 -0.132659  0.648273     1.1541  -0.734044  -0.357253   -2.54602 -0.0811117    2.98128  -0.191262
 0.290034  0.243064  0.650266 0.0157985 -0.134391  0.612446 0.292893 0.233391 0.653202 0.0248448 -0.132332  0.648362    1.15519  -0.733734  -0.355463   -2.54672 -0.0789638    2.98301  -0.192557
 0.289216  0.243818   0.65026 0.0154757  -0.13471  0.612192 0.291983 0.234204 0.653241 0.0248842 -0.131986   0.64845    1.15582  -0.733168  -0.354133   -2.54752 -0.0820806    2.98644  -0.193162
 0.288404  0.244567  0.650255 0.0151555 -0.135027   0.61194 0.291166 0.235016  0.65316 0.0249033 -0.131656  0.648542    1.15688  -0.732839  -0.352345   -2.54819 -0.0799198    2.98809  -0.194466
  0.2876 0.245309  0.65025 0.014838 -0.13534  0.61169 0.290267 0.235818 0.653199 0.0249387 -0.131308  0.648634    1.15747  -0.732253   -0.35102   -2.54895 -0.0830367    2.99145   -0.19507
 0.286802  0.246046  0.650244 0.0145231 -0.135651  0.611442 0.289463 0.236619 0.653118 0.0249535 -0.130975  0.648728    1.15849  -0.731907  -0.349235   -2.54958 -0.0808625    2.99303  -0.196383
0.286011 0.246775 0.650239 0.014211 -0.13596 0.611196 0.288576  0.23741 0.653157  0.024985 -0.130625  0.648822    1.15905  -0.731304  -0.347915   -2.55031 -0.0839791    2.99632  -0.196985
 0.285227  0.247499  0.650234 0.0139015 -0.136266  0.610952 0.287785 0.238199 0.653077 0.0249958 -0.130291  0.648919    1.16003  -0.730942  -0.346135   -2.55091 -0.0817914    2.99783  -0.198307
 0.284449  0.248216  0.650229 0.0135948 -0.136569   0.61071 0.286911 0.238978 0.653115 0.0250233 -0.129939  0.649016    1.16055  -0.730324  -0.344822    -2.5516 -0.0849073    3.00104  -0.198906
 0.283679  0.248927  0.650224 0.0132909 -0.136869  0.610471 0.286133 0.239756 0.653035 0.0250303 -0.129604  0.649115     1.1615  -0.729947  -0.343048   -2.55217 -0.0827065    3.00249  -0.200238
 0.282916  0.249631  0.650218 0.0129897 -0.137166  0.610234 0.285271 0.240524 0.653074  0.025054 -0.129251  0.649214    1.16199  -0.729314  -0.341743   -2.55282 -0.0858212    3.00563  -0.200835
  0.28216  0.250328  0.650213 0.0126913 -0.137461  0.609999 0.284507 0.241289 0.652994 0.0250571 -0.128915  0.649315    1.16291  -0.728925  -0.339976   -2.55336 -0.0836067    3.00701  -0.202175
 0.281411  0.251019  0.650209 0.0123958 -0.137753  0.609766 0.283658 0.242045 0.653032 0.0250772 -0.128561  0.649416    1.16335  -0.728278  -0.338681   -2.55399 -0.0867202    3.01008  -0.202769
  0.28067  0.251703  0.650204 0.0121032 -0.138042  0.609535 0.282909 0.242798 0.652953 0.0250766 -0.128225  0.649518    1.16425  -0.727878  -0.336921    -2.5545 -0.0844924     3.0114  -0.204118
 0.279935  0.252381  0.650199 0.0118134 -0.138329  0.609307 0.282072 0.243542 0.652991 0.0250932 -0.127872  0.649621   1.16466  -0.72722 -0.335637  -2.55508 -0.087604   3.01439  -0.20471
 0.279208  0.253052  0.650194 0.0115265 -0.138612  0.609081 0.281337 0.244282 0.652912  0.025089 -0.127535  0.649725    1.16552  -0.726809  -0.333887   -2.55557 -0.0853624    3.01565  -0.206068
 0.278489  0.253715  0.650189 0.0112426 -0.138893  0.608857 0.280514 0.245014  0.65295 0.0251022 -0.127182  0.649829    1.16589  -0.726141  -0.332613   -2.55612 -0.0884721    3.01857  -0.206657
 0.277777  0.254372  0.650184 0.0109616  -0.13917  0.608636 0.279793 0.245741 0.652872 0.0250946 -0.126846  0.649933    1.16673  -0.725721  -0.330875   -2.55658 -0.0862169    3.01977  -0.208024
 0.277072  0.255022   0.65018 0.0106835 -0.139445  0.608417 0.278983 0.246461  0.65291 0.0251045 -0.126494  0.650038    1.16707  -0.725044  -0.329614   -2.55711 -0.0893242    3.02262   -0.20861
 0.276375  0.255665  0.650175 0.0104085 -0.139717    0.6082 0.278277 0.247175 0.652831 0.0250936 -0.126159  0.650144    1.16787  -0.724617  -0.327888   -2.55754 -0.0870552    3.02376  -0.209985
 0.275686  0.256301   0.65017 0.0101365 -0.139985  0.607986 0.277481 0.247882  0.65287 0.0251004 -0.125808   0.65025    1.16818  -0.723933   -0.32664   -2.55803 -0.0901594    3.02655  -0.210568
  0.275004    0.25693   0.650166 0.00986753  -0.140251   0.607774  0.27679 0.248582 0.652791 0.0250864 -0.125475  0.650356   1.16895 -0.723499 -0.324928  -2.55844 -0.087877   3.02763 -0.211952
  0.274331   0.257552   0.650162 0.00960163  -0.140514   0.607564 0.276008 0.249277 0.652829 0.0250902 -0.125126  0.650463    1.16923  -0.722809  -0.323695    -2.5589 -0.0909777    3.03035  -0.212531
  0.273665   0.258166   0.650157 0.00933883  -0.140773   0.607357 0.275332 0.249964 0.652752 0.0250732 -0.124794  0.650569    1.16998   -0.72237  -0.321997   -2.55928 -0.0886819    3.03137  -0.213923
  0.273007   0.258773   0.650153 0.00907914   -0.14103   0.607153 0.274564 0.250645  0.65279 0.0250742 -0.124447  0.650676    1.17023  -0.721675  -0.320781   -2.55972 -0.0917788    3.03402  -0.214499
  0.272357   0.259373   0.650148 0.00882259  -0.141283   0.606951 0.273904 0.251318 0.652712 0.0250545 -0.124118  0.650783    1.17095  -0.721232  -0.319099   -2.56008 -0.0894697    3.03499    -0.2159
 0.271714  0.259966  0.650144 0.0085692 -0.141534  0.606751 0.273151 0.251986  0.65275 0.0250528 -0.123773   0.65089    1.17116  -0.720533  -0.317899   -2.56049 -0.0925622    3.03758  -0.216472
  0.27108  0.260551   0.65014  0.008319 -0.141781  0.606554 0.272506 0.252645 0.652673 0.0250304 -0.123446  0.650997    1.17186  -0.720087  -0.316235   -2.56083 -0.0902398    3.03849  -0.217881
 0.270455  0.261128  0.650136  0.008072 -0.142025  0.606359 0.271768 0.253299 0.652711 0.0250261 -0.123104  0.651104    1.17205  -0.719387  -0.315054   -2.56122 -0.0933275    3.04101  -0.218449
  0.269837   0.261698   0.650132 0.00782824  -0.142266   0.606167 0.271138 0.253944 0.652635 0.0250013  -0.12278   0.65121    1.17271  -0.718938  -0.313407   -2.56153 -0.0909917    3.04187  -0.219867
  0.269227    0.26226   0.650128 0.00758773  -0.142503   0.605978 0.270415 0.254584 0.652672 0.0249946 -0.122442  0.651317    1.17287  -0.718237  -0.312246   -2.56189 -0.0940745    3.04433   -0.22043
 0.268626  0.262815  0.650124 0.0073505 -0.142738  0.605791 0.269802 0.255215 0.652596 0.0249674 -0.122121  0.651423    1.17351  -0.717788  -0.310619   -2.56218 -0.0917253    3.04514  -0.221856
  0.268034   0.263362    0.65012 0.00711657  -0.142969   0.605607 0.269095 0.255841 0.652634 0.0249585 -0.121786  0.651529    1.17364  -0.717087  -0.309479   -2.56253 -0.0948026    3.04754  -0.222416
  0.267449   0.263901   0.650116 0.00688597  -0.143197   0.605425 0.268498 0.256456 0.652559 0.0249292  -0.12147  0.651635    1.17426  -0.716637  -0.307873    -2.5628 -0.0924404     3.0483  -0.223849
  0.266873   0.264432   0.650112 0.00665872  -0.143421   0.605246 0.267806 0.257068 0.652596 0.0249182 -0.121139   0.65174    1.17437  -0.715937  -0.306754   -2.56312 -0.0955117    3.05064  -0.224404
  0.266306   0.264956   0.650108 0.00643484  -0.143642    0.60507 0.267226 0.257669 0.652521  0.024887 -0.120826  0.651845    1.17496  -0.715489   -0.30517   -2.56337 -0.0931363    3.05135  -0.225845
  0.265747   0.265471   0.650105 0.00621435   -0.14386   0.604896 0.266549 0.258266 0.652558  0.024874 -0.120499   0.65195    1.17504  -0.714791  -0.304074   -2.56367 -0.0962017    3.05364  -0.226395
  0.265197   0.265979   0.650101 0.00599729  -0.144075   0.604725 0.265986 0.258852 0.652484  0.024841 -0.120191  0.652053    1.17561  -0.714345  -0.302514    -2.5639 -0.0938132     3.0543  -0.227844
  0.264656   0.266478   0.650097 0.00578366  -0.144286   0.604556 0.265326 0.259434 0.652521 0.0248264 -0.119869  0.652157    1.17566   -0.71365  -0.301441   -2.56418 -0.0968721    3.05653  -0.228389
 0.264123  0.266969  0.650094 0.0055735 -0.144493  0.604391  0.26478 0.260004 0.652447 0.0247917 -0.119565  0.652259    1.17621  -0.713207  -0.299906    -2.5644 -0.0944705    3.05714  -0.229846
    0.2636   0.267453    0.65009 0.00536684  -0.144698   0.604228 0.264135 0.260572 0.652484 0.0247754 -0.119249  0.652362    1.17624  -0.712517  -0.298858   -2.56465 -0.0975227    3.05931  -0.230386
  0.263085   0.267928   0.650087 0.00516368  -0.144898   0.604068 0.263607 0.261126  0.65241 0.0247393  -0.11895  0.652463   1.17676 -0.712078 -0.297349  -2.56486 -0.095108   3.05989  -0.23185
  0.262579   0.268394   0.650083 0.00496406  -0.145096   0.603911 0.262979 0.261678 0.652447 0.0247216 -0.118639  0.652564    1.17676  -0.711393  -0.296328    -2.5651 -0.0981531      3.062  -0.232384
 0.262082  0.268853   0.65008  0.004768 -0.145289  0.603756 0.262468 0.262217 0.652375 0.0246842 -0.118345  0.652663    1.17727  -0.710959  -0.294845   -2.56528 -0.0957255    3.06254  -0.233855
  0.261594   0.269303   0.650077 0.00457553  -0.145479   0.603605 0.261857 0.262753 0.652411 0.0246652 -0.118039  0.652763   1.17725  -0.71028 -0.293851   -2.5655 -0.098763    3.0646 -0.234384
  0.261116   0.269744   0.650074 0.00438666  -0.145666   0.603456 0.261364 0.263276 0.652339 0.0246267 -0.117752  0.652861    1.17773  -0.709851  -0.292397   -2.56568 -0.0963225    3.06509  -0.235862
  0.260646   0.270177   0.650071 0.00420142  -0.145849    0.60331  0.26077 0.263797 0.652376 0.0246066 -0.117452  0.652959    1.17769  -0.709179  -0.291431   -2.56588 -0.0993524     3.0671  -0.236385
  0.260186   0.270602   0.650068 0.00401983  -0.146028   0.603167 0.260295 0.264303 0.652304 0.0245672  -0.11717  0.653055    1.17815  -0.708756  -0.290006   -2.56604 -0.0968993    3.06755  -0.237871
  0.259735   0.271018   0.650065 0.00384192  -0.146204   0.603027 0.259719 0.264807 0.652341 0.0245461 -0.116877  0.653151   1.17809 -0.708092 -0.289069  -2.56623 -0.099921   3.06951 -0.238387
  0.259294   0.271425   0.650062 0.00366771  -0.146376    0.60289 0.259261 0.265297 0.652269 0.0245059 -0.116601  0.653245    1.17853  -0.707677  -0.287675   -2.56638 -0.0974553    3.06993  -0.239879
  0.258862   0.271824   0.650059 0.00349723  -0.146545   0.602755 0.258703 0.265786 0.652306 0.0244841 -0.116314   0.65334   1.17845 -0.707021 -0.286769  -2.56655 -0.100469   3.07184 -0.240389
   0.25844   0.272213   0.650056 0.00333049   -0.14671   0.602624 0.258264 0.266258 0.652235 0.0244432 -0.116045  0.653432    1.17887  -0.706614  -0.285406   -2.56669 -0.0979903    3.07222  -0.241888
  0.258027   0.272594   0.650053 0.00316752  -0.146871   0.602495 0.257723 0.266731 0.652272 0.0244207 -0.115765  0.653524   1.17876 -0.705967 -0.284531  -2.56685 -0.100996   3.07408 -0.242391
  0.257623   0.272967   0.650051 0.00300834  -0.147028    0.60237 0.257303 0.267186 0.652202 0.0243794 -0.115502  0.653614    1.17917  -0.705569  -0.283201   -2.56697 -0.0985043    3.07442  -0.243897
   0.25723    0.27333   0.650048 0.00285299  -0.147181   0.602248 0.256781 0.267642 0.652238 0.0243564 -0.115229  0.653704   1.17904 -0.704932 -0.282359  -2.56712 -0.101501   3.07624 -0.244393
  0.256846   0.273684   0.650045 0.00270147  -0.147331   0.602128  0.25638  0.26808 0.652169 0.0243147 -0.114974  0.653791    1.17943  -0.704543  -0.281063   -2.56723 -0.0989971    3.07655  -0.245905
  0.256471   0.274029   0.650043 0.00255382  -0.147477   0.602012 0.255876 0.268519 0.652205 0.0242915 -0.114708  0.653879   1.17928 -0.703917 -0.280254  -2.56737 -0.101985   3.07832 -0.246394
  0.256107   0.274365   0.650041 0.00241005  -0.147619   0.601899 0.255494 0.268939 0.652136 0.0242496  -0.11446  0.653964    1.17965  -0.703537  -0.278992   -2.56747 -0.0994685     3.0786  -0.247912
 0.255753  0.274692  0.650038 0.0022702 -0.147757  0.601789 0.255008 0.269361 0.652173 0.0242263 -0.114202   0.65405   1.17949 -0.702923 -0.278219   -2.5676 -0.102448   3.08033 -0.248394
  0.255408    0.27501   0.650036 0.00213428  -0.147891   0.601681 0.254646 0.269764 0.652104 0.0241844 -0.113961  0.654132    1.17984  -0.702554  -0.276993   -2.56769 -0.0999186    3.08057  -0.249917
  0.255074   0.275319   0.650034 0.00200232  -0.148022   0.601577 0.254179 0.270168 0.652141  0.024161 -0.113711  0.654215   1.17966 -0.701952 -0.276255   -2.5678 -0.102888   3.08226 -0.250392
   0.25475   0.275618   0.650032 0.00187434  -0.148148   0.601477 0.253836 0.270553 0.652073 0.0241193 -0.113478  0.654295      1.18 -0.701594 -0.275066  -2.56789 -0.100347   3.08248 -0.251921
  0.254435   0.275908   0.650029 0.00175036  -0.148271   0.601379 0.253389 0.270939 0.652109  0.024096 -0.113236  0.654375   1.17979 -0.701005 -0.274365    -2.568 -0.103307   3.08413 -0.252387
  0.254131   0.276188   0.650027 0.00163041  -0.148389   0.601284 0.253066 0.271306 0.652042 0.0240547  -0.11301  0.654453   1.18011 -0.700657 -0.273214  -2.56807 -0.100754   3.08432 -0.253922
  0.253838   0.276459   0.650025 0.00151452  -0.148504   0.601193 0.252638 0.271675 0.652078 0.0240316 -0.112776   0.65453   1.17989 -0.700081 -0.272551  -2.56817 -0.103704   3.08593  -0.25438
 0.253554  0.276721  0.650024 0.0014027 -0.148614  0.601105 0.252335 0.272023 0.652012 0.0239907 -0.112559  0.654605    1.1802 -0.699746 -0.271439  -2.56824 -0.101139   3.08609  -0.25592
  0.253281   0.276972   0.650022 0.00129497  -0.148721    0.60102 0.251927 0.272374 0.652048  0.023968 -0.112334  0.654679   1.17996 -0.699184 -0.270814  -2.56833 -0.104079   3.08766  -0.25637
  0.253019   0.277215    0.65002 0.00119137  -0.148823   0.600939 0.251644 0.272704 0.651982 0.0239277 -0.112124  0.654751   1.18025 -0.698862 -0.269742   -2.5684 -0.101501    3.0878 -0.257914
  0.252767   0.277447   0.650018 0.00109192  -0.148921    0.60086 0.251256 0.273036 0.652019 0.0239056 -0.111908  0.654823      1.18 -0.698314 -0.269156  -2.56848 -0.104432   3.08933 -0.258356
   0.252525     0.27767    0.650017 0.000996627   -0.149015    0.600785 0.250993 0.273347 0.651954  0.023866 -0.111707  0.654891   1.18028 -0.698005 -0.268125  -2.56854 -0.101843   3.08945 -0.259905
   0.252295    0.277883    0.650015 0.000905532   -0.149105    0.600713 0.250626  0.27366  0.65199 0.0238445 -0.111499   0.65496   1.18001 -0.697471 -0.267581  -2.56861 -0.104763   3.09095 -0.260338
   0.252074    0.278086    0.650014 0.000818651   -0.149191    0.600645 0.250384 0.273952 0.651925 0.0238057 -0.111307  0.655026   1.18027 -0.697176  -0.26659  -2.56867 -0.102162   3.09104 -0.261892
  0.251865   0.278279   0.650012 0.00073601  -0.149273    0.60058 0.250037 0.274247 0.651962 0.0237851 -0.111109  0.655091   1.17998 -0.696657 -0.266088  -2.56873 -0.105072   3.09251 -0.262315
   0.251666    0.278462    0.650011 0.000657631    -0.14935    0.600518 0.249816  0.27452 0.651898 0.0237473 -0.110925  0.655154   1.18023 -0.696375  -0.26514  -2.56879 -0.102459   3.09258 -0.263873
   0.251479    0.278636     0.65001 0.000583537   -0.149423     0.60046 0.249489 0.274795 0.651934 0.0237276 -0.110736  0.655217   1.17993 -0.695872  -0.26468  -2.56885 -0.105359   3.09401 -0.264287
   0.251302    0.278799    0.650009 0.000513753   -0.149492    0.600405  0.24929 0.275048 0.651871 0.0236909 -0.110562  0.655276   1.18016 -0.695605 -0.263776  -2.56889 -0.102735   3.09407  -0.26585
   0.251136    0.278952    0.650008 0.000448301   -0.149557    0.600353 0.248984 0.275305 0.651907 0.0236722 -0.110382  0.655335   1.17984 -0.695117 -0.263359  -2.56895 -0.105624   3.09547 -0.266254
   0.250981    0.279095    0.650007 0.000387205   -0.149617    0.600305 0.248806 0.275538 0.651845 0.0236367 -0.110217  0.655392   1.18006 -0.694865   -0.2625    -2.569 -0.102988    3.0955  -0.26782
   0.250837    0.279227    0.650006 0.000330488   -0.149673     0.60026 0.248522 0.275775 0.651881 0.0236193 -0.110046  0.655448   1.17973 -0.694393 -0.262127  -2.56905 -0.105867   3.09688 -0.268214
   0.250705     0.27935    0.650005 0.000278174   -0.149725    0.600219 0.248365 0.275988  0.65182 0.0235851  -0.10989  0.655501   1.17994 -0.694155 -0.261313  -2.56909 -0.103219   3.09689 -0.269784
   0.250584    0.279462    0.650004 0.000230286   -0.149772    0.600181 0.248102 0.276205 0.651856 0.0235689 -0.109729  0.655553   1.17959   -0.6937 -0.260986  -2.56914 -0.106088   3.09824 -0.270167
   0.250473    0.279563    0.650003 0.000186848   -0.149815    0.600147 0.247968 0.276398 0.651795 0.0235363 -0.109583  0.655603   1.17979 -0.693477 -0.260218  -2.56918 -0.103428   3.09824 -0.271741
   0.250375    0.279654    0.650002 0.000147883   -0.149854    0.600117 0.247727 0.276595 0.651831 0.0235215 -0.109432  0.655652   1.17943 -0.693038 -0.259937  -2.56922 -0.106287   3.09956 -0.272114
   0.250287    0.279735    0.650002 0.000113414   -0.149888    0.600089 0.247614 0.276768 0.651771 0.0234904 -0.109294  0.655699   1.17961 -0.692831 -0.259215  -2.56926 -0.103615   3.09955 -0.273691
  0.250212   0.279805   0.650001 8.3465e-05  -0.149918   0.600066 0.247395 0.276945 0.651808 0.0234771 -0.109153  0.655745   1.17923 -0.692409 -0.258981   -2.5693 -0.106463   3.10085 -0.274053
   0.250147    0.279864    0.650001 5.80594e-05   -0.149943    0.600046 0.247305 0.277097 0.651748 0.0234477 -0.109026  0.655788    1.1794 -0.692217 -0.258307  -2.56934  -0.10378   3.10082 -0.275632
   0.250094    0.279913    0.650001 3.72205e-05   -0.149963    0.600029 0.247109 0.277253 0.651784 0.0234361 -0.108895   0.65583   1.17902 -0.691812 -0.258121  -2.56938 -0.106618   3.10209 -0.275984
   0.250053    0.279951        0.65 2.09716e-05   -0.149979    0.600017 0.247041 0.277384 0.651726 0.0234084 -0.108777  0.655869   1.17917 -0.691636 -0.257496  -2.56941 -0.103923   3.10205 -0.277566
   0.250024    0.279978        0.65 9.33634e-06   -0.149991    0.600007 0.246867  0.27752 0.651762 0.0233985 -0.108656  0.655908   1.17877 -0.691248 -0.257358  -2.56945  -0.10675    3.1033 -0.277906
   0.250006    0.279995        0.65 2.33799e-06   -0.149998    0.600002 0.246822  0.27763 0.651704 0.0233727 -0.108548  0.655944   1.17891 -0.691088 -0.256782  -2.56948 -0.104044   3.10325 -0.279491
 0.25  0.28  0.65     0 -0.15   0.6 0.246671 0.277745 0.651741 0.0233647 -0.108437   0.65598    1.1785 -0.690717 -0.256694  -2.56952 -0.106861   3.10448 -0.279819
 0.25  0.28  0.65     0 -0.15   0.6 0.246649 0.277833 0.651683 0.0233408  -0.10834  0.656012   1.17863 -0.690573 -0.256168  -2.56955 -0.104143   3.10441 -0.281406
 0.25  0.28  0.65     0 -0.15   0.6 0.246521 0.277927  0.65172 0.0233347 -0.108239  0.656044    1.1782 -0.690219  -0.25613  -2.56959  -0.10695   3.10562 -0.281723
 0.25  0.28  0.65     0 -0.15   0.6  0.24651 0.278005 0.651664  0.023312 -0.108147  0.656074   1.17833 -0.690087  -0.25563  -2.56962 -0.104223   3.10555 -0.283313
 0.25  0.28  0.65     0 -0.15   0.6 0.246391 0.278089 0.651702 0.0233071 -0.108053  0.656104   1.17791 -0.689744 -0.255616  -2.56965 -0.107024   3.10673  -0.28362
 0.25  0.28  0.65     0 -0.15   0.6 0.246391 0.278157 0.651647 0.0232854 -0.107967  0.656133   1.17803 -0.689624 -0.255141  -2.56968  -0.10429   3.10664 -0.285214
 0.25  0.28  0.65     0 -0.15   0.6 0.246281 0.278233 0.651685 0.0232815 -0.107877  0.656161   1.17761 -0.689292 -0.255149  -2.56971 -0.107085    3.1078 -0.285511
 0.25  0.28  0.65     0 -0.15   0.6 0.246289 0.278292 0.651632 0.0232609 -0.107797  0.656188   1.17773 -0.689182 -0.254696  -2.56973 -0.104344    3.1077 -0.287108
 0.25  0.28  0.65     0 -0.15   0.6 0.246187 0.278361 0.651671 0.0232581 -0.107713  0.656214   1.17731  -0.68886 -0.254724  -2.56976 -0.107134   3.10884 -0.287397
 0.25  0.28  0.65     0 -0.15   0.6 0.246204 0.278413 0.651619 0.0232386 -0.107637  0.656239   1.17743 -0.688759 -0.254292  -2.56978 -0.104386   3.10872 -0.288997
 0.25  0.28  0.65     0 -0.15   0.6 0.246109 0.278475 0.651658 0.0232367 -0.107557  0.656264   1.17701 -0.688447 -0.254339  -2.56981 -0.107171   3.10984 -0.289276
 0.25  0.28  0.65     0 -0.15   0.6 0.246132  0.27852 0.651606 0.0232184 -0.107486  0.656288   1.17714 -0.688354 -0.253925  -2.56983 -0.104416    3.1097 -0.290881
 0.25  0.28  0.65     0 -0.15   0.6 0.246043 0.278577 0.651645 0.0232176 -0.107411  0.656312   1.17672 -0.688051 -0.253989  -2.56985 -0.107197    3.1108 -0.291149
 0.25  0.28  0.65     0 -0.15   0.6 0.246073 0.278616 0.651593 0.0232005 -0.107343  0.656334   1.17685 -0.687965 -0.253592  -2.56988 -0.104437   3.11065 -0.292758
 0.25  0.28  0.65     0 -0.15   0.6  0.24599 0.278668 0.651632 0.0232008 -0.107271  0.656356   1.17643 -0.687669 -0.253672  -2.56989 -0.107214   3.11173 -0.293017
 0.25  0.28  0.65     0 -0.15   0.6 0.246025 0.278702  0.65158 0.0231849 -0.107207  0.656377   1.17657  -0.68759 -0.253291  -2.56992 -0.104449   3.11157  -0.29463
 0.25  0.28  0.65     0 -0.15   0.6 0.245946 0.278751 0.651619 0.0231864 -0.107139  0.656399   1.17615 -0.687302 -0.253385  -2.56993 -0.107224   3.11262 -0.294879
 0.25  0.28  0.65     0 -0.15   0.6 0.245986 0.278781 0.651567 0.0231716 -0.107078  0.656418   1.17629 -0.687229 -0.253018  -2.56996 -0.104453   3.11245 -0.296496
 0.25  0.28  0.65     0 -0.15   0.6 0.245911 0.278826 0.651604 0.0231742 -0.107013  0.656439   1.17588 -0.686947 -0.253124  -2.56997 -0.107226   3.11348 -0.296736
 0.25  0.28  0.65     0 -0.15   0.6 0.245955 0.278852 0.651552 0.0231606 -0.106955  0.656457   1.17602  -0.68688  -0.25277     -2.57 -0.104452    3.1133 -0.298356
 0.25  0.28  0.65     0 -0.15   0.6 0.245884 0.278894  0.65159 0.0231642 -0.106893  0.656477   1.17562 -0.686604 -0.252889  -2.57001 -0.107223   3.11431 -0.298586
 0.25  0.28  0.65     0 -0.15   0.6 0.245931 0.278918 0.651537 0.0231518 -0.106837  0.656494   1.17577 -0.686543 -0.252547  -2.57004 -0.104444   3.11412 -0.300211
 0.25  0.28  0.65     0 -0.15   0.6 0.245863 0.278957 0.651574 0.0231562 -0.106778  0.656513   1.17536 -0.686274 -0.252677  -2.57005 -0.107214   3.11511 -0.300432
 0.25  0.28  0.65     0 -0.15   0.6 0.245913 0.278978 0.651522 0.0231448 -0.106725   0.65653   1.17552 -0.686219 -0.252346  -2.57007 -0.104432    3.1149  -0.30206
 0.25  0.28  0.65     0 -0.15   0.6 0.245848 0.279015 0.651559   0.02315 -0.106669  0.656547   1.17512 -0.685955 -0.252485  -2.57008   -0.1072   3.11588 -0.302271
 0.25  0.28  0.65     0 -0.15   0.6 0.245901 0.279033 0.651507 0.0231394 -0.106618  0.656563   1.17528 -0.685905 -0.252163   -2.5701 -0.104415   3.11566 -0.303904
 0.25  0.28  0.65     0 -0.15   0.6 0.245838 0.279068 0.651544 0.0231454 -0.106565   0.65658   1.17489 -0.685648 -0.252312  -2.57011 -0.107182   3.11661 -0.304106
 0.25  0.28  0.65     0 -0.15   0.6 0.245894 0.279083 0.651493 0.0231355 -0.106517  0.656595   1.17505 -0.685603 -0.251999  -2.57013 -0.104392   3.11639 -0.305743
 0.25  0.28  0.65     0 -0.15   0.6 0.245833 0.279116 0.651529  0.023142 -0.106465  0.656611   1.17466 -0.685351 -0.252156  -2.57014 -0.107158   3.11732 -0.305934
 0.25  0.28  0.65     0 -0.15   0.6 0.245891 0.279129 0.651478 0.0231328  -0.10642  0.656625   1.17483 -0.685312 -0.251852  -2.57016 -0.104365   3.11708 -0.307575
 0.25  0.28  0.65     0 -0.15   0.6 0.245832  0.27916 0.651514 0.0231398 -0.106371   0.65664   1.17444 -0.685066 -0.252015  -2.57017 -0.107129     3.118 -0.307758
 0.25  0.28  0.65     0 -0.15   0.6 0.245892  0.27917 0.651464 0.0231311 -0.106327  0.656654   1.17462 -0.685031 -0.251719  -2.57019 -0.104332   3.11775 -0.309403
 0.25  0.28  0.65     0 -0.15   0.6 0.245835   0.2792   0.6515 0.0231385  -0.10628  0.656668   1.17423  -0.68479 -0.251889   -2.5702 -0.107095   3.11865 -0.309576
 0.25  0.28  0.65     0 -0.15   0.6 0.245898 0.279208  0.65145 0.0231303 -0.106238  0.656681   1.17441  -0.68476 -0.251599  -2.57022 -0.104295   3.11839 -0.311225
 0.25  0.28  0.65     0 -0.15   0.6 0.245842 0.279236 0.651486 0.0231382 -0.106194  0.656695   1.17403 -0.684523 -0.251776  -2.57022 -0.107056   3.11928 -0.311389
 0.25  0.28  0.65     0 -0.15   0.6 0.245907 0.279243 0.651436 0.0231303 -0.106154  0.656708    1.1742 -0.684498 -0.251492  -2.57024 -0.104252   3.11901 -0.313041
 0.25  0.28  0.65     0 -0.15   0.6 0.245853 0.279269 0.651472 0.0231384 -0.106111  0.656721   1.17382 -0.684266 -0.251674  -2.57024 -0.107012   3.11988 -0.313196
 0.25  0.28  0.65     0 -0.15   0.6 0.245919 0.279274 0.651421  0.023131 -0.106073  0.656733   1.17401 -0.684244 -0.251397  -2.57026 -0.104203    3.1196 -0.314853
 0.25  0.28  0.65     0 -0.15   0.6 0.245867 0.279299 0.651458 0.0231393 -0.106032  0.656745   1.17363 -0.684018 -0.251584  -2.57026 -0.106962   3.12045 -0.314998
 0.25  0.28  0.65     0 -0.15   0.6 0.245935 0.279302 0.651407 0.0231323 -0.105995  0.656757   1.17381    -0.684 -0.251312  -2.57028  -0.10415   3.12016 -0.316659
 0.25  0.28  0.65     0 -0.15   0.6 0.245884 0.279326 0.651444 0.0231408 -0.105956  0.656769   1.17344 -0.683777 -0.251503  -2.57028 -0.106908     3.121 -0.316795
 0.25  0.28  0.65     0 -0.15   0.6 0.245953 0.279328 0.651393 0.0231341 -0.105921   0.65678   1.17362 -0.683763 -0.251236   -2.5703 -0.104092    3.1207  -0.31846
 0.25  0.28  0.65     0 -0.15   0.6 0.245903 0.279351  0.65143 0.0231428 -0.105883  0.656791   1.17325 -0.683544 -0.251431   -2.5703 -0.106848   3.12152 -0.318586
 0.25  0.28  0.65     0 -0.15   0.6 0.245973 0.279352  0.65138 0.0231365  -0.10585  0.656802   1.17344 -0.683534 -0.251168  -2.57032  -0.10403   3.12122 -0.320255
 0.25  0.28  0.65     0 -0.15   0.6 0.245925 0.279374 0.651415 0.0231453 -0.105814  0.656813   1.17307 -0.683319 -0.251368  -2.57031 -0.106785   3.12202 -0.320372
 0.25  0.28  0.65     0 -0.15   0.6 0.245996 0.279373 0.651365 0.0231393 -0.105781  0.656823   1.17326 -0.683312 -0.251109  -2.57033 -0.103963   3.12171 -0.322045
 0.25  0.28  0.65     0 -0.15   0.6 0.245948 0.279395 0.651401 0.0231483 -0.105747  0.656834   1.17289 -0.683101 -0.251312  -2.57033 -0.106718    3.1225 -0.322153
 0.25  0.28  0.65     0 -0.15   0.6  0.24602 0.279393 0.651351 0.0231425 -0.105716  0.656843   1.17309 -0.683098 -0.251056  -2.57035 -0.103893   3.12218  -0.32383
 0.25  0.28  0.65     0 -0.15   0.6 0.245973 0.279414 0.651386 0.0231517 -0.105682  0.656854   1.17272  -0.68289 -0.251263  -2.57034 -0.106646   3.12296 -0.323929
 0.25  0.28  0.65     0 -0.15   0.6 0.246045 0.279412 0.651337 0.0231461 -0.105653  0.656862   1.17292  -0.68289  -0.25101  -2.57036 -0.103818   3.12263  -0.32561
 0.25  0.28  0.65     0 -0.15   0.6 0.245999 0.279432 0.651373 0.0231554 -0.105621  0.656873   1.17256 -0.682686 -0.251219  -2.57035 -0.106571   3.12339   -0.3257
 0.25  0.28  0.65     0 -0.15   0.6 0.246072 0.279429 0.651323   0.02315 -0.105592  0.656881   1.17276 -0.682689  -0.25097  -2.57037  -0.10374   3.12305 -0.327385
 0.25  0.28  0.65     0 -0.15   0.6 0.246026 0.279449 0.651358 0.0231594 -0.105561  0.656891    1.1724 -0.682488 -0.251181  -2.57036 -0.106493   3.12381 -0.327465
 0.25  0.28  0.65     0 -0.15   0.6 0.246099 0.279446 0.651309 0.0231542 -0.105534  0.656899    1.1726 -0.682495 -0.250935  -2.57038 -0.103659   3.12346 -0.329155
 0.25  0.28  0.65     0 -0.15   0.6 0.246054 0.279465 0.651344 0.0231636 -0.105504  0.656909   1.17224 -0.682297 -0.251148  -2.57037 -0.106411    3.1242 -0.329226
 0.25  0.28  0.65     0 -0.15   0.6 0.246128 0.279461 0.651295 0.0231586 -0.105478  0.656916   1.17245 -0.682307 -0.250905  -2.57039 -0.103575   3.12384 -0.330919
 0.25  0.28  0.65     0 -0.15   0.6 0.246082 0.279479 0.651331 0.0231681  -0.10545  0.656925   1.17209 -0.682113  -0.25112  -2.57038 -0.106327   3.12457 -0.330981
 0.25  0.28  0.65     0 -0.15   0.6 0.246156 0.279475 0.651282 0.0231632 -0.105424  0.656933    1.1723 -0.682125 -0.250878   -2.5704 -0.103487   3.12421 -0.332679
 0.25  0.28  0.65     0 -0.15   0.6 0.246112 0.279493 0.651317 0.0231727 -0.105397  0.656942   1.17195 -0.681934 -0.251096  -2.57039 -0.106239   3.12493 -0.332731
 0.25  0.28  0.65     0 -0.15   0.6 0.246186 0.279488 0.651268 0.0231678 -0.105373  0.656949   1.17216 -0.681949 -0.250856  -2.57041 -0.103397   3.12456 -0.334433
 0.25  0.28  0.65     0 -0.15   0.6 0.246142 0.279506 0.651303 0.0231774 -0.105347  0.656957   1.17181 -0.681761 -0.251076   -2.5704 -0.106148   3.12526 -0.334476
 0.25  0.28  0.65     0 -0.15   0.6 0.246216 0.279501 0.651255 0.0231725 -0.105323  0.656964   1.17202 -0.681779 -0.250837  -2.57041 -0.103303   3.12489 -0.336182
 0.25  0.28  0.65     0 -0.15   0.6 0.246172 0.279518  0.65129 0.0231821 -0.105298  0.656972   1.17167 -0.681594 -0.251059   -2.5704 -0.106054   3.12558 -0.336216
 0.25  0.28  0.65     0 -0.15   0.6 0.246247 0.279512 0.651242 0.0231773 -0.105276  0.656979   1.17188 -0.681614 -0.250822  -2.57042 -0.103206    3.1252 -0.337926
 0.25  0.28  0.65     0 -0.15   0.6 0.246203  0.27953 0.651277 0.0231868 -0.105251  0.656987   1.17153 -0.681432 -0.251045  -2.57041 -0.105957   3.12588 -0.337951
 0.25  0.28  0.65     0 -0.15   0.6 0.246278 0.279523 0.651229 0.023182 -0.10523 0.656993   1.17175 -0.681455 -0.250809  -2.57042 -0.103106   3.12549 -0.339665
 0.25  0.28  0.65     0 -0.15   0.6 0.246235  0.27954 0.651264 0.0231916 -0.105207  0.657001    1.1714 -0.681275 -0.251034  -2.57041 -0.105856   3.12616  -0.33968
 0.25  0.28  0.65     0 -0.15   0.6  0.24631 0.279533 0.651215 0.0231867 -0.105186  0.657007   1.17162 -0.681301   -0.2508  -2.57043 -0.103002   3.12577 -0.341399
 0.25  0.28  0.65     0 -0.15   0.6 0.246266 0.279551 0.651251 0.0231963 -0.105163  0.657015   1.17127 -0.681124 -0.251025  -2.57041 -0.105753   3.12643 -0.341405
 0.25  0.28  0.65     0 -0.15   0.6 0.246342 0.279543 0.651203 0.0231914 -0.105143   0.65702   1.17149 -0.681152 -0.250793  -2.57043 -0.102896   3.12603 -0.343127
 0.25  0.28  0.65     0 -0.15   0.6 0.246298  0.27956 0.651238 0.0232008 -0.105122  0.657028   1.17115 -0.680977 -0.251019  -2.57042 -0.105646   3.12668 -0.343124
 0.25  0.28  0.65     0 -0.15   0.6 0.246374 0.279552  0.65119  0.023196 -0.105102  0.657033   1.17137 -0.681007 -0.250787  -2.57043 -0.102786   3.12627 -0.344851
 0.25  0.28  0.65     0 -0.15   0.6 0.246331 0.279569 0.651225 0.0232054 -0.105082   0.65704   1.17102 -0.680835 -0.251015  -2.57042 -0.105537   3.12691 -0.344839
 0.25  0.28  0.65     0 -0.15   0.6 0.246407 0.279561 0.651177 0.0232006 -0.105063  0.657045   1.17125 -0.680867 -0.250783  -2.57043 -0.102674    3.1265 -0.346569
 0.25  0.28  0.65     0 -0.15   0.6 0.246363 0.279577 0.651212 0.0232099 -0.105043  0.657052    1.1709 -0.680698 -0.251012  -2.57042 -0.105425   3.12713 -0.346548
 0.25  0.28  0.65     0 -0.15   0.6 0.246439 0.279569 0.651164  0.023205 -0.105025  0.657057   1.17113 -0.680732 -0.250782  -2.57043 -0.102559   3.12671 -0.348283
 0.25  0.28  0.65     0 -0.15   0.6 0.246396 0.279585 0.651199 0.0232142 -0.105006  0.657064   1.17079 -0.680565 -0.251011  -2.57042  -0.10531   3.12734 -0.348253
 0.25  0.28  0.65     0 -0.15   0.6 0.246472 0.279576 0.651152 0.0232093 -0.104989  0.657069   1.17101 -0.680601 -0.250782  -2.57043 -0.102442   3.12691 -0.349992
 0.25  0.28  0.65     0 -0.15   0.6 0.246429 0.279593 0.651187 0.0232185 -0.104971  0.657075   1.17067 -0.680437 -0.251012  -2.57042 -0.105192   3.12753 -0.349953
 0.25  0.28  0.65     0 -0.15   0.6 0.246505 0.279584 0.651139 0.0232135 -0.104954   0.65708    1.1709 -0.680475 -0.250783  -2.57043 -0.102321    3.1271 -0.351695
 0.25  0.28  0.65     0 -0.15   0.6 0.246462   0.2796 0.651174 0.0232226 -0.104936  0.657086   1.17056 -0.680312 -0.251014  -2.57041 -0.105072   3.12771 -0.351647
 0.25  0.28  0.65     0 -0.15   0.6 0.246537 0.279591 0.651127 0.0232177  -0.10492  0.657091   1.17079 -0.680352 -0.250785  -2.57043 -0.102199   3.12727 -0.353394
 0.25  0.28  0.65     0 -0.15   0.6 0.246494 0.279607 0.651162 0.0232266 -0.104903  0.657097   1.17045 -0.680192 -0.251017  -2.57041 -0.104949   3.12787 -0.353336
 0.25  0.28  0.65     0 -0.15   0.6  0.24657 0.279598 0.651115 0.0232217 -0.104888  0.657101   1.17068 -0.680234 -0.250789  -2.57043 -0.102073   3.12743 -0.355088
 0.25  0.28  0.65     0 -0.15   0.6 0.246527 0.279614  0.65115 0.0232305 -0.104872  0.657107   1.17034 -0.680075 -0.251021  -2.57041 -0.104825   3.12802 -0.355021
 0.25  0.28  0.65     0 -0.15   0.6 0.246603 0.279605 0.651103 0.0232255 -0.104857  0.657111   1.17058  -0.68012 -0.250794  -2.57042 -0.101946   3.12758 -0.356776
 0.25  0.28  0.65     0 -0.15   0.6 0.246559 0.279621 0.651138 0.0232343 -0.104841  0.657117   1.17024 -0.679963 -0.251026  -2.57041 -0.104697   3.12816   -0.3567
 0.25  0.28  0.65     0 -0.15   0.6 0.246635 0.279611 0.651091 0.0232292 -0.104827  0.657121   1.17047 -0.680009 -0.250799  -2.57042 -0.101816   3.12771  -0.35846
 0.25  0.28  0.65     0 -0.15   0.6 0.246592 0.279627 0.651125 0.0232379 -0.104812  0.657126   1.17014 -0.679854 -0.251032   -2.5704 -0.104568   3.12829 -0.358375
 0.25  0.28  0.65     0 -0.15   0.6 0.246667 0.279617 0.651079 0.0232326 -0.104798   0.65713   1.17037 -0.679902 -0.250805  -2.57042 -0.101684   3.12783 -0.360139
 0.25  0.28  0.65     0 -0.15   0.6 0.246624 0.279633 0.651114 0.0232413 -0.104784  0.657135   1.17004 -0.679749 -0.251038   -2.5704 -0.104436    3.1284 -0.360045
 0.25  0.28  0.65     0 -0.15   0.6 0.246699 0.279623 0.651067 0.023236 -0.10477 0.657139   1.17027 -0.679799 -0.250812  -2.57041  -0.10155   3.12794 -0.361812
 0.25  0.28  0.65     0 -0.15   0.6 0.246656 0.279639 0.651102 0.0232446 -0.104756  0.657144   1.16994 -0.679648 -0.251045  -2.57039 -0.104302   3.12851 -0.361709
 0.25  0.28  0.65     0 -0.15   0.6 0.246731 0.279629 0.651056 0.0232392 -0.104744  0.657148   1.17018 -0.679699  -0.25082  -2.57041 -0.101413   3.12804 -0.363481
 0.25  0.28  0.65     0 -0.15   0.6 0.246688 0.279645  0.65109 0.0232477  -0.10473  0.657153   1.16984  -0.67955 -0.251053  -2.57039 -0.104165    3.1286 -0.363369
 0.25  0.28  0.65     0 -0.15   0.6 0.246763 0.279634 0.651044 0.0232423 -0.104718  0.657156   1.17008 -0.679603 -0.250828   -2.5704 -0.101275   3.12813 -0.365145
 0.25  0.28  0.65     0 -0.15   0.6  0.24672  0.27965 0.651079 0.0232506 -0.104705  0.657161   1.16975 -0.679455 -0.251061  -2.57038 -0.104027   3.12868 -0.365024
 0.25  0.28  0.65     0 -0.15   0.6 0.246795  0.27964 0.651033 0.0232452 -0.104693  0.657164   1.16999 -0.679509 -0.250836  -2.57039 -0.101134   3.12821 -0.366804
 0.25  0.28  0.65     0 -0.15   0.6 0.246751 0.279656 0.651067 0.0232534 -0.104681  0.657169   1.16966 -0.679364  -0.25107  -2.57037 -0.103886   3.12875 -0.366674
 0.25  0.28  0.65     0 -0.15   0.6 0.246827 0.279645 0.651021 0.0232478  -0.10467  0.657172    1.1699  -0.67942 -0.250845  -2.57039 -0.100991   3.12828 -0.368458
