 0.5665  -0.012  0.6521  0.1249 -0.0266  0.6984 0.5665 -0.012 0.6521  0.1249 -0.0266  0.6984 7.50321e-18 2.61726e-17  3.7064e-18     -1.5708 7.95545e-19      1.5708 5.98896e-19
  0.566494 -0.0119945     0.6521   0.124898 -0.0266023   0.698398 0.5665 -0.012 0.6521  0.1249 -0.0266  0.6984 -6.74755e-18 -2.19643e-17 -3.41013e-18      -1.5708 -1.10962e-19       1.5708 -4.46275e-19
  0.566476 -0.0119782     0.6521   0.124891 -0.0266092   0.698393 0.5665 -0.012 0.6521  0.1249 -0.0266  0.6984 9.06536e-18 3.03593e-17 4.54293e-18     -1.5708 1.08921e-18      1.5708  7.5882e-19
  0.566447  -0.011951     0.6521   0.124879 -0.0266207   0.698383   0.566498 -0.0119973     0.6521   0.124898 -0.0265995     0.6984  2.11305e-06 -5.53785e-06   2.1131e-06      -1.5708  3.50492e-06      1.57079  7.19977e-07
  0.566406  -0.011913   0.652099   0.124863 -0.0266368   0.698371   0.566492 -0.0119908     0.6521   0.124894 -0.0265982   0.698402   7.3346e-06 -1.92221e-05  7.33463e-06     -1.57081  1.21678e-05      1.57077  2.49923e-06
  0.566353 -0.0118643   0.652099   0.124842 -0.0266574   0.698354   0.566482 -0.0119792   0.652099   0.124887 -0.0265959   0.698404  1.64373e-05 -4.31552e-05  1.64357e-05     -1.57083  2.78664e-05      1.57074  5.68518e-06
  0.566289 -0.0118049   0.652099   0.124817 -0.0266825   0.698334  0.566467 -0.011962  0.652099   0.124876 -0.0265925   0.698407  3.00285e-05 -7.90235e-05  3.00184e-05     -1.57087  5.23709e-05      1.57068  1.05926e-05
  0.566213 -0.0117349   0.652098   0.124787 -0.0267121   0.698311   0.566446 -0.0119383   0.652098   0.124861 -0.0265879   0.698411  4.85798e-05 -0.000128158  4.85426e-05     -1.57091  8.74142e-05      1.57061    1.751e-05
  0.566125 -0.0116543   0.652097   0.124752 -0.0267461   0.698283   0.566418 -0.0119076   0.652097   0.124842 -0.0265819   0.698417  7.24546e-05 -0.000191604   7.2351e-05     -1.57097  0.000134687      1.57051  2.67055e-05
  0.566027 -0.0115632   0.652097   0.124713 -0.0267846   0.698253   0.566384 -0.0118696   0.652095   0.124818 -0.0265746   0.698424  0.000101931 -0.000270166  0.000101688     -1.57103  0.000195846      1.57039  3.84249e-05
  0.565916 -0.0114616   0.652096    0.12467 -0.0268275   0.698219   0.566342 -0.0118238   0.652093    0.12479 -0.0265658   0.698432  0.000137222 -0.000364452  0.000136717     -1.57111  0.000272516      1.57023  5.28954e-05
  0.565795 -0.0113497   0.652095   0.124622 -0.0268748   0.698181   0.566293 -0.0117701   0.652091   0.124756 -0.0265556   0.698442  0.000178486 -0.000474904   0.00017753     -1.57121  0.000366296      1.57005  7.03266e-05
  0.565663 -0.0112274   0.652094    0.12457 -0.0269265    0.69814   0.566237 -0.0117082   0.652088   0.124718 -0.0265438   0.698453  0.000225848 -0.000601831  0.000224159     -1.57131  0.000478762      1.56983  9.09126e-05
  0.565519 -0.0110948   0.652093   0.124513 -0.0269826   0.698095   0.566172 -0.0116379   0.652084   0.124674 -0.0265306   0.698466 0.000279403 -0.00074543 0.000276585    -1.57143 0.000611469     1.56957 0.000114831
  0.565364 -0.0109519   0.652092   0.124452 -0.0270429   0.698047   0.566099 -0.0115591    0.65208   0.124625 -0.0265159    0.69848  0.000339228 -0.000905807  0.000334741     -1.57157  0.000765954      1.56928  0.000142247
  0.565198 -0.0107989   0.652091   0.124386 -0.0271076   0.697995   0.566018 -0.0114718   0.652075   0.124571 -0.0264997   0.698496  0.00040539 -0.00108299 0.000398517    -1.57171 0.000943738     1.56895 0.000173309
  0.565021 -0.0106358    0.65209   0.124316 -0.0271765    0.69794   0.565928 -0.0113758    0.65207  0.124511 -0.026482  0.698514  0.00047795 -0.00127696 0.000467767    -1.57187  0.00114633     1.56858 0.000208158
  0.564834 -0.0104626   0.652089   0.124242 -0.0272497   0.697882   0.565829 -0.0112711   0.652065   0.124447 -0.0264629   0.698533 0.000556972 -0.00148763 0.000542306    -1.57203  0.00137522     1.56816 0.000246916
  0.564635 -0.0102793   0.652088   0.124164 -0.0273272    0.69782   0.565722 -0.0111577   0.652058   0.124377 -0.0264424   0.698554 0.000642524 -0.00171488 0.000621918    -1.57221  0.00163189     1.56771   0.0002897
  0.564426 -0.0100861   0.652086   0.124081 -0.0274088   0.697755   0.565606 -0.0110356   0.652051   0.124302 -0.0264204   0.698576 0.000734682 -0.00195856 0.000706353     -1.5724  0.00191782      1.5672 0.000336613
  0.564205  -0.009883   0.652085   0.123994 -0.0274947   0.697687   0.565482 -0.0109046   0.652044   0.124221 -0.0263971     0.6986 0.000833535 -0.00221848  0.00079533     -1.5726  0.00223446     1.56665 0.000387746
   0.563975 -0.00967003    0.652083    0.123903  -0.0275847    0.697615  0.565348 -0.010765  0.652035   0.124136 -0.0263723   0.698625 0.000939189 -0.00249445 0.000888535    -1.57281  0.00258329     1.56606 0.000443181
   0.563733 -0.00944726    0.652082    0.123808  -0.0276788     0.69754   0.565205 -0.0106165   0.652027   0.124046 -0.0263463   0.698652  0.00105176 -0.00278625 0.000985626    -1.57302  0.00296574     1.56541  0.00050299
   0.563481 -0.00921475     0.65208    0.123709  -0.0277771    0.697461   0.565054 -0.0104593   0.652017   0.12395 -0.026319  0.698681   0.0011714 -0.00309365  0.00108623    -1.57325  0.00338326     1.56472 0.000567236
   0.563219 -0.00897254    0.652078    0.123605  -0.0278794     0.69738   0.564893 -0.0102934   0.652007    0.12385 -0.0262904   0.698711  0.00129826  -0.0034164  0.00118994    -1.57348   0.0038373     1.56397 0.000635971
  0.562946 -0.0087207   0.652076   0.123497 -0.0279858   0.697295   0.564724 -0.0101188   0.651997   0.123744 -0.0262606   0.698743  0.00143252 -0.00375426  0.00129633    -1.57372  0.00432927     1.56317 0.000709236
   0.562662 -0.00845928    0.652075    0.123385  -0.0280963    0.697207    0.564545 -0.00993551    0.651985   0.123634 -0.0262297   0.698776   0.0015744 -0.00410696  0.00140493    -1.57397  0.00486063     1.56232 0.000787067
   0.562369 -0.00818833    0.652073     0.12327  -0.0282108    0.697116    0.564357 -0.00974356    0.651973   0.123519 -0.0261975   0.698811  0.00172412 -0.00447426  0.00151524    -1.57422  0.00543278     1.56141 0.000869487
   0.562065 -0.00790791    0.652071     0.12315  -0.0283293    0.697021     0.56416 -0.00954298    0.651961   0.123399 -0.0261643   0.698847  0.00188194 -0.00485587  0.00162674    -1.57448  0.00604717     1.56045 0.000956513
    0.56175 -0.00761807    0.652068    0.123026  -0.0284518    0.696923   0.563954 -0.0093338   0.651948 0.123275 -0.02613 0.698884  0.00204814 -0.00525155  0.00173886    -1.57475   0.0067052     1.55943  0.00104815
   0.561426 -0.00731887    0.652066    0.122898  -0.0285783    0.696823    0.563739 -0.00911605    0.651934   0.123146 -0.0260947   0.698923  0.00222304 -0.00566102  0.00185103    -1.57501  0.00740832     1.55835   0.0011444
   0.561092 -0.00701037    0.652064    0.122766  -0.0287086    0.696719    0.563515 -0.00888977     0.65192   0.123012 -0.0260584   0.698964  0.00240696 -0.00608402  0.00196261    -1.57529  0.00815793     1.55722  0.00124524
   0.560747 -0.00669261    0.652062     0.12263  -0.0288429    0.696611    0.563281 -0.00865499    0.651905   0.122874 -0.0260211   0.699006  0.00260028 -0.00652027  0.00207295    -1.57556  0.00895545     1.55603  0.00135067
   0.560393 -0.00636565    0.652059     0.12249  -0.0289811    0.696501    0.563039 -0.00841173     0.65189  0.122732 -0.025983  0.699049  0.00280339 -0.00696953  0.00218137    -1.57584  0.00980232     1.55477  0.00146065
   0.560029 -0.00602955    0.652057    0.122346  -0.0291231    0.696388    0.562787 -0.00816003    0.651874  0.122585 -0.025944  0.699094   0.0030167 -0.00743151  0.00228715    -1.57613      0.0107     1.55346  0.00157514
   0.559654 -0.00568436    0.652055    0.122199   -0.029269    0.696272    0.562526 -0.00789993    0.651858   0.122434 -0.0259042    0.69914  0.00324067 -0.00790596  0.00238953    -1.57641   0.0116498     1.55209   0.0016941
   0.559271 -0.00533014    0.652052    0.122047  -0.0294187    0.696152    0.562256 -0.00763145    0.651841   0.122278 -0.0258636   0.699187  0.00347577 -0.00839263  0.00248773     -1.5767   0.0126532     1.55066  0.00181748
   0.558877 -0.00496693    0.652049    0.121892  -0.0295722     0.69603    0.561976 -0.00735464    0.651823   0.122119 -0.0258224   0.699236  0.00372251 -0.00889124  0.00258094    -1.57698   0.0137117     1.54916  0.00194522
   0.558473 -0.00459481    0.652047    0.121733  -0.0297295    0.695905    0.561688 -0.00706952    0.651805   0.121955 -0.0257804   0.699286  0.00398142 -0.00940155  0.00266829    -1.57727   0.0148266      1.5476  0.00207724
   0.558061 -0.00421381    0.652044     0.12157  -0.0298905    0.695776     0.56139 -0.00677613    0.651787   0.121787 -0.0257379   0.699337 0.00425307 -0.0099233 0.00274891   -1.57756  0.0159994    1.54598 0.00221346
  0.557638  -0.003824   0.652041   0.121403 -0.0300552   0.695645   0.561083 -0.0064745   0.651768   0.121616 -0.0256948    0.69939 0.00453806 -0.0104562 0.00282187   -1.57785  0.0172316    1.54429 0.00235381
   0.557206 -0.00342543    0.652038    0.121232  -0.0302236     0.69551    0.560767 -0.00616466    0.651748    0.12144 -0.0256513   0.699444 0.00483699 -0.0110001 0.00288624   -1.57814  0.0185245    1.54254 0.00249818
   0.556765 -0.00301815    0.652035    0.121058  -0.0303958    0.695373    0.560441 -0.00584666    0.651728    0.12126 -0.0256072   0.699499 0.00515052 -0.0115547 0.00294102   -1.57843  0.0198796    1.54073 0.00264647
   0.556314 -0.00260223    0.652032     0.12088  -0.0305715    0.695233    0.560107 -0.00552051    0.651708   0.121077 -0.0255628   0.699555 0.00547932 -0.0121198  0.0029852   -1.57872  0.0212984    1.53884 0.00279857
  0.555854 -0.0021777   0.652029   0.120699 -0.0307509    0.69509    0.559763 -0.00518625    0.651687    0.12089 -0.0255181   0.699613 0.00582409 -0.0126951 0.00301774     -1.579  0.0227822     1.5369 0.00295436
   0.555384 -0.00174464    0.652026    0.120513  -0.0309339    0.694944     0.55941 -0.00484392    0.651665   0.120699 -0.0254731   0.699671 0.00618558 -0.0132803 0.00303755   -1.57929  0.0243325    1.53488 0.00311371
   0.554906 -0.00130309    0.652023    0.120325  -0.0311205    0.694795    0.559048 -0.00449355    0.651643   0.120505 -0.0254279   0.699731 0.00656452 -0.0138754 0.00304352   -1.57957  0.0259508     1.5328 0.00327647
   0.554418 -0.00085311     0.65202    0.120132  -0.0313107    0.694644    0.558676 -0.00413516    0.651621   0.120307 -0.0253826   0.699792 0.00696171 -0.0144799 0.00303452   -1.57985  0.0276386    1.53066 0.00344252
    0.553921 -0.000394752     0.652017     0.119936   -0.0315044     0.694489   0.558296 -0.0037688   0.651599   0.120106 -0.0253372   0.699854 0.00737795 -0.0150938 0.00300936   -1.58013  0.0293972    1.52844 0.00361168
   0.553415 7.19279e-05    0.652013    0.119736  -0.0317016    0.694332    0.557906 -0.00339449    0.651575   0.119901 -0.0252918   0.699917 0.00781407 -0.0157168 0.00296684   -1.58041  0.0312281    1.52616  0.0037838
     0.5529 0.000546875     0.65201    0.119533  -0.0319023    0.694172    0.557506 -0.00301226    0.651552   0.119692 -0.0252465   0.699981 0.00827094 -0.0163487 0.00290574   -1.58068  0.0331328    1.52381  0.0039587
  0.552377 0.00103003   0.652006   0.119327 -0.0321065   0.694009    0.557098 -0.00262215    0.651528   0.119481 -0.0252013   0.700046 0.00874943 -0.0169893 0.00282479   -1.58095  0.0351127    1.52139 0.00413622
  0.551844 0.00152135   0.652003   0.119116 -0.0323142   0.693843     0.55668 -0.00222418    0.651504   0.119266 -0.0251563   0.700112 0.00925044 -0.0176384 0.00272269   -1.58121  0.0371693    1.51891 0.00431614
  0.551303 0.00202077   0.651999   0.118903 -0.0325252   0.693675    0.556253 -0.00181839    0.651479   0.119047 -0.0251116   0.700179 0.00977492 -0.0182957 0.00259814   -1.58148   0.039304    1.51635 0.00449829
  0.550753 0.00252824   0.651996   0.118686 -0.0327397   0.693504   0.555817 -0.0014048   0.651454   0.118826 -0.0250672   0.700247  0.0103238 -0.0189612 0.00244979   -1.58174  0.0415183    1.51373 0.00468246
  0.550194  0.0030437   0.651992   0.118465 -0.0329575    0.69333     0.555372 -0.000983456     0.651429   0.118602 -0.0250234   0.700316   0.010898 -0.0196345 0.00227626   -1.58199  0.0438137    1.51104 0.00486842
  0.549627  0.0035671   0.651988   0.118241 -0.0331787   0.693154     0.554917 -0.000554371     0.651403 0.118374 -0.02498 0.700386  0.0114987 -0.0203156 0.00207616   -1.58224  0.0461916    1.50827 0.00505596
  0.549051 0.00409839   0.651984   0.118014 -0.0334032   0.692975     0.554453 -0.000117583     0.651377   0.118143 -0.0249373   0.700457  0.0121266 -0.0210043 0.00184807   -1.58249  0.0486534    1.50544 0.00524485
  0.548467  0.0046375    0.65198   0.117783 -0.0336311   0.692793     0.55398 0.000326881     0.65135   0.117909 -0.0248952   0.700528   0.012783 -0.0217004 0.00159055   -1.58273  0.0512006    1.50254 0.00543484
  0.547874 0.00518439   0.651976    0.11755 -0.0338622   0.692609    0.553497 0.000778991    0.651324   0.117673 -0.0248539   0.700601  0.0134689 -0.0224037 0.00130212   -1.58297  0.0538346    1.49957 0.00562569
  0.547273   0.005739   0.651972   0.117312 -0.0340965   0.692422   0.553005 0.00123872   0.651297   0.117433 -0.0248136   0.700674   0.0141852  -0.0231142 0.000981296    -1.58321   0.0565569     1.49653  0.00581715
  0.546663 0.00630127   0.651968   0.117072 -0.0343342   0.692233   0.552504 0.00170603   0.651269   0.117191 -0.0247741   0.700748   0.0149332  -0.0238316 0.000626574    -1.58344    0.059369     1.49343  0.00600893
  0.546045 0.00687116   0.651964   0.116828  -0.034575   0.692041   0.551994 0.00218091   0.651242   0.116946 -0.0247358   0.700823   0.0157139  -0.0245559 0.000236422    -1.58367   0.0622721     1.49025  0.00620078
  0.54542 0.0074486   0.65196  0.116581 -0.034819  0.691846   0.551474 0.00266332   0.651214   0.116698 -0.0246986   0.700898    0.0165283   -0.0252868 -0.000190709     -1.58389    0.0652678      1.48701   0.00639241
  0.544786 0.00803354   0.651956   0.116331 -0.0350662   0.691649   0.550945 0.00315323   0.651186   0.116447 -0.0246627   0.700974    0.0173777   -0.0260244 -0.000656383     -1.58411    0.0683575      1.48369   0.00658353
  0.544143 0.00862592   0.651952   0.116077 -0.0353166   0.691449   0.550406 0.00365061   0.651157   0.116193 -0.0246281   0.701051   0.0182632  -0.0267685 -0.00116218    -1.58433   0.0715425     1.48031  0.00677384
 0.543493 0.0092257  0.651947  0.115821  -0.03557  0.691247   0.549859 0.00415544   0.651129  0.115937 -0.024595  0.701128  0.0191859  -0.027519 -0.0017097   -1.58454  0.0748243    1.47686 0.00696303
  0.542835 0.00983281   0.651943   0.115561 -0.0358266   0.691043   0.549302 0.00466769     0.6511   0.115678 -0.0245634   0.701206    0.020147  -0.0282758 -0.00230056    -1.58475   0.0782041     1.47334   0.0071508
  0.542169  0.0104472   0.651939   0.115298 -0.0360863   0.690836   0.548735 0.00518734   0.651071   0.115417 -0.0245336   0.701285   0.0211477  -0.0290389 -0.00293637    -1.58496   0.0816835     1.46976  0.00733682
 0.541496 0.0110688  0.651934  0.115033 -0.036349  0.690626    0.54816 0.00571434   0.651042   0.115153 -0.0245055   0.701364   0.0221891  -0.0298082 -0.00361878    -1.58517   0.0852636     1.46611  0.00752075
  0.540814  0.0116976    0.65193   0.114764 -0.0366147   0.690414   0.547575 0.00624868   0.651012   0.114886 -0.0244793   0.701444   0.0232726  -0.0305836 -0.00434943    -1.58537   0.0889459     1.46239  0.00770227
  0.540125  0.0123335   0.651925   0.114492 -0.0368834     0.6902   0.546981 0.00679033   0.650983   0.114617 -0.0244551   0.701524   0.0243992  -0.0313652 -0.00512998    -1.58557   0.0927317      1.4586  0.00788102
  0.539428  0.0129765    0.65192   0.114217 -0.0371551   0.689983   0.546377 0.00733926   0.650953  0.114345 -0.024433  0.701605  0.0255702 -0.0321529 -0.0059621   -1.58577  0.0966221    1.45475 0.00805667
  0.538723  0.0136265   0.651916   0.113939 -0.0374298   0.689764   0.545764 0.00789544   0.650923   0.114071 -0.0244132   0.701686   0.0267868  -0.0329467 -0.00684745    -1.58597    0.100619     1.45084  0.00822884
  0.538011  0.0142834   0.651911   0.113658 -0.0377074   0.689543   0.545142 0.00845884   0.650893   0.113795 -0.0243958   0.701767   0.0280504  -0.0337466 -0.00778771    -1.58617    0.104722     1.44686  0.00839717
 0.537292 0.0149473  0.651906  0.113374 -0.037988  0.689319   0.544511 0.00902944   0.650862   0.113516 -0.0243808   0.701849    0.029362  -0.0345526 -0.00878458    -1.58637    0.108934     1.44282   0.0085613
  0.536565  0.0156179   0.651901   0.113087 -0.0382714   0.689093    0.54387 0.00960721   0.650832   0.113234 -0.0243684   0.701931   0.0307231  -0.0353648 -0.00983973    -1.58657    0.113256     1.43871  0.00872084
   0.53583  0.0162954   0.651896   0.112797 -0.0385577   0.688865   0.54322 0.0101921  0.650801    0.11295 -0.0243588   0.702013  0.0321348 -0.0361833 -0.0109549   -1.58678   0.117689    1.43455 0.00887542
  0.535089  0.0169796   0.651892   0.112504 -0.0388469   0.688634   0.54256 0.0107841   0.65077  0.112664 -0.024352  0.702096  0.0335985  -0.037008 -0.0121317   -1.58698   0.122233    1.43032 0.00902464
   0.53434  0.0176705   0.651887   0.112209 -0.0391388   0.688401  0.541892 0.0113832   0.65074   0.112375 -0.0243482   0.702179  0.0351153 -0.0378391 -0.0133718   -1.58719    0.12689    1.42603 0.00916811
  0.533584   0.018368   0.651882    0.11191 -0.0394336   0.688166  0.541214 0.0119894  0.650709   0.112084 -0.0243475   0.702262  0.0366867 -0.0386767  -0.014677    -1.5874   0.131661    1.42168 0.00930544
  0.532821  0.0190721   0.651877   0.111609 -0.0397311   0.687929  0.540527 0.0126026  0.650678  0.11179 -0.02435 0.702345   0.038314 -0.0395209  -0.016049   -1.58762   0.136548    1.41728 0.00943621
  0.532051  0.0197827   0.651871   0.111305 -0.0400314    0.68769  0.539831 0.0132228  0.650646  0.111494 -0.024356  0.702428  0.0399984 -0.0403719 -0.0174894   -1.58784    0.14155    1.41282 0.00956003
  0.531273  0.0204997   0.651866   0.110999 -0.0403345   0.687448  0.539125 0.0138499  0.650615   0.111196 -0.0243654   0.702512  0.0417412 -0.0412298 -0.0189999   -1.58807   0.146669     1.4083 0.00967648
  0.530489  0.0212232   0.651861   0.110689 -0.0406402   0.687204  0.53841 0.014484 0.650584   0.110895 -0.0243784   0.702595  0.0435439 -0.0420948 -0.0205823   -1.58831   0.151906    1.40373 0.00978515
  0.529698   0.021953   0.651856   0.110377 -0.0409486   0.686958 0.537687 0.015125 0.650553   0.110591 -0.0243953   0.702678  0.0454078  -0.042967 -0.0222381   -1.58855   0.157261    1.39911 0.00988563
    0.5289  0.0226891   0.651851   0.110062 -0.0412597    0.68671  0.536954 0.0157729  0.650521  0.110285 -0.024416  0.702762  0.0473342 -0.0438468  -0.023969   -1.58881   0.162736    1.39443 0.00997749
  0.528096  0.0234314   0.651845   0.109745 -0.0415734    0.68646  0.536212 0.0164277  0.650489   0.109977 -0.0244408   0.702845  0.0493245 -0.0447343 -0.0257768   -1.58908   0.168331    1.38971  0.0100603
  0.527284    0.02418    0.65184   0.109424 -0.0418898   0.686208   0.53546 0.0170892  0.650458   0.109666 -0.0244698   0.702928  0.0513801 -0.0456298  -0.027663   -1.58936   0.174046    1.38493  0.0101337
  0.526466  0.0249346   0.651834   0.109102 -0.0422087   0.685954    0.5347 0.0177576  0.650426   0.109352 -0.0245031   0.703011  0.0535025 -0.0465337 -0.0296293   -1.58965   0.179883    1.38011  0.0101972
  0.525642  0.0256954   0.651829   0.108776 -0.0425302   0.685697  0.533931 0.0184327  0.650394   0.109036 -0.0245409   0.703094   0.055693 -0.0474461 -0.0316774   -1.58996   0.185842    1.37524  0.0102504
  0.524811  0.0264621   0.651823   0.108448 -0.0428542   0.685439  0.533153 0.0191145  0.650363   0.108718 -0.0245832   0.703176  0.0579532 -0.0483674 -0.0338088   -1.59029   0.191922    1.37033  0.0102929
  0.523973  0.0272349   0.651818   0.108118 -0.0431808   0.685178  0.532366 0.0198031  0.650331   0.108396 -0.0246304   0.703258  0.0602844  -0.049298 -0.0360253   -1.59063   0.198126    1.36538  0.0103243
  0.523129  0.0280135   0.651812   0.107785 -0.0435098   0.684916  0.531569 0.0204983  0.650299   0.108073 -0.0246824    0.70334  0.0626882 -0.0502382 -0.0383283   -1.59099   0.204452    1.36039  0.0103441
  0.522279   0.028798   0.651807   0.107449 -0.0438414   0.684652  0.530765 0.0212002  0.650267   0.107746 -0.0247395   0.703421  0.0651661 -0.0511885 -0.0407195   -1.59138   0.210902    1.35536  0.0103519
  0.521422  0.0295883   0.651801   0.107111 -0.0441753   0.684385  0.529951 0.0219086  0.650235   0.107416 -0.0248018   0.703502  0.0677197 -0.0521492 -0.0432005   -1.59178   0.217475    1.35029  0.0103474
  0.520559  0.0303844   0.651795   0.106771 -0.0445118   0.684117  0.529128 0.0226237  0.650203   0.107084 -0.0248694   0.703582  0.0703504 -0.0531208 -0.0457728   -1.59221   0.224172    1.34519  0.0103301
   0.51969  0.0311861   0.651789   0.106428 -0.0448506   0.683847  0.528297 0.0233453  0.650171   0.106749 -0.0249426   0.703662    0.07306 -0.0541037  -0.048438   -1.59267   0.230992    1.34005  0.0102996
  0.518815  0.0319935   0.651784   0.106082 -0.0451918   0.683575  0.527457 0.0240734  0.650139   0.106411 -0.0250213   0.703741  0.0758499 -0.0550986 -0.0511976   -1.59316   0.237936    1.33489  0.0102555
  0.517934  0.0328065   0.651778   0.105734 -0.0455353   0.683301 0.526609 0.024808 0.650107    0.10607 -0.0251059    0.70382   0.078722 -0.0561057 -0.0540531   -1.59367   0.245003     1.3297  0.0101974
  0.517047   0.033625   0.651772   0.105384 -0.0458812   0.683025 0.525752 0.025549 0.650074   0.105726 -0.0251964   0.703897  0.0816779 -0.0571258 -0.0570061   -1.59422   0.252192    1.32448   0.010125
  0.516154   0.034449   0.651766   0.105032 -0.0462295   0.682747  0.524886 0.0262965  0.650042  0.105378 -0.025293  0.703974  0.0847192 -0.0581594 -0.0600581    -1.5948   0.259505    1.31924  0.0100378
 0.515255 0.0352784   0.65176  0.104677  -0.04658  0.682468  0.524012 0.0270503   0.65001   0.105028 -0.0253959    0.70405  0.0878479  -0.059207 -0.0632104   -1.59542    0.26694    1.31398  0.0099355
   0.51435  0.0361131   0.651754    0.10432 -0.0469327   0.682187   0.52313 0.0278106  0.649977   0.104674 -0.0255052   0.704125  0.0910657 -0.0602693 -0.0664646   -1.59607   0.274496     1.3087 0.00981774
  0.513439  0.0369532   0.651748   0.103961 -0.0472878   0.681903  0.522239 0.0285771  0.649944   0.104317 -0.0256211     0.7042  0.0943745 -0.0613469 -0.0698221   -1.59677   0.282174    1.30341 0.00968415
 0.512523 0.0377985  0.651742  0.103599 -0.047645  0.681619  0.52134  0.02935 0.649912   0.103957 -0.0257438   0.704273  0.0977761 -0.0624406 -0.0732843    -1.5975   0.289972     1.2981  0.0095344
  0.511601  0.0386491   0.651736   0.103235 -0.0480044   0.681332  0.520434 0.0301291  0.649879   0.103593 -0.0258733   0.704345   0.101273 -0.0635509 -0.0768527   -1.59828   0.297889    1.29278 0.00936815
  0.510674  0.0395048    0.65173   0.102869 -0.0483661   0.681044  0.519519 0.0309145  0.649846 0.103225 -0.02601 0.704416   0.104866 -0.0646786 -0.0805285   -1.59911   0.305925    1.28745 0.00918509
  0.509741  0.0403655   0.651723   0.102501 -0.0487298   0.680754  0.518596 0.0317061  0.649813   0.102854 -0.0261539   0.704485   0.108558 -0.0658245 -0.0843132   -1.59998   0.314078    1.28212 0.00898491
  0.508802  0.0412313   0.651717   0.102131 -0.0490957   0.680462  0.517665 0.0325039   0.64978   0.102479 -0.0263053   0.704554   0.112351 -0.0669893 -0.0882081   -1.60091   0.322347    1.27679 0.00876732
  0.507858  0.0421021   0.651711   0.101758 -0.0494637   0.680168  0.516726 0.0333079  0.649746     0.1021 -0.0264642   0.704621   0.116247 -0.0681739 -0.0922144   -1.60189   0.330732    1.27146 0.00853204
  0.506909  0.0429778   0.651705   0.101384 -0.0498338   0.679873 0.515779 0.034118 0.649713  0.101718 -0.026631  0.704686   0.120248  -0.069379 -0.0963335   -1.60292    0.33923    1.26613 0.00827881
  0.505955  0.0438584   0.651698   0.101007 -0.0502059   0.679576  0.514825 0.0349343  0.649679   0.101331 -0.0268057    0.70475   0.124357 -0.0706055  -0.100567   -1.60401   0.347839    1.26081 0.00800738
  0.504995  0.0447438   0.651692   0.100628 -0.0505801   0.679278  0.513863 0.0357566  0.649645    0.10094 -0.0269887   0.704812   0.128576 -0.0718543  -0.104915   -1.60516   0.356559     1.2555 0.00771752
   0.50403   0.045634   0.651685   0.100248 -0.0509563   0.678978 0.512894 0.036585 0.649611 0.100545 -0.02718 0.704873   0.132907 -0.0731263   -0.10938   -1.60637   0.365388     1.2502 0.00740902
   0.50306  0.0465289   0.651679  0.0998649 -0.0513345   0.678677  0.511918 0.0374195  0.649577   0.100146 -0.0273799   0.704931   0.137353 -0.0744225  -0.113962   -1.60764   0.374323    1.24492 0.00708168
  0.502085  0.0474284   0.651673  0.0994801 -0.0517146   0.678373 0.510934  0.03826 0.649542  0.0997427 -0.0275887   0.704988   0.141915 -0.0757437  -0.118663   -1.60898   0.383363    1.23966 0.00673533
  0.501105  0.0483326   0.651666  0.0990934 -0.0520967   0.678069  0.509943 0.0391065  0.649507  0.0993347 -0.0278064   0.705043   0.146598 -0.0770909  -0.123484   -1.61039   0.392504    1.23442 0.00636981
   0.50012  0.0492412    0.65166  0.0987047 -0.0524807   0.677763 0.508944 0.039959 0.649472  0.0989221 -0.0280334   0.705096   0.151402 -0.0784652  -0.128426   -1.61187   0.401746     1.2292 0.00598499
  0.499131  0.0501544   0.651653  0.0983141 -0.0528666   0.677455  0.507939 0.0408176  0.649437   0.098505 -0.0282699   0.705146   0.156331 -0.0798676   -0.13349   -1.61343   0.411086    1.22402 0.00558075
  0.498136   0.051072   0.651646  0.0979216 -0.0532544   0.677146  0.506927 0.0416821  0.649401  0.0980831 -0.0285161   0.705195   0.161387 -0.0812991  -0.138676   -1.61506   0.420521    1.21887   0.005157
 0.497137  0.051994   0.65164 0.0975272 -0.053644  0.676835  0.505908 0.0425526  0.649365  0.0976565 -0.0287722   0.705241   0.166574 -0.0827609  -0.143987   -1.61676   0.430048    1.21375 0.00471367
  0.496133  0.0529203   0.651633   0.097131 -0.0540355   0.676523  0.504882 0.0434291  0.649328   0.097225 -0.0290386   0.705284   0.171893 -0.0842539  -0.149421   -1.61854   0.439664    1.20868 0.00425073
  0.495124  0.0538509   0.651626   0.096733 -0.0544288   0.676209   0.50385 0.0443115  0.649291  0.0967886 -0.0293155   0.705325   0.177348 -0.0857794  -0.154981   -1.62041   0.449367    1.20364 0.00376814
  0.494111  0.0547857    0.65162  0.0963331 -0.0548238   0.675894  0.502811 0.0451999  0.649254  0.0963472 -0.0296031   0.705363   0.182941 -0.0873385  -0.160668   -1.62236   0.459153    1.19866 0.00326592
  0.493093  0.0557246   0.651613  0.0959315 -0.0552206   0.675578  0.501766 0.0460943  0.649217  0.0959007 -0.0299018   0.705398   0.188676 -0.0889323   -0.16648   -1.62439   0.469019    1.19372 0.00274409
  0.492071  0.0566677   0.651606  0.0955281 -0.0556191    0.67526  0.500715 0.0469946  0.649178  0.0954491 -0.0302119    0.70543   0.194554  -0.090562   -0.17242   -1.62651   0.478962    1.18884 0.00220273
  0.491044  0.0576148   0.651599   0.095123 -0.0560194   0.674941 0.499657 0.047901  0.64914  0.0949924 -0.0305336   0.705459   0.200579 -0.0922289  -0.178488   -1.62872   0.488979    1.18402 0.00164191
  0.490013  0.0585659   0.651592  0.0947162 -0.0564213    0.67462  0.498593 0.0488133  0.649101  0.0945305 -0.0308674   0.705484   0.206754 -0.0939341  -0.184684   -1.63102   0.499064    1.17925 0.00106175
  0.488978  0.0595209   0.651586  0.0943077 -0.0568249   0.674298  0.497524 0.0497317  0.649061  0.0940634 -0.0312135   0.705506    0.213082  -0.0956788   -0.191008    -1.63341    0.509215     1.17455 0.000462404
  0.487939  0.0604799   0.651579  0.0938975 -0.0572302   0.673975 0.496448 0.050656 0.649021  0.0935911 -0.0315722   0.705525     0.219564   -0.0974644    -0.197461     -1.63589     0.519428      1.16992 -0.000155956
  0.486895  0.0614426   0.651572  0.0934857 -0.0576371   0.673651  0.495367 0.0515865  0.648981 0.0931136 -0.031944   0.70554     0.226204   -0.0992921    -0.204042     -1.63846     0.529699      1.16536 -0.000793121
  0.485848  0.0624092   0.651565  0.0930722 -0.0580455   0.673325   0.49428 0.0525229   0.64894  0.0926309 -0.0323292   0.705551    0.233005   -0.101163   -0.210752    -1.64114    0.540023     1.16088 -0.00144885
  0.484796  0.0633795   0.651558  0.0926572 -0.0584556   0.672998  0.493187 0.0534655  0.648898   0.092143 -0.0327282   0.705558    0.239969   -0.103079    -0.21759     -1.6439    0.550396     1.15647 -0.00212287
   0.48374  0.0643534   0.651551  0.0922406 -0.0588672    0.67267   0.49209 0.0544142  0.648856  0.0916501 -0.0331413    0.70556    0.247099    -0.10504   -0.224555    -1.64677    0.560813     1.15215 -0.00281486
  0.482681   0.065331   0.651544  0.0918225 -0.0592803   0.672341  0.490986 0.0553691  0.648814   0.091152 -0.0335691   0.705559   0.254397  -0.107049  -0.231648   -1.64973    0.57127    1.14791 -0.0035245
  0.481617  0.0663121   0.651537  0.0914028 -0.0596949    0.67201  0.489878 0.0563301  0.648771  0.0906491 -0.0340119   0.705552   0.261865  -0.109107  -0.238867   -1.65279   0.581762    1.14377 -0.0042514
  0.48055 0.0672967   0.65153 0.0909817 -0.060111  0.671678  0.488765 0.0572973  0.648727  0.0901412 -0.0344701   0.705541    0.269506   -0.111214   -0.246211    -1.65595    0.592285     1.13971 -0.00499514
  0.479479  0.0682847   0.651523   0.090559 -0.0605286   0.671345  0.487647 0.0582709  0.648683  0.0896287 -0.0349442   0.705525    0.277321   -0.113372    -0.25368     -1.6592    0.602832     1.13576 -0.00575528
  0.478404  0.0692762   0.651515  0.0901349 -0.0609475   0.671011  0.486524 0.0592507  0.648639  0.0891116 -0.0354347   0.705503    0.285312   -0.115583   -0.261271    -1.66256      0.6134      1.1319 -0.00653133
 0.477326  0.070271  0.651508 0.0897094 -0.061368  0.670676  0.485396 0.0602368  0.648594  0.0885901 -0.0359419   0.705477    0.293481   -0.117847   -0.268983    -1.66602    0.623982     1.12814 -0.00732277
  0.476244  0.0712691   0.651501  0.0892825 -0.0617897   0.670339  0.484264 0.0612294  0.648548  0.0880644 -0.0364663   0.705444    0.301829   -0.120166   -0.276815    -1.66957    0.634574      1.1245 -0.00812903
  0.475159  0.0722704   0.651494  0.0888542 -0.0622129   0.670002  0.483127 0.0622284  0.648502  0.0875349 -0.0370085   0.705406    0.310356   -0.122542   -0.284763    -1.67322     0.64517     1.12096 -0.00894952
   0.47407  0.0732749   0.651487  0.0884245 -0.0626374   0.669664  0.481986 0.0632339  0.648456  0.0870017 -0.0375688   0.705361    0.319064   -0.124974   -0.292825    -1.67696    0.655764     1.11753 -0.00978359
  0.472978  0.0742825   0.651479  0.0879936 -0.0630632   0.669324  0.480841 0.0642459  0.648409  0.0864651 -0.0381478   0.705311   0.327953  -0.127466  -0.300998    -1.6808   0.666351    1.11422 -0.0106306
  0.471883  0.0752932   0.651472  0.0875612 -0.0634903   0.668983  0.479693 0.0652645  0.648362  0.0859256 -0.0387458   0.705253   0.337021  -0.130016  -0.309279   -1.68474   0.676925    1.11102 -0.0114897
  0.470784  0.0763069   0.651465  0.0871276 -0.0639187   0.668642   0.47854 0.0662896  0.648315  0.0853834 -0.0393634   0.705189    0.34627  -0.132628  -0.317664   -1.68877   0.687481    1.10795 -0.0123603
  0.469682  0.0773235   0.651458  0.0866928 -0.0643484   0.668299  0.477384 0.0673215  0.648267  0.084839 -0.040001  0.705118   0.355698  -0.135301  -0.326149   -1.69288   0.698012    1.10499 -0.0132416
  0.468577   0.078343    0.65145  0.0862567 -0.0647792   0.667956 0.476224  0.06836  0.64822  0.0842929 -0.0406589   0.705039   0.365304  -0.138036   -0.33473   -1.69709   0.708513    1.10216 -0.0141327
  0.467469  0.0793654   0.651443  0.0858194 -0.0652113   0.667611   0.47506 0.0694053  0.648172  0.0837454 -0.0413377   0.704953   0.375084  -0.140835  -0.343401   -1.70138   0.718978    1.09946 -0.0150328
  0.466357  0.0803906   0.651436  0.0853809 -0.0656445   0.667266  0.473894 0.0704573  0.648124  0.0831972 -0.0420376    0.70486   0.385037  -0.143699  -0.352158   -1.70575   0.729402    1.09689 -0.0159409
  0.465243  0.0814185   0.651428  0.0849412 -0.0660789   0.666919 0.472724 0.071516 0.648076  0.0826489 -0.0427591   0.704758   0.395159  -0.146627  -0.360993   -1.71021   0.739777    1.09444 -0.0168562
  0.464126  0.0824492   0.651421  0.0845003 -0.0665145   0.666572  0.471552 0.0725816  0.648029  0.0821009 -0.0435023   0.704647   0.405447  -0.149621  -0.369901   -1.71474     0.7501    1.09212 -0.0177777
  0.463006  0.0834824   0.651413  0.0840584 -0.0669511   0.666224  0.470377 0.0736539  0.647982  0.0815539 -0.0442677   0.704529   0.415895  -0.152681  -0.378875   -1.71935   0.760363    1.08994 -0.0187044
  0.461884  0.0845182   0.651406  0.0836153 -0.0673889   0.665875    0.4692 0.0747331  0.647935  0.0810087 -0.0450553   0.704401   0.426498  -0.155807  -0.387906   -1.72402   0.770561    1.08788 -0.0196353
  0.460758  0.0855565   0.651398  0.0831712 -0.0678277   0.665525  0.46802 0.075819 0.647888  0.0804658 -0.0458654   0.704264    0.43725     -0.159  -0.396988   -1.72877   0.780689    1.08596 -0.0205694
   0.45963  0.0865973   0.651391   0.082726 -0.0682675   0.665174  0.466838 0.0769116  0.647842  0.079926 -0.046698  0.704119   0.448144  -0.162259  -0.406112   -1.73357   0.790741    1.08417 -0.0215056
  0.458499  0.0876405   0.651383  0.0822798 -0.0687083   0.664823 0.465654 0.078011 0.647797  0.0793901 -0.0475532   0.703963  0.459172 -0.165585 -0.415268  -1.73844  0.800713   1.08251 -0.022443
  0.457366  0.0886861   0.651376  0.0818326 -0.0691502    0.66447  0.464468 0.0791169  0.647752  0.0788588 -0.0484309   0.703798   0.470325  -0.168977  -0.424446   -1.74336   0.810598    1.08097 -0.0233803
  0.45623 0.0897339  0.651368 0.0813844 -0.069593  0.664117   0.46328 0.0802294  0.647708 0.0783329 -0.049331  0.703623   0.481594  -0.172435  -0.433637   -1.74832   0.820393    1.07957 -0.0243166
  0.455092   0.090784   0.651361  0.0809352 -0.0700368   0.663763  0.462092 0.0813483  0.647666  0.0778132 -0.0502532   0.703439   0.492969  -0.175958  -0.442829   -1.75334   0.830092    1.07829 -0.0252507
  0.453951  0.0918363   0.651353  0.0804851 -0.0704815   0.663409  0.460901 0.0824736  0.647624  0.0773005 -0.0511972   0.703244   0.504437  -0.179544  -0.452011   -1.75839   0.839692    1.07714 -0.0261817
  0.452809  0.0928907   0.651346  0.0800341 -0.0709271   0.663053   0.45971 0.0836051  0.647584  0.0767955 -0.0521626   0.703038   0.515988  -0.183194  -0.461172   -1.76348   0.849188    1.07611 -0.0271084
  0.451663  0.0939472   0.651338  0.0795822 -0.0713736   0.662697  0.458518 0.0847426  0.647545  0.0762991 -0.0531488   0.702823   0.527607  -0.186906  -0.470299    -1.7686   0.858577     1.0752 -0.0280299
  0.450516  0.0950057    0.65133  0.0791294 -0.0718209   0.662341  0.457325 0.0858859  0.647508  0.0758119 -0.0541552   0.702597   0.539282  -0.190677   -0.47938   -1.77374   0.867855     1.0744 -0.0289452
  0.449367  0.0960662   0.651323  0.0786758 -0.0722691   0.661983  0.456131 0.0870348  0.647472  0.0753347 -0.0551809   0.702361   0.550998  -0.194507  -0.488402   -1.77891   0.877019    1.07372 -0.0298532
  0.448215  0.0971286   0.651315  0.0782213 -0.0727181   0.661625  0.454937 0.0881892  0.647438  0.0748681 -0.0562252   0.702114   0.562739  -0.198393  -0.497351   -1.78409   0.886067    1.07314 -0.0307532
  0.447061  0.0981929   0.651308  0.0777661 -0.0731678   0.661266  0.453742 0.0893487  0.647406 0.0744129 -0.057287  0.701857    0.57449  -0.202333  -0.506213   -1.78928   0.894998    1.07267 -0.0316441
  0.445906   0.099259     0.6513  0.0773101 -0.0736184   0.660907 0.452547 0.090513 0.647376  0.0739695 -0.0583653    0.70159   0.586235  -0.206324  -0.514977   -1.79448   0.903808     1.0723 -0.0325253
  0.444748   0.100327   0.651292  0.0768533 -0.0740696   0.660547  0.451352 0.0916818  0.647348  0.0735384 -0.0594587   0.701312   0.597956  -0.210363  -0.523627   -1.79969   0.912497    1.07203 -0.0333959
  0.443589   0.101396   0.651284  0.0763959 -0.0745216   0.660187  0.450156 0.0928549  0.647322  0.0731202 -0.0605659   0.701025   0.609637  -0.214449   -0.53215   -1.80489   0.921065    1.07185 -0.0342553
  0.442428   0.102468   0.651277  0.0759377 -0.0749743   0.659826  0.448961 0.0940319  0.647298   0.072715 -0.0616855   0.700728    0.62126  -0.218576  -0.540533   -1.81009   0.929511    1.07175 -0.0351029
  0.441265    0.10354   0.651269  0.0754788 -0.0754277   0.659464  0.447766 0.0952122  0.647277  0.0723232 -0.0628161   0.700422   0.632808  -0.222743  -0.548763   -1.81527   0.937836    1.07174 -0.0359382
  0.440101   0.104615   0.651261  0.0750193 -0.0758817   0.659102  0.446571 0.0963958  0.647258  0.0719449 -0.0639559   0.700106   0.644263  -0.226945  -0.556825   -1.82045    0.94604     1.0718 -0.0367607
  0.438935    0.10569   0.651254  0.0745591 -0.0763363    0.65874 0.445376 0.097582 0.647241  0.0715801 -0.0651034   0.699781   0.655608  -0.231178  -0.564709   -1.82561   0.954124    1.07193 -0.0375702
  0.437767   0.106768   0.651246  0.0740984 -0.0767915   0.658377   0.44418 0.0987705  0.647226  0.0712289 -0.0662568   0.699448   0.666826   -0.23544  -0.572401   -1.83075   0.962091    1.07213 -0.0383664
  0.436598   0.107846   0.651238   0.073637 -0.0772473   0.658013  0.442985 0.0999608  0.647214   0.070891 -0.0674143   0.699107   0.677901  -0.239726  -0.579891   -1.83588   0.969943    1.07239 -0.0391492
  0.435428   0.108926    0.65123  0.0731751 -0.0777037    0.65765  0.44179 0.101153 0.647204  0.0705661 -0.0685741   0.698759   0.688815  -0.244032  -0.587168   -1.84098   0.977682    1.07271 -0.0399185
  0.434256   0.110007   0.651223  0.0727127 -0.0781606   0.657285 0.440595 0.102345 0.647196   0.070254 -0.0697346   0.698403   0.699555  -0.248354  -0.594221   -1.84606   0.985311    1.07308 -0.0406745
 0.433083   0.11109  0.651215 0.0722497 -0.078618  0.656921   0.4394 0.103539  0.64719  0.0699541 -0.0708939   0.698041   0.710105  -0.252688  -0.601043   -1.85111   0.992835     1.0735 -0.0414172
  0.431908   0.112173   0.651207  0.0717863 -0.0790759   0.656555 0.438205 0.104732 0.647186  0.0696659 -0.0720501   0.697673   0.720451  -0.257031  -0.607623   -1.85614    1.00026    1.07396 -0.0421471
  0.430733   0.113258   0.651199  0.0713224 -0.0795342    0.65619 0.437009 0.105925 0.647184  0.0693887 -0.0732018   0.697299   0.730582  -0.261378  -0.613956   -1.86115    1.00758    1.07446 -0.0428643
 0.429556  0.114343  0.651191  0.070858 -0.079993  0.655824 0.435813 0.107118 0.647183  0.0691218 -0.0743471    0.69692   0.740485  -0.265726  -0.620034   -1.86613    1.01481    1.07501 -0.0435695
  0.428378    0.11543   0.651184  0.0703932 -0.0804522   0.655458 0.434617 0.108309 0.647185  0.0688644 -0.0754846   0.696537    0.75015  -0.270072  -0.625854   -1.87108    1.02195    1.07559 -0.0442632
  0.427199   0.116517   0.651176   0.069928 -0.0809118   0.655091  0.43342 0.109499 0.647188  0.0686157 -0.0766127    0.69615   0.759568  -0.274411   -0.63141   -1.87602    1.02901     1.0762 -0.0449459
   0.42602   0.117606   0.651168  0.0694625 -0.0813718   0.654725 0.432222 0.110688 0.647192 0.0683747  -0.07773  0.695759   0.768731  -0.278742    -0.6367   -1.88093    1.03599    1.07684 -0.0456185
  0.424839   0.118695    0.65116  0.0689965 -0.0818321   0.654358 0.431024 0.111874 0.647197  0.0681405 -0.0788353   0.695366   0.777632   -0.28306  -0.641721   -1.88582    1.04289    1.07751 -0.0462816
  0.423658   0.119785   0.651152  0.0685303 -0.0822927    0.65399 0.429824 0.113057 0.647203  0.0679121 -0.0799274    0.69497   0.786267  -0.287364  -0.646472   -1.89068    1.04973    1.07821 -0.0469362
  0.422475   0.120876   0.651144  0.0680638 -0.0827537   0.653623 0.428624 0.114238  0.64721  0.0676886 -0.0810052   0.694572  0.794631  -0.29165 -0.650954  -1.89554    1.0565   1.07894 -0.047583
  0.421292   0.121967   0.651137  0.0675969 -0.0832149   0.653255 0.427422 0.115416 0.647218   0.067469 -0.0820678   0.694173   0.802721  -0.295918  -0.655167   -1.90037    1.06322    1.07969 -0.0482232
  0.420109   0.123059   0.651129  0.0671298 -0.0836764   0.652887 0.426219 0.116591 0.647226  0.0672523 -0.0831144   0.693773   0.810536  -0.300164  -0.659113   -1.90519    1.06989    1.08047 -0.0488576
  0.418925   0.124152   0.651121  0.0666625 -0.0841381   0.652519 0.425015 0.117763 0.647235  0.0670375 -0.0841444   0.693373   0.818076  -0.304388  -0.662794      -1.91    1.07651    1.08129 -0.0494872
 0.41774 0.125245 0.651113 0.066195  -0.0846  0.65215 0.423809 0.118931 0.647243  0.0668238 -0.0851571   0.692972    0.82534  -0.308587  -0.666215    -1.9148    1.08308    1.08212 -0.0501132
  0.416555   0.126338   0.651105  0.0657273 -0.0850621   0.651782 0.422602 0.120095 0.647252  0.0666102 -0.0861522   0.692572   0.832332  -0.312762  -0.669378    -1.9196    1.08963    1.08299 -0.0507364
  0.415369   0.127432   0.651097  0.0652594 -0.0855243   0.651413 0.421393 0.121255 0.647261  0.0663958 -0.0871293   0.692172   0.839054   -0.31691  -0.672289   -1.92438    1.09614    1.08389 -0.0513581
  0.414183   0.128526   0.651089  0.0647914 -0.0859867   0.651045 0.420182 0.122411 0.647269    0.06618 -0.0880882   0.691772   0.845509  -0.321033  -0.674953   -1.92917    1.10263    1.08482 -0.0519792
  0.412997   0.129621   0.651081  0.0643233 -0.0864492   0.650676  0.41897 0.123564 0.647277  0.0659618 -0.0890289   0.691374   0.851702  -0.325128  -0.677376   -1.93395     1.1091    1.08579 -0.0526008
   0.41181   0.130715   0.651074   0.063855 -0.0869119   0.650307 0.417756 0.124712 0.647284  0.0657407 -0.0899513   0.690976  0.857638 -0.329197 -0.679563  -1.93874   1.11555   1.08679 -0.053224
  0.410624    0.13181   0.651066  0.0633867 -0.0873745   0.649938 0.416541 0.125857 0.647291  0.0655159 -0.0908554    0.69058   0.863323  -0.333238  -0.681523   -1.94353    1.12199    1.08783 -0.0538498
  0.409437   0.132905   0.651058  0.0629184 -0.0878373   0.649569 0.415324 0.126997 0.647297   0.065287 -0.0917415   0.690185   0.868763  -0.337254  -0.683261   -1.94832    1.12843    1.08891 -0.0544792
0.40825   0.134 0.65105 0.06245 -0.0883  0.6492 0.414105 0.128133 0.647302  0.0650533 -0.0926097   0.689792   0.873966  -0.341243  -0.684785   -1.95312    1.13486    1.09002 -0.0551131
  0.407063   0.135095   0.651042  0.0619816 -0.0887627   0.648831 0.412885 0.129265 0.647307  0.0648144 -0.0934604     0.6894   0.878938  -0.345206  -0.686102   -1.95793    1.14129    1.09119 -0.0557527
  0.405876    0.13619   0.651034  0.0615133 -0.0892255   0.648462 0.411663 0.130393 0.647311  0.0645699 -0.0942938    0.68901   0.883688  -0.349145  -0.687219   -1.96275    1.14773    1.09239 -0.0563987
   0.40469   0.137285   0.651026   0.061045 -0.0896881   0.648093 0.410439 0.131516 0.647314  0.0643195 -0.0951105   0.688622   0.888223  -0.353059  -0.688145   -1.96758    1.15418    1.09365 -0.0570521
  0.403503   0.138379   0.651018  0.0605768 -0.0901508   0.647724 0.409214 0.132636 0.647316  0.0640628 -0.0959107   0.688235   0.892551   -0.35695  -0.688886   -1.97242    1.16064    1.09495 -0.0577138
  0.402317   0.139474   0.651011  0.0601086 -0.0906133   0.647355 0.407988 0.133752 0.647317  0.0637997 -0.0966949   0.687849    0.89668  -0.360819   -0.68945   -1.97728    1.16712    1.09631 -0.0583846
  0.401131   0.140568   0.651003  0.0596406 -0.0910757   0.646987  0.40676 0.134864 0.647317    0.06353 -0.0974637   0.687466   0.900619  -0.364666  -0.689845   -1.98215    1.17362    1.09772 -0.0590653
  0.399945   0.141662   0.650995  0.0591727 -0.0915379   0.646618 0.405531 0.135972 0.647316  0.0632534 -0.0982175   0.687083   0.904376  -0.368493  -0.690078   -1.98704    1.18013    1.09918 -0.0597566
 0.39876 0.142755 0.650987 0.058705   -0.092  0.64625 0.404301 0.137077 0.647314    0.06297 -0.0989569   0.686702    0.90796    -0.3723  -0.690157   -1.99195    1.18668    1.10071 -0.0604594
  0.397575   0.143848   0.650979  0.0582375 -0.0924619   0.645881  0.40307 0.138178 0.647311  0.0626797 -0.0996822   0.686322   0.911378  -0.376088  -0.690088   -1.99687    1.19325    1.10228 -0.0611743
  0.396391   0.144941   0.650971  0.0577702 -0.0929236   0.645513 0.401838 0.139275 0.647307 0.0623825 -0.100394  0.685943   0.914639   -0.37986  -0.689879    -2.0018    1.19984    1.10392 -0.0619019
  0.395208   0.146033   0.650963  0.0573031 -0.0933851   0.645145 0.400605 0.140368 0.647302 0.0620784 -0.101093  0.685566    0.91775  -0.383614  -0.689537   -2.00676    1.20647    1.10562 -0.0626429
  0.394025   0.147124   0.650956  0.0568362 -0.0938463   0.644777 0.399371 0.141459 0.647297 0.0617674  -0.10178  0.685189   0.920721  -0.387354  -0.689068   -2.01173    1.21313    1.10738 -0.0633978
  0.392842   0.148215   0.650948  0.0563697 -0.0943073    0.64441 0.398137 0.142545  0.64729 0.0614497 -0.102455  0.684814   0.923557  -0.391078  -0.688479   -2.01672    1.21983    1.10921 -0.0641673
  0.391661   0.149305    0.65094  0.0559035 -0.0947679   0.644042 0.396903 0.143629 0.647283 0.0611253 -0.103118  0.684439   0.926268   -0.39479  -0.687775   -2.02173    1.22656     1.1111 -0.0649518
   0.39048   0.150394   0.650932  0.0554375 -0.0952282   0.643675 0.395668 0.144709 0.647275 0.0607945  -0.10377  0.684064   0.928859  -0.398488  -0.686964   -2.02675    1.23333    1.11305 -0.0657517
  0.389301   0.151483   0.650924   0.054972 -0.0956882   0.643309 0.394432 0.145785 0.647266 0.0604573 -0.104413  0.683691   0.931339  -0.402175  -0.686051   -2.03179    1.24014    1.11507 -0.0665677
  0.388122    0.15257   0.650916  0.0545068 -0.0961478   0.642942 0.393197 0.146859 0.647256 0.0601139 -0.105045  0.683317  0.933714 -0.405851 -0.685041  -2.03685   1.24698   1.11716   -0.0674
 0.386944  0.153657  0.650909  0.054042 -0.096607  0.642576 0.391962  0.14793 0.647245 0.0597645 -0.105667  0.682944   0.935991  -0.409517   -0.68394   -2.04192    1.25387    1.11931 -0.0682491
  0.385767   0.154742   0.650901  0.0535776 -0.0970658    0.64221 0.390726 0.148997 0.647234 0.0594094 -0.106281  0.682571   0.938175  -0.413173  -0.682752   -2.04701     1.2608    1.12153 -0.0691153
  0.384592   0.155827   0.650893  0.0531137 -0.0975241   0.641845 0.389491 0.150061 0.647222 0.0590487 -0.106885  0.682199   0.940274   -0.41682  -0.681483   -2.05211    1.26777    1.12382 -0.0699991
 0.383417   0.15691  0.650885 0.0526503 -0.097982  0.641479 0.388256 0.151123  0.64721 0.0586826 -0.107482  0.681826   0.942293  -0.420459  -0.680138   -2.05722    1.27478    1.12618 -0.0709006
  0.382244   0.157993   0.650877  0.0521873 -0.0984394   0.641115 0.387022 0.152181 0.647197 0.0583114  -0.10807  0.681453   0.944237  -0.424091   -0.67872   -2.06235    1.28184     1.1286 -0.0718202
  0.381072   0.159074    0.65087  0.0517249 -0.0988963    0.64075 0.385788 0.153237 0.647183 0.0579353 -0.108651  0.681081   0.946113  -0.427715  -0.677235   -2.06749    1.28894    1.13109 -0.0727581
  0.379902   0.160154   0.650862   0.051263 -0.0993527   0.640387 0.384555 0.154289 0.647169 0.0575546 -0.109225  0.680707   0.947924  -0.431333  -0.675685   -2.07264    1.29608    1.13365 -0.0737146
  0.378733   0.161232   0.650854  0.0508016 -0.0998085   0.640023 0.383322 0.155339 0.647154 0.0571695 -0.109791  0.680334  0.949677 -0.434945 -0.674075   -2.0778   1.30326   1.13627  -0.07469
 0.377565   0.16231  0.650846 0.0503409 -0.100264   0.63966 0.382091 0.156385 0.647139 0.0567802 -0.110351   0.67996   0.951375  -0.438551  -0.672409   -2.08297    1.31049    1.13897 -0.0756843
 0.376399  0.163385  0.650839 0.0498807 -0.100718  0.639298  0.38086 0.157429 0.647124 0.0563869 -0.110905  0.679586   0.953023  -0.442151  -0.670689   -2.08815    1.31776    1.14173 -0.0766979
 0.375235   0.16446  0.650831 0.0494212 -0.101172  0.638936  0.37963  0.15847 0.647108   0.05599 -0.111452  0.679212   0.954625  -0.445747  -0.668919   -2.09334    1.32507    1.14455 -0.0777308
 0.374072  0.165532  0.650823 0.0489623 -0.101626  0.638574 0.378402 0.159508 0.647092 0.0555896 -0.111994  0.678837   0.956186  -0.449337  -0.667101   -2.09853    1.33242    1.14745 -0.0787833
 0.372911  0.166604  0.650816 0.0485041 -0.102078  0.638213 0.377174 0.160544 0.647075 0.055186 -0.11253 0.678461   0.957708  -0.452923  -0.665239   -2.10372    1.33982    1.15041 -0.0798554
 0.371752  0.167673  0.650808 0.0480467  -0.10253  0.637853 0.375948 0.161576 0.647059 0.0547794 -0.113061  0.678085   0.959196  -0.456505  -0.663336   -2.10892    1.34725    1.15343 -0.0809474
 0.370594  0.168741    0.6508 0.0475899 -0.102982  0.637493 0.374723 0.162605 0.647041   0.05437 -0.113586  0.677708   0.960652  -0.460082  -0.661393   -2.11412    1.35473    1.15652 -0.0820592
 0.369439  0.169807  0.650792 0.0471339 -0.103432  0.637134   0.3735 0.163632 0.647024  0.053958 -0.114106  0.677331   0.96208 -0.463655 -0.659413  -2.11932   1.36224   1.15967 -0.083191
 0.368285  0.170871  0.650785 0.0466787 -0.103882  0.636775 0.372278 0.164655 0.647007 0.0535437 -0.114622  0.676953   0.963483  -0.467224  -0.657399   -2.12452     1.3698    1.16289 -0.0843429
 0.367133  0.171934  0.650777 0.0462242 -0.104331  0.636417 0.371057 0.165676 0.646989 0.0531273 -0.115133  0.676575  0.964864 -0.470788 -0.655351  -2.12972   1.37739   1.16617 -0.085515
 0.365984  0.172994   0.65077 0.0457706 -0.104779  0.636059 0.369838 0.166694 0.646971  0.052709 -0.115639  0.676196   0.966225  -0.474349  -0.653273   -2.13492    1.38502    1.16951 -0.0867073
 0.364837  0.174053  0.650762 0.0453178 -0.105226  0.635703 0.368621 0.167708 0.646953 0.0522889 -0.116141  0.675816   0.967568  -0.477905  -0.651166   -2.14011    1.39268    1.17292 -0.0879198
 0.363691  0.175109  0.650754 0.0448659 -0.105673  0.635347 0.367406  0.16872 0.646935 0.0518674 -0.116638  0.675436   0.968896  -0.481458  -0.649031    -2.1453    1.40038    1.17638 -0.0891528
 0.362549  0.176164  0.650747 0.0444149 -0.106119  0.634991 0.366193 0.169728 0.646917 0.0514444 -0.117132  0.675055  0.970212 -0.485006  -0.64687  -2.15048   1.40811   1.17991 -0.090406
 0.361408  0.177216  0.650739 0.0439648 -0.106563  0.634637 0.364981 0.170734 0.646898 0.0510204 -0.117621  0.674674   0.971516   -0.48855  -0.644685   -2.15565    1.41588    1.18349 -0.0916797
  0.36027  0.178266  0.650732 0.0435156 -0.107007  0.634283 0.363772 0.171736  0.64688 0.0505953 -0.118107  0.674292   0.972811  -0.492089  -0.642476   -2.16081    1.42368    1.18713 -0.0929738
 0.359134  0.179314  0.650724 0.0430674  -0.10745   0.63393 0.362564 0.172735 0.646862 0.0501694 -0.118588   0.67391   0.974099  -0.495624  -0.640246   -2.16596     1.4315    1.19084 -0.0942883
 0.358001  0.180359  0.650717 0.0426202 -0.107892  0.633577 0.361359 0.173731 0.646843 0.0497429 -0.119066  0.673527   0.975381  -0.499155  -0.637995    -2.1711    1.43936    1.19459 -0.0956233
  0.35687  0.181403  0.650709  0.042174 -0.108333  0.633226 0.360155 0.174724 0.646824 0.0493159  -0.11954  0.673144   0.976659   -0.50268  -0.635724   -2.17623    1.44725    1.19841 -0.0969788
 0.355742  0.182443  0.650702 0.0417288 -0.108772  0.632875 0.358954 0.175713 0.646806 0.0488885 -0.120011  0.672761   0.977934  -0.506201  -0.633434   -2.18134    1.45516    1.20228 -0.0983547
 0.354616  0.183482  0.650694 0.0412847 -0.109211  0.632525 0.357755 0.176699 0.646787  0.048461 -0.120478  0.672378   0.979208  -0.509716  -0.631127   -2.18644     1.4631    1.20621 -0.0997511
 0.353494  0.184518  0.650687 0.0408416 -0.109649  0.632176 0.356559 0.177681 0.646769 0.0480334 -0.120941  0.671994  0.980481 -0.513226 -0.628802  -2.19152   1.47106   1.21019 -0.101168
 0.352374  0.185551  0.650679 0.0403997 -0.110086  0.631828 0.355364  0.17866  0.64675 0.0476058 -0.121401   0.67161  0.981754  -0.51673 -0.626461  -2.19658   1.47904   1.21423 -0.102605
 0.351257  0.186581  0.650672 0.0399588 -0.110521  0.631481 0.354173 0.179636 0.646731 0.0471785 -0.121858  0.671226   0.98303 -0.520228 -0.624105  -2.20162   1.48705   1.21831 -0.104063
 0.350143  0.187609  0.650664 0.0395191 -0.110955  0.631134 0.352983 0.180607 0.646713 0.0467515 -0.122311  0.670842  0.984307  -0.52372 -0.621734  -2.20665   1.49508   1.22245 -0.105541
 0.349031  0.188635  0.650657 0.0390806 -0.111389  0.630789 0.351796 0.181576 0.646694  0.046325 -0.122761  0.670458  0.985588 -0.527205 -0.619349  -2.21164   1.50312   1.22665 -0.107039
 0.347923  0.189657   0.65065 0.0386433 -0.111821  0.630444 0.350612  0.18254 0.646676  0.045899 -0.123207  0.670074  0.986874 -0.530684 -0.616951  -2.21662   1.51118   1.23089 -0.108558
 0.346818  0.190676  0.650642 0.0382072 -0.112252  0.630101  0.34943 0.183501 0.646657 0.0454737 -0.123651  0.669691  0.988164 -0.534155 -0.614539  -2.22157   1.51926   1.23518 -0.110097
 0.345716  0.191693  0.650635 0.0377724 -0.112681  0.629758 0.348251 0.184458 0.646639 0.0450492 -0.124091  0.669308  0.989459  -0.53762 -0.612115   -2.2265   1.52735   1.23952 -0.111657
 0.344617  0.192707  0.650628 0.0373388  -0.11311  0.629417 0.347075 0.185411  0.64662 0.0446256 -0.124528  0.668925   0.99076 -0.541076 -0.609678   -2.2314   1.53546   1.24391 -0.113236
 0.343522  0.193718  0.650621 0.0369065 -0.113537  0.629076 0.345902  0.18636 0.646602 0.0442029 -0.124961  0.668542  0.992068 -0.544525 -0.607231  -2.23627   1.54358   1.24835 -0.114836
  0.34243  0.194725  0.650613 0.0364755 -0.113963  0.628736 0.344731 0.187305 0.646584 0.0437813 -0.125392   0.66816  0.993383 -0.547966 -0.604772  -2.24111    1.5517   1.25284 -0.116456
 0.341341   0.19573  0.650606 0.0360458 -0.114387  0.628398 0.343563 0.188246 0.646565 0.0433609 -0.125819  0.667779  0.994704 -0.551398 -0.602302  -2.24593   1.55984   1.25737 -0.118097
 0.340256  0.196731  0.650599 0.0356175  -0.11481  0.628061 0.342398 0.189183 0.646547 0.0429417 -0.126243  0.667398  0.996034  -0.55482 -0.599822  -2.25071   1.56798   1.26195 -0.119757
 0.339174  0.197729  0.650592 0.0351906 -0.115232  0.627724 0.341236 0.190116 0.646529 0.0425239 -0.126665  0.667018  0.997371 -0.558234 -0.597332  -2.25546   1.57613   1.26657 -0.121437
 0.338096  0.198724  0.650585 0.0347651 -0.115652  0.627389 0.340077 0.191045 0.646511 0.0421074 -0.127083  0.666638  0.998716 -0.561638 -0.594832  -2.26018   1.58429   1.27124 -0.123138
 0.337021  0.199715  0.650577  0.034341 -0.116071  0.627055 0.338921 0.191969 0.646493 0.0416924 -0.127498   0.66626   1.00007 -0.565032 -0.592323  -2.26486   1.59244   1.27595 -0.124858
  0.33595  0.200703   0.65057 0.0339183 -0.116489  0.626722 0.337768 0.192889 0.646475 0.0412789 -0.127909  0.665883   1.00143 -0.568416 -0.589804  -2.26951    1.6006    1.2807 -0.126598
 0.334883  0.201688  0.650563 0.0334972 -0.116905   0.62639 0.336619 0.193804 0.646457 0.0408671 -0.128318  0.665507    1.0028 -0.571789 -0.587277  -2.27412   1.60876    1.2855 -0.128359
 0.333819  0.202669  0.650556 0.0330775  -0.11732  0.626059 0.335472 0.194715 0.646439 0.0404569 -0.128724  0.665132   1.00418 -0.575151 -0.584742   -2.2787   1.61692   1.29033 -0.130138
  0.33276  0.203647  0.650549 0.0326594 -0.117733   0.62573 0.334329 0.195622 0.646421 0.0400485 -0.129126  0.664758   1.00557 -0.578501 -0.582198  -2.28324   1.62507   1.29521 -0.131938
 0.331704  0.204621  0.650542 0.0322428 -0.118144  0.625402  0.33319 0.196524 0.646403 0.0396419 -0.129526  0.664385   1.00696  -0.58184 -0.579646  -2.28774   1.63323   1.30013 -0.133758
 0.330652  0.205591  0.650535 0.0318278 -0.118554  0.625075 0.332053 0.197421 0.646385 0.0392371 -0.129922  0.664014   1.00837 -0.585166 -0.577087   -2.2922   1.64137   1.30509 -0.135597
 0.329605  0.206557  0.650528 0.0314143 -0.118963  0.624749  0.33092 0.198313 0.646367 0.0388342 -0.130316  0.663645   1.00978  -0.58848  -0.57452  -2.29662   1.64951   1.31008 -0.137455
 0.328561   0.20752  0.650521 0.0310025  -0.11937  0.624425 0.329791 0.199201 0.646349 0.0384333 -0.130706  0.663277    1.0112 -0.591781 -0.571946    -2.301   1.65765   1.31511 -0.139334
 0.327522  0.208479  0.650514 0.0305923 -0.119775  0.624102 0.328665 0.200083 0.646331 0.0380344 -0.131093   0.66291   1.01264 -0.595069 -0.569366  -2.30533   1.66577   1.32018 -0.141231
 0.326487  0.209434  0.650507 0.0301838 -0.120179   0.62378 0.327542 0.200961 0.646314 0.0376376 -0.131477  0.662546   1.01407 -0.598343 -0.566779  -2.30963   1.67389   1.32529 -0.143148
 0.325456  0.210385  0.650501  0.029777 -0.120581  0.623459 0.326423 0.201834 0.646296 0.0372429 -0.131858  0.662183   1.01552 -0.601602 -0.564185  -2.31388   1.68199   1.33043 -0.145085
 0.324429  0.211332  0.650494 0.0293719 -0.120981   0.62314 0.325308 0.202701 0.646278 0.0368503 -0.132236  0.661822   1.01698 -0.604848 -0.561586  -2.31809   1.69008   1.33561 -0.147041
 0.323407  0.212275  0.650487 0.0289685 -0.121379  0.622822 0.324197 0.203564  0.64626   0.03646 -0.132611  0.661463   1.01844 -0.608078 -0.558981  -2.32225   1.69816   1.34081 -0.149016
 0.322389  0.213214   0.65048 0.0285669 -0.121776  0.622506 0.323089 0.204421 0.646243 0.0360718 -0.132983  0.661106   1.01991 -0.611293  -0.55637  -2.32637   1.70622   1.34606  -0.15101
 0.321376  0.214149  0.650474  0.028167 -0.122171  0.622191 0.321985 0.205273 0.646225  0.035686 -0.133351  0.660752   1.02138 -0.614493 -0.553754  -2.33045   1.71426   1.35133 -0.153023
 0.320367   0.21508  0.650467  0.027769 -0.122565  0.621877 0.320885  0.20612 0.646207 0.0353024 -0.133717  0.660399   1.02287 -0.617677 -0.551133  -2.33447   1.72229   1.35663 -0.155056
 0.319363  0.216006   0.65046 0.0273728 -0.122956  0.621565 0.319789 0.206962 0.646189 0.0349212 -0.134079  0.660049   1.02436 -0.620844 -0.548508  -2.33845    1.7303   1.36197 -0.157107
 0.318364  0.216928  0.650454 0.0269784 -0.123346  0.621254 0.318698 0.207798 0.646171 0.0345424 -0.134439  0.659701   1.02586 -0.623994 -0.545878  -2.34239   1.73829   1.36733 -0.159178
 0.317369  0.217846  0.650447 0.0265859 -0.123733  0.620945  0.31761 0.208628 0.646154 0.0341661 -0.134795  0.659356   1.02736 -0.627128 -0.543245  -2.34627   1.74626   1.37273 -0.161267
  0.31638  0.218759   0.65044 0.0261953 -0.124119  0.620637 0.316526 0.209453 0.646136 0.0337922 -0.135148  0.659013   1.02887 -0.630243 -0.540607  -2.35011   1.75421   1.37815 -0.163375
 0.315395  0.219667  0.650434 0.0258066 -0.124503  0.620331 0.315446 0.210272 0.646118 0.0334207 -0.135497  0.658672   1.03039 -0.633341 -0.537967   -2.3539   1.76213   1.38359 -0.165501
 0.314415  0.220572  0.650427 0.0254199 -0.124885  0.620027 0.314371 0.211086   0.6461 0.0330518 -0.135844  0.658334   1.03191 -0.636421 -0.535323  -2.35764   1.77004   1.38906 -0.167647
  0.31344  0.221471  0.650421 0.0250351 -0.125266  0.619723   0.3133 0.211893 0.646082 0.0326855 -0.136188  0.657999   1.03344 -0.639481 -0.532677  -2.36134   1.77791   1.39456 -0.169811
  0.31247  0.222366  0.650414 0.0246524 -0.125644  0.619422 0.312233 0.212695 0.646064 0.0323217 -0.136528  0.657667   1.03497 -0.642523 -0.530028  -2.36498   1.78576   1.40008 -0.171993
 0.311505  0.223256  0.650408 0.0242716  -0.12602  0.619122  0.31117 0.213491 0.646046 0.0319605 -0.136865  0.657337    1.0365 -0.645545 -0.527377  -2.36857   1.79359   1.40562 -0.174194
 0.310545  0.224142  0.650402 0.0238929 -0.126394  0.618824 0.310112 0.214282 0.646028  0.031602 -0.137199   0.65701   1.03804 -0.648548 -0.524725  -2.37212   1.80139   1.41118 -0.176413
 0.309591  0.225022  0.650395 0.0235162 -0.126766  0.618527 0.309059 0.215066  0.64601 0.0312461  -0.13753  0.656686   1.03959  -0.65153 -0.522071  -2.37561   1.80916   1.41677  -0.17865
 0.308642  0.225898  0.650389 0.0231416 -0.127136  0.618232  0.30801 0.215844 0.645992 0.0308929 -0.137857  0.656365   1.04113 -0.654492 -0.519417  -2.37905    1.8169   1.42237 -0.180905
 0.307698  0.226769  0.650383 0.0227692 -0.127504  0.617938 0.306966 0.216616 0.645974 0.0305424 -0.138181  0.656048   1.04268 -0.657432 -0.516762  -2.38244   1.82461   1.42799 -0.183179
 0.306759  0.227634  0.650377 0.0223988  -0.12787  0.617646 0.305926 0.217382 0.645956 0.0301947 -0.138502  0.655733   1.04424 -0.660352 -0.514107  -2.38579   1.83229   1.43362  -0.18547
 0.305826  0.228495   0.65037 0.0220306 -0.128234  0.617356 0.304891 0.218141 0.645937 0.0298497  -0.13882  0.655421   1.04579  -0.66325 -0.511452  -2.38908   1.83994   1.43927 -0.187779
 0.304899  0.229351  0.650364 0.0216646 -0.128596  0.617068 0.303861 0.218895 0.645919 0.0295075 -0.139134  0.655112   1.04735 -0.666126 -0.508798  -2.39232   1.84755   1.44494 -0.190106
 0.303977  0.230201  0.650358 0.0213008 -0.128955  0.616781 0.302836 0.219642   0.6459 0.0291681 -0.139446  0.654807    1.0489 -0.668979 -0.506145  -2.39551   1.85514   1.45061 -0.192451
 0.303061  0.231047  0.650352 0.0209392 -0.129312  0.616497 0.301816 0.220382 0.645882 0.0288315 -0.139754  0.654505   1.05046  -0.67181 -0.503494  -2.39865   1.86269    1.4563 -0.194813
  0.30215  0.231887  0.650346 0.0205799 -0.129667  0.616213   0.3008 0.221116 0.645863 0.0284978 -0.140058  0.654206   1.05202 -0.674618 -0.500845  -2.40174    1.8702     1.462 -0.197193
 0.301245  0.232722   0.65034 0.0202228  -0.13002  0.615932  0.29979 0.221844 0.645845 0.0281669 -0.140359  0.653911   1.05358 -0.677402 -0.498198  -2.40477   1.87768   1.46771  -0.19959
 0.300346  0.233551  0.650334 0.0198681 -0.130371  0.615653 0.298785 0.222565 0.645826 0.0278389 -0.140657  0.653619   1.05514 -0.680163 -0.495554  -2.40776   1.88512   1.47342 -0.202004
 0.299453  0.234375  0.650328 0.0195156 -0.130719  0.615375 0.297785  0.22328 0.645807 0.0275138 -0.140952   0.65333    1.0567   -0.6829 -0.492914   -2.4107   1.89253   1.47914 -0.204435
 0.298566  0.235194  0.650322 0.0191655 -0.131065  0.615099  0.29679 0.223987 0.645788 0.0271916 -0.141243  0.653045   1.05826 -0.685613 -0.490277  -2.41358    1.8999   1.48486 -0.206883
 0.297685  0.236006  0.650316 0.0188178 -0.131408  0.614825 0.295801 0.224689 0.645769 0.0268723 -0.141531  0.652763   1.05981 -0.688301 -0.487644  -2.41642   1.90724   1.49059 -0.209348
  0.29681  0.236814  0.650311 0.0184724 -0.131749  0.614553 0.294816 0.225383  0.64575  0.026556 -0.141815  0.652485   1.06137 -0.690964 -0.485017   -2.4192   1.91453   1.49632  -0.21183
 0.295941  0.237616  0.650305 0.0181295 -0.132088  0.614283 0.293838 0.226071 0.645731 0.0262427 -0.142097   0.65221   1.06292 -0.693602 -0.482394  -2.42194   1.92179   1.50205 -0.214328
 0.295078  0.238412  0.650299  0.017789 -0.132425  0.614015 0.292864 0.226751 0.645712 0.0259323 -0.142374  0.651939   1.06447 -0.696214 -0.479778  -2.42463     1.929   1.50777 -0.216843
 0.294221  0.239202  0.650293 0.0174509 -0.132759  0.613748 0.291897 0.227425 0.645693 0.0256249 -0.142649  0.651671   1.06601 -0.698801 -0.477167  -2.42726   1.93618   1.51349 -0.219374
 0.293371  0.239986  0.650288 0.0171154  -0.13309  0.613484 0.290935 0.228092 0.645673 0.0253205 -0.142919  0.651407   1.06756 -0.701361 -0.474563  -2.42985   1.94332   1.51921 -0.221921
 0.292527  0.240765  0.650282 0.0167823 -0.133419  0.613222 0.289978 0.228752 0.645654 0.0250192 -0.143187  0.651147    1.0691 -0.703896 -0.471967  -2.43239   1.95041   1.52492 -0.224484
 0.291689  0.241538  0.650277 0.0164518 -0.133746  0.612961 0.289028 0.229405 0.645634 0.0247208 -0.143451   0.65089   1.07063 -0.706404 -0.469378  -2.43488   1.95747   1.53062 -0.227062
 0.290858  0.242305  0.650271 0.0161238  -0.13407  0.612703 0.288083 0.230051 0.645615 0.0244255 -0.143711  0.650637   1.07216 -0.708885 -0.466797  -2.43732   1.96448   1.53632 -0.229656
 0.290034  0.243065  0.650266 0.0157984 -0.134391  0.612446 0.287144  0.23069 0.645595 0.0241333 -0.143968  0.650387   1.07368 -0.711339 -0.464225  -2.43972   1.97145     1.542 -0.232266
 0.289216   0.24382   0.65026 0.0154756  -0.13471  0.612192 0.286211 0.231322 0.645575  0.023844 -0.144222  0.650142    1.0752 -0.713765 -0.461662  -2.44206   1.97838   1.54766 -0.234891
 0.288404  0.244569  0.650255 0.0151554 -0.135027   0.61194 0.285284 0.231947 0.645555 0.0235579 -0.144472  0.649899   1.07671 -0.716165  -0.45911  -2.44436   1.98527   1.55332  -0.23753
   0.2876  0.245311  0.650249 0.0148379  -0.13534   0.61169 0.284364 0.232564 0.645535 0.0232749 -0.144719  0.649661   1.07822 -0.718536 -0.456567  -2.44662   1.99212   1.55895 -0.240185
 0.286802  0.246047  0.650244  0.014523 -0.135651  0.611442 0.283449 0.233175 0.645515 0.0229949 -0.144962  0.649426   1.07972  -0.72088 -0.454035  -2.44883   1.99892   1.56457 -0.242854
 0.286011  0.246777  0.650239 0.0142109  -0.13596  0.611196 0.282541 0.233778 0.645495  0.022718 -0.145202  0.649195   1.08121 -0.723196 -0.451515  -2.45099   2.00567   1.57016 -0.245537
 0.285227    0.2475  0.650234 0.0139014 -0.136266  0.610952 0.281639 0.234373 0.645475 0.0224441 -0.145438  0.648967   1.08269 -0.725483 -0.449006  -2.45311   2.01239   1.57574 -0.248235
 0.284449  0.248217  0.650229 0.0135947 -0.136569   0.61071 0.280743 0.234962 0.645455 0.0221734  -0.14567  0.648744   1.08417 -0.727742  -0.44651  -2.45518   2.01906   1.58129 -0.250946
 0.283679  0.248928  0.650223 0.0132908 -0.136869  0.610471 0.279854 0.235543 0.645435 0.0219058 -0.145899  0.648524   1.08564 -0.729973 -0.444026  -2.45721   2.02568   1.58681 -0.253672
 0.282916  0.249632  0.650218 0.0129896 -0.137166  0.610234 0.278972 0.236117 0.645415 0.0216413 -0.146125  0.648307   1.08709 -0.732175 -0.441556  -2.45919   2.03227    1.5923  -0.25641
  0.28216   0.25033  0.650213 0.0126912 -0.137461  0.609999 0.278096 0.236684 0.645394 0.0213799 -0.146347  0.648094   1.08854 -0.734348   -0.4391  -2.46113    2.0388   1.59777 -0.259162
 0.281411   0.25102  0.650208 0.0123957 -0.137753  0.609766 0.277227 0.237243 0.645374 0.0211215 -0.146566  0.647885   1.08998 -0.736493 -0.436658  -2.46303   2.04529   1.60321 -0.261926
  0.28067  0.251705  0.650203 0.0121031 -0.138042  0.609535 0.276365 0.237795 0.645353 0.0208663 -0.146781   0.64768   1.09141 -0.738608 -0.434231  -2.46489   2.05174   1.60861 -0.264704
 0.279935  0.252382  0.650199 0.0118133 -0.138329  0.609307  0.27551 0.238339 0.645333 0.0206143 -0.146992  0.647478   1.09283 -0.740694  -0.43182  -2.46671   2.05814   1.61398 -0.267493
 0.279208  0.253053  0.650194 0.0115264 -0.138612  0.609081 0.274661 0.238876 0.645313 0.0203652   -0.1472  0.647279   1.09424 -0.742751 -0.429424  -2.46849    2.0645   1.61931 -0.270295
 0.278489  0.253717  0.650189 0.0112425 -0.138893  0.608857  0.27382 0.239406 0.645292 0.0201194 -0.147405  0.647085   1.09563 -0.744779 -0.427045  -2.47022   2.07081    1.6246 -0.273108
 0.277777  0.254374  0.650184 0.0109615  -0.13917  0.608636 0.272986 0.239929 0.645271 0.0198766 -0.147605  0.646893   1.09702 -0.746777 -0.424683  -2.47192   2.07708   1.62985 -0.275933
 0.277072  0.255023   0.65018 0.0106834 -0.139445  0.608417 0.272159 0.240444 0.645251 0.0196369 -0.147803  0.646706   1.09839 -0.748746 -0.422338  -2.47358    2.0833   1.63506 -0.278769
 0.276375  0.255666  0.650175 0.0104084 -0.139717    0.6082  0.27134 0.240951  0.64523 0.0194003 -0.147997  0.646522   1.09975 -0.750686 -0.420011   -2.4752   2.08947   1.64023 -0.281615
 0.275686  0.256302   0.65017 0.0101364 -0.139985  0.607986 0.270527 0.241451  0.64521 0.0191668 -0.148187  0.646341    1.1011 -0.752596 -0.417702  -2.47678    2.0956   1.64535 -0.284472
  0.275004   0.256931   0.650166 0.00986746  -0.140251   0.607774 0.269723 0.241944 0.645189 0.0189364 -0.148374  0.646164   1.10244 -0.754477 -0.415412  -2.47833   2.10169   1.65042  -0.28734
  0.274331   0.257553   0.650161 0.00960156  -0.140514   0.607564 0.268926 0.242429 0.645169 0.0187091 -0.148558   0.64599   1.10376 -0.756329 -0.413141  -2.47984   2.10773   1.65545 -0.290217
  0.273665   0.258167   0.650157 0.00933876  -0.140773   0.607357 0.268136 0.242907 0.645148 0.0184849 -0.148738  0.645819   1.10507 -0.758151  -0.41089  -2.48132   2.11372   1.66042 -0.293103
  0.273007   0.258774   0.650153 0.00907907   -0.14103   0.607153 0.267355 0.243378 0.645128 0.0182637 -0.148914  0.645652   1.10636 -0.759944 -0.408659  -2.48276   2.11967   1.66535 -0.295999
  0.272357   0.259374   0.650148 0.00882253  -0.141283   0.606951 0.266581 0.243841 0.645107 0.0180456 -0.149087  0.645489   1.10764 -0.761708 -0.406449  -2.48417   2.12557   1.67022 -0.298903
  0.271714   0.259966   0.650144 0.00856914  -0.141534   0.606751 0.265815 0.244297 0.645087 0.0178305 -0.149257  0.645328   1.10891 -0.763442  -0.40426  -2.48555   2.13143   1.67503 -0.301816
   0.27108   0.260551    0.65014 0.00831894  -0.141781   0.606554 0.265058 0.244746 0.645067 0.0176185 -0.149423  0.645171   1.11016 -0.765148 -0.402092  -2.48689   2.13724   1.67979 -0.304737
  0.270455   0.261129   0.650136 0.00807194  -0.142025   0.606359 0.264308 0.245187 0.645047 0.0174096 -0.149586  0.645017    1.1114 -0.766824 -0.399946   -2.4882   2.14301    1.6845 -0.307665
  0.269837   0.261699   0.650132 0.00782818  -0.142266   0.606167 0.263566 0.245621 0.645026 0.0172036 -0.149745  0.644867   1.11262 -0.768471 -0.397822  -2.48948   2.14873   1.68914 -0.310601
  0.269227   0.262261   0.650128 0.00758768  -0.142503   0.605978 0.262833 0.246048 0.645006 0.0170007 -0.149902  0.644719   1.11383 -0.770089  -0.39572  -2.49074   2.15441   1.69372 -0.313543
  0.268626   0.262816   0.650124 0.00735045  -0.142738   0.605791 0.262109 0.246467 0.644986 0.0168008 -0.150054  0.644575   1.11502 -0.771679 -0.393642  -2.49196   2.16004   1.69824 -0.316492
  0.268033   0.263362    0.65012 0.00711652  -0.142969   0.605607 0.261392 0.246879 0.644966 0.0166039 -0.150204  0.644433   1.11619  -0.77324 -0.391586  -2.49315   2.16563    1.7027 -0.319446
  0.267449   0.263902   0.650116 0.00688592  -0.143197   0.605425 0.260685 0.247284 0.644946  0.01641 -0.15035 0.644295   1.11735 -0.774772 -0.389555  -2.49431   2.17118    1.7071 -0.322406
  0.266873   0.264433   0.650112 0.00665867  -0.143421   0.605246 0.259986 0.247682 0.644927 0.0162191 -0.150493   0.64416   1.11849 -0.776276 -0.387547  -2.49545   2.17668   1.71142 -0.325372
  0.266306   0.264956   0.650108 0.00643479  -0.143642    0.60507 0.259296 0.248073 0.644907 0.0160311 -0.150633  0.644027   1.11962 -0.777752 -0.385563  -2.49656   2.18213   1.71569 -0.328342
  0.265747   0.265472   0.650104 0.00621431   -0.14386   0.604896 0.258614 0.248457 0.644887 0.0158462 -0.150769  0.643898   1.12073   -0.7792 -0.383604  -2.49765   2.18755   1.71988 -0.331316
  0.265197   0.265979   0.650101 0.00599724  -0.144075   0.604725 0.257942 0.248833 0.644868 0.0156641 -0.150902  0.643771   1.12182  -0.78062  -0.38167  -2.49871   2.19292   1.72401 -0.334294
  0.264656   0.266479   0.650097 0.00578362  -0.144286   0.604557 0.257279 0.249202 0.644849 0.0154851 -0.151033  0.643647    1.1229 -0.782012 -0.379762  -2.49974   2.19825   1.72807 -0.337276
  0.264123    0.26697   0.650094 0.00557346  -0.144493   0.604391 0.256625 0.249565  0.64483 0.0153089  -0.15116  0.643526   1.12396 -0.783377 -0.377878  -2.50076   2.20353   1.73206  -0.34026
   0.2636  0.267453   0.65009 0.0053668 -0.144698  0.604228  0.25598  0.24992 0.644811 0.0151357 -0.151283  0.643408     1.125 -0.784714 -0.376021  -2.50174   2.20878   1.73598 -0.343247
  0.263085   0.267928   0.650087 0.00516364  -0.144898   0.604068 0.255344 0.250269 0.644792 0.0149653 -0.151404  0.643292   1.12603 -0.786024 -0.374189  -2.50271   2.21398   1.73983 -0.346236
  0.262579   0.268395   0.650083 0.00496403  -0.145096   0.603911 0.254718  0.25061 0.644774 0.0147979 -0.151522  0.643179   1.12703 -0.787308 -0.372383  -2.50365   2.21914    1.7436 -0.349226
  0.262082   0.268853    0.65008 0.00476797  -0.145289   0.603756 0.254101 0.250945 0.644755 0.0146334 -0.151637  0.643069   1.12802 -0.788564 -0.370604  -2.50457   2.22425   1.74731 -0.352218
  0.261594   0.269303   0.650077 0.00457549  -0.145479   0.603605 0.253494 0.251272 0.644737 0.0144718 -0.151749  0.642961     1.129 -0.789794 -0.368852  -2.50547   2.22933   1.75094  -0.35521
  0.261116   0.269745   0.650074 0.00438662  -0.145666   0.603456 0.252897 0.251593 0.644719  0.014313 -0.151858  0.642855   1.12995 -0.790998 -0.367126  -2.50636   2.23436    1.7545 -0.358203
  0.260646   0.270178   0.650071 0.00420139  -0.145849    0.60331  0.25231 0.251907 0.644701 0.0141571 -0.151963  0.642753   1.13089 -0.792176 -0.365428  -2.50722   2.23936   1.75798 -0.361195
 0.260186  0.270602  0.650068 0.0040198 -0.146028  0.603167 0.251732 0.252215 0.644684  0.014004 -0.152067  0.642652   1.13181 -0.793328 -0.363757  -2.50806   2.24431   1.76139 -0.364186
  0.259735   0.271018   0.650065 0.00384189  -0.146204   0.603027 0.251165 0.252515 0.644666 0.0138538 -0.152167  0.642554   1.13272 -0.794454 -0.362113  -2.50888   2.24923   1.76473 -0.367177
  0.259294   0.271425   0.650062 0.00366768  -0.146376    0.60289 0.250607 0.252809 0.644649 0.0137065 -0.152264  0.642458    1.1336 -0.795555 -0.360497  -2.50969   2.25411   1.76799 -0.370165
 0.258862  0.271824  0.650059 0.0034972 -0.146545  0.602755  0.25006 0.253096 0.644632 0.0135619 -0.152359  0.642365   1.13447  -0.79663 -0.358908  -2.51047   2.25894   1.77118 -0.373152
  0.258439   0.272214   0.650056 0.00333046   -0.14671   0.602624 0.249522 0.253377 0.644616 0.0134202 -0.152451  0.642273   1.13532 -0.797681 -0.357348  -2.51125   2.26374   1.77429 -0.376135
 0.258027  0.272595  0.650053 0.0031675 -0.146871  0.602495 0.248996 0.253651 0.644599 0.0132814  -0.15254  0.642184   1.13615 -0.798708 -0.355815    -2.512    2.2685   1.77733 -0.379116
  0.257623   0.272967   0.650051 0.00300832  -0.147028    0.60237 0.248479 0.253919 0.644583 0.0131453 -0.152627  0.642097   1.13697 -0.799709 -0.354311  -2.51274   2.27322   1.78029 -0.382093
  0.257229    0.27333   0.650048 0.00285297  -0.147181   0.602248 0.247974  0.25418 0.644568  0.013012 -0.152711  0.642012   1.13777 -0.800687 -0.352835  -2.51346   2.27791   1.78318 -0.385066
  0.256846   0.273684   0.650045 0.00270145  -0.147331   0.602128 0.247478 0.254435 0.644552 0.0128816 -0.152792   0.64193   1.13855 -0.801641 -0.351387  -2.51417   2.28256     1.786 -0.388035
 0.256471   0.27403  0.650043 0.0025538 -0.147477  0.602012 0.246994 0.254683 0.644537 0.0127539 -0.152871  0.641849   1.13931 -0.802571 -0.349967  -2.51486   2.28717   1.78874 -0.390999
  0.256107   0.274366   0.650041 0.00241004  -0.147619   0.601899  0.24652 0.254924 0.644522  0.012629 -0.152948   0.64177   1.14006 -0.803477 -0.348577  -2.51553   2.29174   1.79141 -0.393957
  0.255753   0.274693   0.650038 0.00227018  -0.147757   0.601789 0.246057  0.25516 0.644507  0.012507 -0.153022  0.641694   1.14078 -0.804361 -0.347215   -2.5162   2.29628     1.794  -0.39691
  0.255408    0.27501   0.650036 0.00213426  -0.147891   0.601681 0.245605 0.255389 0.644493 0.0123877 -0.153093  0.641619    1.1415 -0.805221 -0.345881  -2.51685   2.30078   1.79653 -0.399856
 0.255074  0.275319  0.650034 0.0020023 -0.148022  0.601577 0.245164 0.255612 0.644479 0.0122712 -0.153162  0.641546   1.14219 -0.806059 -0.344577  -2.51748   2.30525   1.79898 -0.402795
   0.25475   0.275618   0.650032 0.00187432  -0.148148   0.601477 0.244735 0.255828 0.644465 0.0121574 -0.153229  0.641475   1.14287 -0.806874 -0.343301  -2.51811   2.30968   1.80135 -0.405727
  0.254435   0.275908   0.650029 0.00175035  -0.148271   0.601379 0.244316 0.256038 0.644452 0.0120465 -0.153294  0.641406   1.14353 -0.807666 -0.342054  -2.51872   2.31408   1.80366 -0.408652
 0.254131  0.276188  0.650027 0.0016304 -0.148389  0.601284 0.243909 0.256242 0.644439 0.0119384 -0.153356  0.641339   1.14417 -0.808437 -0.340837  -2.51931   2.31845    1.8059 -0.411568
  0.253838   0.276459   0.650025 0.00151451  -0.148504   0.601193 0.243513  0.25644 0.644426  0.011833 -0.153416  0.641273    1.1448 -0.809186 -0.339648   -2.5199   2.32278   1.80806 -0.414476
  0.253554   0.276721   0.650024 0.00140269  -0.148614   0.601105 0.243129 0.256632 0.644413 0.0117304 -0.153473   0.64121   1.14541 -0.809913 -0.338488  -2.52047   2.32708   1.81016 -0.417374
  0.253281   0.276973   0.650022 0.00129496  -0.148721    0.60102 0.242756 0.256817 0.644401 0.0116306 -0.153529  0.641148     1.146 -0.810619 -0.337358  -2.52103   2.33134   1.81218 -0.420264
  0.253019   0.277215    0.65002 0.00119136  -0.148823   0.600939 0.242395 0.256997  0.64439 0.0115336 -0.153582  0.641087   1.14658 -0.811304 -0.336256  -2.52158   2.33558   1.81414 -0.423143
  0.252767   0.277447   0.650018 0.00109191  -0.148921    0.60086 0.242045  0.25717 0.644378 0.0114394 -0.153633  0.641029   1.14714 -0.811968 -0.335184  -2.52212   2.33978   1.81603 -0.426012
  0.252525    0.27767   0.650017 0.00099662  -0.149015   0.600785 0.241707 0.257337 0.644368  0.011348 -0.153683  0.640972   1.14769 -0.812611 -0.334142  -2.52265   2.34395   1.81786 -0.428871
   0.252295    0.277883    0.650015 0.000905525   -0.149105    0.600713 0.241382 0.257499 0.644357 0.0112593  -0.15373  0.640916   1.14822 -0.813233 -0.333128  -2.52316   2.34809   1.81961 -0.431718
   0.252074    0.278086    0.650014 0.000818645   -0.149191    0.600645 0.241068 0.257654 0.644347 0.0111735 -0.153775  0.640862   1.14873 -0.813835 -0.332144  -2.52367    2.3522    1.8213 -0.434554
   0.251865    0.278279    0.650012 0.000736004   -0.149273     0.60058 0.240766 0.257803 0.644337 0.0110905 -0.153818   0.64081   1.14923 -0.814417 -0.331189  -2.52416   2.35627   1.82293 -0.437377
   0.251666    0.278463    0.650011 0.000657626    -0.14935    0.600518 0.240476 0.257946 0.644328 0.0110103 -0.153859  0.640759   1.14971 -0.814978 -0.330263  -2.52465   2.36032   1.82449 -0.440189
   0.251479    0.278636     0.65001 0.000583533   -0.149423     0.60046 0.240198 0.258084 0.644319 0.0109329 -0.153898   0.64071   1.15018  -0.81552 -0.329367  -2.52512   2.36434   1.82599 -0.442988
   0.251302    0.278799    0.650009 0.000513749   -0.149492    0.600405 0.239933 0.258215  0.64431 0.0108583 -0.153936  0.640663   1.15063 -0.816042   -0.3285  -2.52558   2.36833   1.82743 -0.445773
   0.251136    0.278952    0.650008 0.000448297   -0.149557    0.600353  0.23968  0.25834 0.644302 0.0107866 -0.153971  0.640617   1.15107 -0.816545 -0.327662  -2.52604   2.37229   1.82881 -0.448546
   0.250981    0.279095    0.650007 0.000387202   -0.149617    0.600305 0.239439 0.258459 0.644294 0.0107177 -0.154005  0.640572   1.15149 -0.817028 -0.326854  -2.52648   2.37622   1.83012 -0.451304
   0.250837    0.279227    0.650006 0.000330485   -0.149673     0.60026 0.239211 0.258573 0.644287 0.0106516 -0.154036  0.640529    1.1519 -0.817492 -0.326075  -2.52691   2.38012   1.83138 -0.454048
   0.250705     0.27935    0.650005 0.000278172   -0.149725    0.600219 0.238996  0.25868  0.64428 0.0105884 -0.154066  0.640487   1.15229 -0.817937 -0.325326  -2.52733   2.38399   1.83257 -0.456778
   0.250584    0.279462    0.650004 0.000230284   -0.149772    0.600181 0.238793 0.258782 0.644274 0.0105281 -0.154095  0.640447   1.15267 -0.818363 -0.324606  -2.52775   2.38784   1.83371 -0.459492
   0.250473    0.279563    0.650003 0.000186847   -0.149815    0.600147 0.238603 0.258878 0.644268 0.0104706 -0.154121  0.640408   1.15303  -0.81877 -0.323916  -2.52815   2.39166   1.83479 -0.462191
   0.250375    0.279654    0.650002 0.000147882   -0.149854    0.600117 0.238425 0.258968 0.644262  0.010416 -0.154146  0.640371   1.15338 -0.819159 -0.323255  -2.52854   2.39545   1.83581 -0.464875
   0.250287    0.279735    0.650002 0.000113413   -0.149888    0.600089 0.238261 0.259052 0.644257 0.0103643 -0.154169  0.640335   1.15371 -0.819528 -0.322624  -2.52893   2.39922   1.83678 -0.467543
   0.250212    0.279805    0.650001 8.34644e-05   -0.149918    0.600066 0.238109  0.25913 0.644252 0.0103154  -0.15419    0.6403   1.15403  -0.81988 -0.322022   -2.5293   2.40296   1.83769 -0.470195
  0.250147   0.279864   0.650001 5.8059e-05  -0.149943   0.600046 0.237971 0.259202 0.644248 0.0102695  -0.15421  0.640267   1.15434 -0.820213 -0.321449  -2.52967   2.40667   1.83855 -0.472829
   0.250094    0.279913    0.650001 3.72202e-05   -0.149963    0.600029 0.237845 0.259268 0.644245 0.0102265 -0.154228  0.640235   1.15463 -0.820528 -0.320907  -2.53002   2.41036   1.83936 -0.475448
   0.250053    0.279951        0.65 2.09715e-05   -0.149979    0.600017 0.237733 0.259328 0.644241 0.0101864 -0.154244  0.640205   1.15491 -0.820824 -0.320393  -2.53037   2.41402   1.84011 -0.478048
   0.250024    0.279978        0.65 9.33628e-06   -0.149991    0.600007 0.237634 0.259383 0.644239 0.0101492 -0.154259  0.640175   1.15517 -0.821103  -0.31991   -2.5307   2.41766   1.84081 -0.480632
   0.250006    0.279995        0.65 2.33797e-06   -0.149998    0.600002 0.237549 0.259431 0.644236  0.010115 -0.154272  0.640148   1.15542 -0.821363 -0.319456  -2.53103   2.42127   1.84146 -0.483197
        0.25         0.28         0.65 -2.77556e-17        -0.15          0.6 0.237476 0.259474 0.644234 0.0100837 -0.154284  0.640121   1.15566 -0.821606 -0.319031  -2.53134   2.42486   1.84206 -0.485745
 0.25  0.28  0.65     0 -0.15   0.6 0.237418 0.259511 0.644233 0.0100554 -0.154294  0.640096   1.15588  -0.82183 -0.318636  -2.53165   2.42842   1.84261 -0.488274
 0.25  0.28  0.65     0 -0.15   0.6 0.237372 0.259541 0.644232 0.0100301 -0.154302  0.640073   1.15609 -0.822037 -0.318271  -2.53194   2.43196   1.84311 -0.490785
 0.25  0.28  0.65     0 -0.15   0.6 0.237337 0.259568 0.644232 0.0100072 -0.154309   0.64005   1.15629  -0.82223 -0.317929  -2.53223   2.43548   1.84356 -0.493277
 0.25  0.28  0.65     0 -0.15   0.6 0.237309 0.259591 0.644232 0.00998653  -0.154315   0.640028   1.15649 -0.822411 -0.317607  -2.53252   2.43897   1.84397 -0.495751
 0.25  0.28  0.65     0 -0.15   0.6 0.237287 0.259611 0.644232 0.00996784   -0.15432   0.640007   1.15667 -0.822581 -0.317303   -2.5328   2.44244   1.84434 -0.498207
 0.25  0.28  0.65     0 -0.15   0.6 0.237271 0.259629 0.644232 0.00995094  -0.154324   0.639986   1.15685 -0.822742 -0.317013  -2.53308   2.44589   1.84466 -0.500645
 0.25  0.28  0.65     0 -0.15   0.6 0.237258 0.259645 0.644233 0.00993562  -0.154328   0.639966   1.15703 -0.822895 -0.316737  -2.53335   2.44931   1.84495 -0.503064
 0.25  0.28  0.65     0 -0.15   0.6 0.237249  0.25966 0.644234 0.00992171   -0.15433   0.639947    1.1572 -0.823041 -0.316473  -2.53363   2.45271    1.8452 -0.505466
 0.25  0.28  0.65     0 -0.15   0.6 0.237242 0.259673 0.644235 0.00990907  -0.154332   0.639928   1.15737  -0.82318 -0.316219   -2.5339   2.45608   1.84541 -0.507849
 0.25  0.28  0.65     0 -0.15   0.6 0.237237 0.259686 0.644236 0.00989757  -0.154333   0.639909   1.15754 -0.823314 -0.315974  -2.53418   2.45944    1.8456 -0.510215
 0.25  0.28  0.65     0 -0.15   0.6 0.237234 0.259697 0.644238 0.00988707  -0.154334    0.63989    1.1577 -0.823443 -0.315738  -2.53445   2.46277   1.84575 -0.512563
 0.25  0.28  0.65     0 -0.15   0.6 0.237233 0.259707 0.644239 0.00987748  -0.154334   0.639871   1.15786 -0.823567 -0.315509  -2.53472   2.46608   1.84586 -0.514894
 0.25  0.28  0.65     0 -0.15   0.6 0.237232 0.259717 0.644241 0.00986871  -0.154333   0.639853   1.15802 -0.823687 -0.315286    -2.535   2.46937   1.84595 -0.517207
 0.25  0.28  0.65     0 -0.15   0.6 0.237232 0.259727 0.644243 0.00986067  -0.154332   0.639835   1.15817 -0.823804  -0.31507  -2.53527   2.47263   1.84602 -0.519503
 0.25  0.28  0.65     0 -0.15   0.6 0.237233 0.259735 0.644244 0.00985327  -0.154331   0.639817   1.15833 -0.823917 -0.314858  -2.53555   2.47588   1.84605 -0.521782
 0.25  0.28  0.65     0 -0.15   0.6 0.237234 0.259744 0.644246 0.00984648  -0.154329   0.639799   1.15848 -0.824027 -0.314652  -2.53582   2.47911   1.84607 -0.524044
 0.25  0.28  0.65     0 -0.15   0.6 0.237236 0.259751 0.644248 0.00984022  -0.154327   0.639782   1.15863 -0.824134 -0.314451   -2.5361   2.48231   1.84605 -0.526289
 0.25  0.28  0.65     0 -0.15   0.6 0.237238 0.259759 0.644249 0.00983444  -0.154325   0.639764   1.15877 -0.824239 -0.314253  -2.53637    2.4855   1.84602 -0.528517
 0.25  0.28  0.65     0 -0.15   0.6  0.23724 0.259766 0.644251 0.00982909  -0.154322   0.639747   1.15892  -0.82434  -0.31406  -2.53665   2.48866   1.84597 -0.530729
 0.25  0.28  0.65     0 -0.15   0.6 0.237243 0.259773 0.644253 0.00982413  -0.154319    0.63973   1.15907  -0.82444  -0.31387  -2.53692   2.49181   1.84589 -0.532924
 0.25  0.28  0.65     0 -0.15   0.6 0.237245 0.259779 0.644254 0.00981954  -0.154316   0.639712   1.15921 -0.824538 -0.313683   -2.5372   2.49494    1.8458 -0.535103
 0.25  0.28  0.65     0 -0.15   0.6 0.237248 0.259785 0.644256 0.00981528  -0.154313   0.639695   1.15935 -0.824633 -0.313499  -2.53748   2.49804   1.84569 -0.537266
 0.25  0.28  0.65     0 -0.15   0.6  0.23725 0.259791 0.644258 0.00981131  -0.154309   0.639678   1.15949 -0.824726 -0.313318  -2.53776   2.50113   1.84556 -0.539412
 0.25  0.28  0.65     0 -0.15   0.6 0.237253 0.259797 0.644259 0.00980761  -0.154305   0.639662   1.15963 -0.824818  -0.31314  -2.53803    2.5042   1.84542 -0.541543
 0.25  0.28  0.65     0 -0.15   0.6 0.237255 0.259802 0.644261 0.00980419  -0.154301   0.639645   1.15977 -0.824908 -0.312964  -2.53831   2.50725   1.84526 -0.543658
 0.25  0.28  0.65     0 -0.15   0.6 0.237258 0.259807 0.644263 0.00980097  -0.154296   0.639628    1.1599 -0.824997  -0.31279  -2.53859   2.51028   1.84508 -0.545757
 0.25  0.28  0.65     0 -0.15   0.6 0.237261 0.259812 0.644264 0.00979799  -0.154291   0.639612   1.16004 -0.825084 -0.312619  -2.53886    2.5133    1.8449  -0.54784
 0.25  0.28  0.65     0 -0.15   0.6 0.237263 0.259817 0.644266 0.00979519  -0.154287   0.639595   1.16017 -0.825169  -0.31245  -2.53914   2.51629    1.8447 -0.549908
 0.25  0.28  0.65     0 -0.15   0.6 0.237265 0.259821 0.644267 0.00979256  -0.154282   0.639579   1.16031 -0.825253 -0.312282  -2.53942   2.51927   1.84449 -0.551961
 0.25  0.28  0.65     0 -0.15   0.6 0.237268 0.259826 0.644269 0.00979012  -0.154276   0.639562   1.16044 -0.825336 -0.312116   -2.5397   2.52223   1.84427 -0.553998
 0.25  0.28  0.65     0 -0.15   0.6  0.23727  0.25983 0.644271 0.00978785  -0.154271   0.639546   1.16057 -0.825417 -0.311952  -2.53997   2.52518   1.84404  -0.55602
 0.25  0.28  0.65     0 -0.15   0.6 0.237272 0.259834 0.644272 0.0097857 -0.154266   0.63953    1.1607 -0.825498  -0.31179  -2.54025    2.5281    1.8438 -0.558027
 0.25  0.28  0.65     0 -0.15   0.6 0.237274 0.259838 0.644273 0.00978371   -0.15426   0.639514   1.16083 -0.825577 -0.311629  -2.54052   2.53101   1.84355 -0.560019
 0.25  0.28  0.65     0 -0.15   0.6 0.237276 0.259841 0.644275 0.00978185  -0.154254   0.639498   1.16096 -0.825655 -0.311469   -2.5408    2.5339   1.84329 -0.561996
 0.25  0.28  0.65     0 -0.15   0.6 0.237278 0.259845 0.644276 0.0097801 -0.154248  0.639482   1.16108 -0.825732 -0.311311  -2.54107   2.53678   1.84302 -0.563959
 0.25  0.28  0.65     0 -0.15   0.6  0.23728 0.259848 0.644278 0.00977847  -0.154242   0.639467   1.16121 -0.825808 -0.311154  -2.54134   2.53963   1.84275 -0.565907
 0.25  0.28  0.65     0 -0.15   0.6 0.237282 0.259851 0.644279 0.00977696  -0.154236   0.639451   1.16134 -0.825883 -0.310999  -2.54161   2.54248   1.84247  -0.56784
 0.25  0.28  0.65     0 -0.15   0.6 0.237284 0.259854  0.64428 0.00977555   -0.15423   0.639436   1.16146 -0.825957 -0.310844  -2.54189    2.5453   1.84218 -0.569759
 0.25  0.28  0.65     0 -0.15   0.6 0.237285 0.259857 0.644281 0.00977422  -0.154224   0.639421   1.16159  -0.82603 -0.310691  -2.54216   2.54811   1.84189 -0.571663
 0.25  0.28  0.65     0 -0.15   0.6 0.237287 0.259859 0.644283 0.00977301  -0.154217   0.639405   1.16171 -0.826102 -0.310539  -2.54243    2.5509    1.8416 -0.573554
 0.25  0.28  0.65     0 -0.15   0.6 0.237288 0.259862 0.644284 0.00977186  -0.154211    0.63939   1.16183 -0.826174 -0.310387  -2.54269   2.55367   1.84129  -0.57543
 0.25  0.28  0.65     0 -0.15   0.6  0.23729 0.259864 0.644285 0.00977081  -0.154204   0.639375   1.16196 -0.826244 -0.310237  -2.54296   2.55643   1.84099 -0.577292
 0.25  0.28  0.65     0 -0.15   0.6 0.237291 0.259867 0.644286 0.00976982  -0.154198    0.63936   1.16208 -0.826314 -0.310087  -2.54323   2.55918   1.84068  -0.57914
 0.25  0.28  0.65     0 -0.15   0.6 0.237293 0.259869 0.644287 0.00976893  -0.154191   0.639346    1.1622 -0.826383 -0.309939  -2.54349    2.5619   1.84036 -0.580974
 0.25  0.28  0.65     0 -0.15   0.6 0.237294 0.259871 0.644289 0.0097681 -0.154184  0.639331   1.16232 -0.826452 -0.309791  -2.54375   2.56461   1.84005 -0.582795
 0.25  0.28  0.65     0 -0.15   0.6 0.237295 0.259873  0.64429 0.00976734  -0.154177   0.639316   1.16244  -0.82652 -0.309644  -2.54402   2.56731   1.83973 -0.584602
 0.25  0.28  0.65     0 -0.15   0.6 0.237296 0.259875 0.644291 0.00976665  -0.154171   0.639302   1.16256 -0.826587 -0.309498  -2.54428   2.56999    1.8394 -0.586395
 0.25  0.28  0.65     0 -0.15   0.6 0.237297 0.259876 0.644292 0.00976602  -0.154164   0.639288   1.16268 -0.826653 -0.309353  -2.54454   2.57265   1.83908 -0.588174
 0.25  0.28  0.65     0 -0.15   0.6 0.237298 0.259878 0.644293 0.00976544  -0.154157   0.639273    1.1628 -0.826719 -0.309208  -2.54479    2.5753   1.83875 -0.589941
 0.25  0.28  0.65     0 -0.15   0.6 0.237299  0.25988 0.644294 0.00976493   -0.15415   0.639259   1.16292 -0.826784 -0.309064  -2.54505   2.57793   1.83843 -0.591694
 0.25  0.28  0.65     0 -0.15   0.6   0.2373 0.259881 0.644295 0.00976446  -0.154143   0.639245   1.16304 -0.826848 -0.308921   -2.5453   2.58055    1.8381 -0.593434
 0.25  0.28  0.65     0 -0.15   0.6 0.237301 0.259882 0.644296 0.00976406  -0.154136   0.639231   1.16315 -0.826912 -0.308778  -2.54556   2.58315   1.83776  -0.59516
 0.25  0.28  0.65     0 -0.15   0.6 0.237302 0.259884 0.644297 0.00976371  -0.154129   0.639218   1.16327 -0.826976 -0.308636  -2.54581   2.58574   1.83743 -0.596874
 0.25  0.28  0.65     0 -0.15   0.6 0.237303 0.259885 0.644298 0.0097634 -0.154121  0.639204   1.16339 -0.827038 -0.308495  -2.54606   2.58831    1.8371 -0.598574
 0.25  0.28  0.65     0 -0.15   0.6 0.237303 0.259886 0.644299 0.00976315  -0.154114   0.639191   1.16351 -0.827101 -0.308354  -2.54631   2.59087   1.83677 -0.600262
 0.25  0.28  0.65     0 -0.15   0.6 0.237304 0.259887   0.6443 0.00976294  -0.154107   0.639177   1.16362 -0.827162 -0.308214  -2.54656   2.59341   1.83643 -0.601937
 0.25  0.28  0.65     0 -0.15   0.6 0.237305 0.259888 0.644301 0.00976276    -0.1541   0.639164   1.16374 -0.827224 -0.308074   -2.5468   2.59594    1.8361 -0.603599
 0.25  0.28  0.65     0 -0.15   0.6 0.237305 0.259889 0.644302 0.00976264  -0.154093   0.639151   1.16386 -0.827284 -0.307935  -2.54704   2.59845   1.83577 -0.605249
 0.25  0.28  0.65     0 -0.15   0.6 0.237306  0.25989 0.644303 0.00976255  -0.154086   0.639138   1.16397 -0.827345 -0.307797  -2.54729   2.60095   1.83544 -0.606886
 0.25  0.28  0.65     0 -0.15   0.6 0.237306  0.25989 0.644303 0.00976249  -0.154079   0.639125   1.16409 -0.827404 -0.307659  -2.54753   2.60343    1.8351  -0.60851
 0.25  0.28  0.65     0 -0.15   0.6 0.237307 0.259891 0.644304 0.00976249  -0.154071   0.639112    1.1642 -0.827464 -0.307521  -2.54776    2.6059   1.83477 -0.610123
 0.25  0.28  0.65     0 -0.15   0.6 0.237307 0.259892 0.644305 0.0097625 -0.154064    0.6391   1.16432 -0.827523 -0.307384    -2.548   2.60836   1.83444 -0.611723
 0.25  0.28  0.65     0 -0.15   0.6 0.237308 0.259892 0.644306 0.00976257  -0.154057   0.639087   1.16443 -0.827581 -0.307248  -2.54823    2.6108   1.83411  -0.61331
 0.25  0.28  0.65     0 -0.15   0.6 0.237308 0.259893 0.644307 0.00976265   -0.15405   0.639075   1.16455 -0.827639 -0.307112  -2.54847   2.61322   1.83379 -0.614886
 0.25  0.28  0.65     0 -0.15   0.6 0.237309 0.259893 0.644307 0.00976276  -0.154043   0.639062   1.16466 -0.827697 -0.306977   -2.5487   2.61563   1.83346 -0.616449
 0.25  0.28  0.65     0 -0.15   0.6 0.237309 0.259893 0.644308 0.00976291  -0.154036    0.63905   1.16477 -0.827754 -0.306842  -2.54893   2.61803   1.83313 -0.618001
 0.25  0.28  0.65     0 -0.15   0.6 0.237309 0.259894 0.644309 0.0097631 -0.154028  0.639038   1.16489 -0.827811 -0.306707  -2.54916   2.62041   1.83281  -0.61954
 0.25  0.28  0.65     0 -0.15   0.6 0.237309 0.259894  0.64431 0.00976331  -0.154021   0.639026     1.165 -0.827867 -0.306573  -2.54938   2.62278   1.83249 -0.621068
 0.25  0.28  0.65     0 -0.15   0.6  0.23731 0.259894 0.644311 0.00976353  -0.154014   0.639014   1.16511 -0.827923 -0.306439   -2.5496   2.62513   1.83216 -0.622584
 0.25  0.28  0.65     0 -0.15   0.6  0.23731 0.259894 0.644311 0.00976378  -0.154007   0.639003   1.16523 -0.827979 -0.306306  -2.54983   2.62747   1.83185 -0.624089
 0.25  0.28  0.65     0 -0.15   0.6  0.23731 0.259895 0.644312 0.00976408     -0.154   0.638991   1.16534 -0.828034 -0.306174  -2.55005    2.6298   1.83153 -0.625581
 0.25  0.28  0.65     0 -0.15   0.6  0.23731 0.259895 0.644313 0.00976438  -0.153993   0.638979   1.16545 -0.828089 -0.306041  -2.55027   2.63211   1.83121 -0.627063
 0.25  0.28  0.65     0 -0.15   0.6  0.23731 0.259895 0.644313 0.0097647 -0.153986  0.638968   1.16557 -0.828144  -0.30591  -2.55048   2.63441    1.8309 -0.628532
 0.25  0.28  0.65     0 -0.15   0.6  0.23731 0.259895 0.644314 0.00976506  -0.153979   0.638957   1.16568 -0.828198 -0.305778   -2.5507   2.63669   1.83059 -0.629991
 0.25  0.28  0.65     0 -0.15   0.6  0.23731 0.259895 0.644315 0.00976543  -0.153972   0.638946   1.16579 -0.828252 -0.305647  -2.55091   2.63896   1.83028 -0.631438
 0.25  0.28  0.65     0 -0.15   0.6  0.23731 0.259895 0.644315 0.00976583  -0.153965   0.638935    1.1659 -0.828305 -0.305517  -2.55112   2.64122   1.82997 -0.632874
 0.25  0.28  0.65     0 -0.15   0.6 0.237311 0.259895 0.644316 0.00976624  -0.153958   0.638924   1.16601 -0.828358 -0.305387  -2.55133   2.64346   1.82967 -0.634299
 0.25  0.28  0.65     0 -0.15   0.6 0.237311 0.259894 0.644317 0.00976666  -0.153951   0.638913   1.16612 -0.828411 -0.305257  -2.55154   2.64569   1.82937 -0.635713
 0.25  0.28  0.65     0 -0.15   0.6  0.23731 0.259894 0.644317 0.00976712  -0.153944   0.638902   1.16624 -0.828464 -0.305128  -2.55174   2.64791   1.82907 -0.637115
 0.25  0.28  0.65     0 -0.15   0.6  0.23731 0.259894 0.644318 0.00976758  -0.153938   0.638892   1.16635 -0.828516    -0.305  -2.55194   2.65011   1.82877 -0.638507
 0.25  0.28  0.65     0 -0.15   0.6  0.23731 0.259894 0.644319 0.00976806  -0.153931   0.638881   1.16646 -0.828568 -0.304871  -2.55215    2.6523   1.82847 -0.639888
 0.25  0.28  0.65     0 -0.15   0.6  0.23731 0.259893 0.644319 0.00976856  -0.153924   0.638871   1.16657 -0.828619 -0.304743  -2.55234   2.65448   1.82818 -0.641258
 0.25  0.28  0.65     0 -0.15   0.6  0.23731 0.259893  0.64432 0.00976907  -0.153917   0.638861   1.16668 -0.828671 -0.304616  -2.55254   2.65664   1.82789 -0.642618
 0.25  0.28  0.65     0 -0.15   0.6  0.23731 0.259893  0.64432 0.00976959  -0.153911   0.638851   1.16679 -0.828721 -0.304489  -2.55274   2.65879    1.8276 -0.643967
 0.25  0.28  0.65     0 -0.15   0.6  0.23731 0.259892 0.644321 0.00977014  -0.153904    0.63884    1.1669 -0.828772 -0.304363  -2.55293   2.66093   1.82732 -0.645305
 0.25  0.28  0.65     0 -0.15   0.6  0.23731 0.259892 0.644322 0.00977068  -0.153897   0.638831   1.16701 -0.828822 -0.304237  -2.55312   2.66305   1.82704 -0.646633
 0.25  0.28  0.65     0 -0.15   0.6  0.23731 0.259892 0.644322 0.00977125  -0.153891   0.638821   1.16711 -0.828872 -0.304111  -2.55331   2.66517   1.82676  -0.64795
 0.25  0.28  0.65     0 -0.15   0.6  0.23731 0.259891 0.644323 0.00977183  -0.153884   0.638811   1.16722 -0.828922 -0.303986   -2.5535   2.66726   1.82648 -0.649258
 0.25  0.28  0.65     0 -0.15   0.6 0.237309 0.259891 0.644323 0.00977242  -0.153878   0.638801   1.16733 -0.828972 -0.303861  -2.55369   2.66935   1.82621 -0.650554
 0.25  0.28  0.65     0 -0.15   0.6 0.237309  0.25989 0.644324 0.00977302  -0.153871   0.638792   1.16744 -0.829021 -0.303737  -2.55387   2.67142   1.82594 -0.651841
 0.25  0.28  0.65     0 -0.15   0.6 0.237309  0.25989 0.644324 0.00977364  -0.153865   0.638783   1.16755  -0.82907 -0.303613  -2.55406   2.67348   1.82567 -0.653117
 0.25  0.28  0.65     0 -0.15   0.6 0.237309 0.259889 0.644325 0.00977426  -0.153858   0.638773   1.16766 -0.829118  -0.30349  -2.55424   2.67553   1.82541 -0.654384
 0.25  0.28  0.65     0 -0.15   0.6 0.237308 0.259889 0.644325 0.00977489  -0.153852   0.638764   1.16776 -0.829167 -0.303367  -2.55442   2.67756   1.82514  -0.65564
 0.25  0.28  0.65     0 -0.15   0.6 0.237308 0.259888 0.644326 0.00977552  -0.153846   0.638755   1.16787 -0.829215 -0.303244   -2.5546   2.67958   1.82488 -0.656887
 0.25  0.28  0.65     0 -0.15   0.6 0.237308 0.259888 0.644326 0.00977618   -0.15384   0.638746   1.16798 -0.829262 -0.303122  -2.55477   2.68159   1.82463 -0.658123
 0.25  0.28  0.65     0 -0.15   0.6 0.237308 0.259887 0.644327 0.00977684  -0.153833   0.638737  1.16808 -0.82931   -0.303 -2.55495  2.68359  1.82437 -0.65935
 0.25  0.28  0.65     0 -0.15   0.6 0.237307 0.259886 0.644327 0.00977749  -0.153827   0.638728   1.16819 -0.829357 -0.302879  -2.55512   2.68557   1.82412 -0.660567
 0.25  0.28  0.65     0 -0.15   0.6 0.237307 0.259886 0.644328 0.00977817  -0.153821    0.63872    1.1683 -0.829404 -0.302759  -2.55529   2.68754   1.82387 -0.661775
 0.25  0.28  0.65     0 -0.15   0.6 0.237307 0.259885 0.644328 0.00977883  -0.153815   0.638711    1.1684  -0.82945 -0.302638  -2.55546    2.6895   1.82363 -0.662973
