 0.5665  -0.012  0.6521  0.1249 -0.0266  0.6984 0.5665 -0.012 0.6521  0.1249 -0.0266  0.6984 0  1.56265e-16 -1.03507e-16 -3.37652e-17      -1.5708 -1.27153e-17       1.5708 -5.73748e-17
  0.566494 -0.0119945     0.6521   0.124898 -0.0266023   0.698398 0.5665 -0.012 0.6521  0.1249 -0.0266  0.6984 0  1.29547e-16 -6.69069e-17 -2.72149e-17      -1.5708 -9.29123e-18       1.5708 -4.65465e-17
  0.566476 -0.0119782     0.6521   0.124891 -0.0266092   0.698393 0.5665 -0.012 0.6521  0.1249 -0.0266  0.6984 0  1.33386e-16 -8.01998e-17 -2.85891e-17      -1.5708 -1.03759e-17       1.5708 -4.86436e-17
  0.566447  -0.011951     0.6521   0.124879 -0.0266207   0.698383   0.566498 -0.0119978     0.6521   0.124898 -0.0265995   0.698401 0 1.89335e-06 -6.3764e-06  1.8934e-06     -1.5708 5.03494e-07     1.57079 4.79465e-07
  0.566406  -0.011913   0.652099   0.124863 -0.0266368   0.698371   0.566493 -0.0119937     0.6521   0.124894 -0.0265986   0.698402 0  5.49045e-06 -1.84904e-05  5.49045e-06     -1.57082  1.46072e-06      1.57078  1.39042e-06
  0.566353 -0.0118643   0.652099   0.124842 -0.0266574   0.698354   0.566486 -0.0119874     0.6521   0.124889 -0.0265973   0.698403 0  1.09617e-05 -3.69163e-05  1.09617e-05     -1.57083  2.91648e-06      1.57077  2.77596e-06
  0.566289 -0.0118049   0.652099   0.124817 -0.0266825   0.698334   0.566477 -0.0119788     0.6521   0.124881 -0.0265954   0.698405 0  1.84113e-05 -6.20043e-05  1.84113e-05     -1.57086  4.89862e-06      1.57075  4.66245e-06
  0.566213 -0.0117349   0.652098   0.124787 -0.0267121   0.698311   0.566465 -0.0119678     0.6521  0.124872 -0.026593  0.698408 0  2.79521e-05 -9.41338e-05  2.79523e-05     -1.57089  7.43709e-06      1.57072  7.07837e-06
  0.566125 -0.0116543   0.652097   0.124752 -0.0267461   0.698283    0.56645 -0.0119543     0.6521    0.12486 -0.0265901   0.698411 0  3.96923e-05 -0.000133668  3.96929e-05     -1.57093  1.05606e-05      1.57069   1.0051e-05
  0.566027 -0.0115632   0.652097   0.124713 -0.0267846   0.698253   0.566433 -0.0119381     0.6521   0.124846 -0.0265866   0.698415 0  5.37379e-05 -0.000180964  5.37394e-05     -1.57098  1.42976e-05      1.57066  1.36071e-05
  0.565916 -0.0114616   0.652096    0.12467 -0.0268275   0.698219   0.566412 -0.0119192   0.652099   0.124829 -0.0265825   0.698419 0 7.01927e-05 -0.00023637 7.01955e-05    -1.57104 1.86755e-05     1.57062 1.77727e-05
  0.565795 -0.0113497   0.652095   0.124622 -0.0268748   0.698181   0.566389 -0.0118974   0.652099    0.12481 -0.0265777   0.698425 0  8.91576e-05 -0.000300224  8.91627e-05      -1.5711  2.37211e-05      1.57057  2.25731e-05
  0.565663 -0.0112274   0.652094    0.12457 -0.0269265    0.69814   0.566362 -0.0118726   0.652099   0.124788 -0.0265723    0.69843 0  0.000110732 -0.000372857   0.00011074     -1.57117  2.94608e-05      1.57051  2.80332e-05
  0.565519 -0.0110948   0.652093   0.124513 -0.0269826   0.698095   0.566332 -0.0118446   0.652099   0.124764 -0.0265663   0.698437 0  0.000135011 -0.000454592  0.000135024     -1.57126  3.59202e-05      1.57045  3.41769e-05
  0.565364 -0.0109519   0.652092   0.124452 -0.0270429   0.698047   0.566298 -0.0118134   0.652099   0.124737 -0.0265595   0.698445 0   0.00016209 -0.000545742   0.00016211     -1.57135  4.31244e-05      1.57038  4.10279e-05
  0.565198 -0.0107989   0.652091   0.124386 -0.0271076   0.697995   0.56626 -0.011779  0.652098   0.124706 -0.0265521   0.698453 0  0.000192061 -0.000646616  0.000192089     -1.57145  5.10977e-05       1.5703  4.86087e-05
  0.565021 -0.0106358    0.65209   0.124316 -0.0271765    0.69794  0.566219 -0.011741  0.652098   0.124673 -0.0265438   0.698462 0 0.000225013 -0.00075751 0.000225052    -1.57157 5.98641e-05     1.57022 5.69417e-05
  0.564834 -0.0104626   0.652089   0.124242 -0.0272497   0.697882   0.566174 -0.0116996   0.652098   0.124637 -0.0265348   0.698472 0  0.000261033 -0.000878717  0.000261088     -1.57169  6.94467e-05      1.57012  6.60484e-05
  0.564635 -0.0102793   0.652088   0.124164 -0.0273272    0.69782   0.566125 -0.0116545   0.652097   0.124597 -0.0265251   0.698483 0 0.000300208 -0.00101052 0.000300282    -1.57182 7.98683e-05     1.57002 7.59496e-05
  0.564426 -0.0100861   0.652086   0.124081 -0.0274088   0.697755   0.566073 -0.0116057   0.652097   0.124555 -0.0265145   0.698494 0 0.000342621 -0.00115319 0.000342719    -1.57197  9.1151e-05     1.56991 8.66657e-05
  0.564205  -0.009883   0.652085   0.123994 -0.0274947   0.697687   0.566016 -0.0115531   0.652097   0.124509 -0.0265031   0.698507 0 0.000388352   -0.001307  0.00038848    -1.57212 0.000103316      1.5698 9.82166e-05
   0.563975 -0.00967003    0.652083    0.123903  -0.0275847    0.697615   0.565954 -0.0114966   0.652096   0.124459 -0.0264909    0.69852 0 0.000437482 -0.00147221 0.000437646    -1.57229 0.000116386     1.56967 0.000110621
   0.563733 -0.00944726    0.652082    0.123808  -0.0276788     0.69754   0.565889 -0.0114361   0.652096   0.124406 -0.0264778   0.698535 0 0.000490087 -0.00164907 0.000490295    -1.57247 0.000130379     1.56954 0.000123898
   0.563481 -0.00921475     0.65208    0.123709  -0.0277771    0.697461   0.565819 -0.0113715   0.652095   0.124349 -0.0264638    0.69855 0 0.000546242 -0.00183783 0.000546504    -1.57266 0.000145317     1.56939 0.000138065
   0.563219 -0.00897254    0.652078    0.123605  -0.0278794     0.69738   0.565744 -0.0113027   0.652095   0.124289 -0.0264489   0.698566 0 0.000606022 -0.00203872 0.000606347    -1.57287 0.000161218     1.56924 0.000153139
  0.562946 -0.0087207   0.652076   0.123497 -0.0279858   0.697295   0.565665 -0.0112297   0.652094   0.124225 -0.0264331   0.698584 0 0.000669498 -0.00225198 0.000669897    -1.57308 0.000178102     1.56907 0.000169137
   0.562662 -0.00845928    0.652075    0.123385  -0.0280963    0.697207   0.565581 -0.0111524   0.652094   0.124158 -0.0264164   0.698602 0 0.000736739 -0.00247784 0.000737226    -1.57331 0.000195987      1.5689 0.000186076
   0.562369 -0.00818833    0.652073     0.12327  -0.0282108    0.697116   0.565492 -0.0110707   0.652093   0.124086 -0.0263987   0.698621 0 0.000807813  -0.0027165 0.000808403    -1.57355 0.000214891     1.56872 0.000203971
   0.562065 -0.00790791    0.652071     0.12315  -0.0283293    0.697021   0.565399 -0.0109845   0.652093 0.124011 -0.02638 0.698642 0 0.000882787 -0.00296819 0.000883495    -1.57381 0.000234832     1.56853 0.000222836
    0.56175 -0.00761807    0.652068    0.123026  -0.0284518    0.696923   0.565301 -0.0108938   0.652092   0.123931 -0.0263604   0.698663 0 0.000961725  -0.0032331  0.00096257    -1.57408 0.000255826     1.56832 0.000242686
   0.561426 -0.00731887    0.652066    0.122898  -0.0285783    0.696823   0.565197 -0.0107984   0.652091   0.123848 -0.0263398   0.698686 0  0.00104469 -0.00351144  0.00104569    -1.57436 0.000277891     1.56811 0.000263536
   0.561092 -0.00701037    0.652064    0.122766  -0.0287086    0.696719   0.565089 -0.0106984    0.65209    0.12376 -0.0263182   0.698709 0  0.00113174 -0.00380339  0.00113292    -1.57466 0.000301042     1.56789 0.000285398
   0.560747 -0.00669261    0.652062     0.12263  -0.0288429    0.696611   0.564975 -0.0105936    0.65209   0.123669 -0.0262956   0.698734 0  0.00122294 -0.00410914  0.00122433    -1.57497 0.000325295     1.56765 0.000308285
   0.560393 -0.00636565    0.652059     0.12249  -0.0289811    0.696501   0.564856 -0.0104839   0.652089   0.123573 -0.0262719    0.69876 0  0.00131835 -0.00442886  0.00131996    -1.57529 0.000350666     1.56741 0.000332209
   0.560029 -0.00602955    0.652057    0.122346  -0.0291231    0.696388   0.564732 -0.0103694   0.652088   0.123472 -0.0262472   0.698787 0  0.00141801 -0.00476274  0.00141989    -1.57563 0.000377169     1.56716 0.000357182
   0.559654 -0.00568436    0.652055    0.122199   -0.029269    0.696272 0.564602 -0.01025 0.652087   0.123368 -0.0262215   0.698815 0  0.00152199 -0.00511093  0.00152416    -1.57598 0.000404818     1.56689 0.000383215
   0.559271 -0.00533014    0.652052    0.122047  -0.0294187    0.696152   0.564467 -0.0101256   0.652086   0.123259 -0.0261947   0.698844 0  0.00163034 -0.00547359  0.00163284    -1.57635 0.000433628     1.56661 0.000410319
   0.558877 -0.00496693    0.652049    0.121892  -0.0295722     0.69603    0.564327 -0.00999607    0.652085   0.123146 -0.0261668   0.698874 0  0.00174312 -0.00585088  0.00174598    -1.57673 0.000463612     1.56632 0.000438503
   0.558473 -0.00459481    0.652047    0.121733  -0.0297295    0.695905    0.564181 -0.00986147    0.652084   0.123028 -0.0261378   0.698905 0  0.00186036 -0.00624294  0.00186363    -1.57713 0.000494784     1.56602 0.000467777
   0.558061 -0.00421381    0.652044     0.12157  -0.0298905    0.695776   0.564029 -0.0097217   0.652083   0.122906 -0.0261077   0.698938 0  0.00198212 -0.00664992  0.00198584    -1.57754 0.000527156     1.56571  0.00049815
  0.557638  -0.003824   0.652041   0.121403 -0.0300552   0.695645    0.563872 -0.00957671    0.652082   0.122779 -0.0260765   0.698972 0  0.00210845 -0.00707195  0.00211267    -1.57797  0.00056074     1.56539  0.00052963
   0.557206 -0.00342543    0.652038    0.121232  -0.0302236     0.69551    0.563709 -0.00942645    0.652081   0.122648 -0.0260442   0.699007 0  0.00223939 -0.00750916  0.00224417    -1.57841 0.000595549     1.56506 0.000562226
   0.556765 -0.00301815    0.652035    0.121058  -0.0303958    0.695373     0.56354 -0.00927088     0.65208   0.122512 -0.0260108   0.699043 0    0.002375 -0.00796168  0.00238037    -1.57887 0.000631594     1.56471 0.000595944
   0.556314 -0.00260223    0.652032     0.12088  -0.0305715    0.695233    0.563366 -0.00910995    0.652078   0.122371 -0.0259762    0.69908 0   0.0025153 -0.00842962  0.00252134    -1.57934 0.000668887     1.56436 0.000630792
  0.555854 -0.0021777   0.652029   0.120699 -0.0307509    0.69509    0.563185 -0.00894362    0.652077   0.122226 -0.0259405   0.699118 0  0.00266034  -0.0089131  0.00266711    -1.57983 0.000707439     1.56399 0.000666776
   0.555384 -0.00174464    0.652026    0.120513  -0.0309339    0.694944    0.562999 -0.00877183    0.652076   0.122076 -0.0259037   0.699158 0  0.00281017 -0.00941221  0.00281774    -1.58034  0.00074726     1.56361 0.000703901
   0.554906 -0.00130309    0.652023    0.120325  -0.0311205    0.694795    0.562806 -0.00859455    0.652074   0.121921 -0.0258657   0.699199 0  0.00296483 -0.00992708  0.00297326    -1.58086 0.000788361     1.56321 0.000742174
   0.554418 -0.00085311     0.65202    0.120132  -0.0313107    0.694644    0.562608 -0.00841174    0.652073   0.121762 -0.0258265    0.69924 0  0.00312434  -0.0104578  0.00313372    -1.58139 0.000830751     1.56281 0.000781599
    0.553921 -0.000394752     0.652017     0.119936   -0.0315044     0.694489    0.562404 -0.00822336    0.652072   0.121597 -0.0257862   0.699284 0  0.00328876  -0.0110044  0.00329916    -1.58194  0.00087444     1.56239 0.000822181
   0.553415 7.19279e-05    0.652013    0.119736  -0.0317016    0.694332    0.562193 -0.00802937     0.65207   0.121428 -0.0257447   0.699328 0  0.00345811  -0.0115671  0.00346962    -1.58251 0.000919438     1.56196 0.000863923
     0.5529 0.000546875     0.65201    0.119533  -0.0319023    0.694172    0.561977 -0.00782974    0.652069   0.121254 -0.0257021   0.699373 0  0.00363243  -0.0121458  0.00364514     -1.5831 0.000965753     1.56152 0.000906829
  0.552377 0.00103003   0.652006   0.119327 -0.0321065   0.694009    0.561754 -0.00762444    0.652067   0.121075 -0.0256582    0.69942 0  0.00381176  -0.0127407  0.00382576     -1.5837  0.00101339     1.56107 0.000950903
  0.551844 0.00152135   0.652003   0.119116 -0.0323142   0.693843    0.561525 -0.00741342    0.652065   0.120891 -0.0256132   0.699468 0  0.00399612  -0.0133519  0.00401152    -1.58432  0.00106237      1.5606 0.000996146
  0.551303 0.00202077   0.651999   0.118903 -0.0325252   0.693675     0.56129 -0.00719666    0.652064  0.120702 -0.025567  0.699517 0 0.00418555 -0.0139794 0.00420246   -1.58495 0.00111269    1.56013 0.00104256
  0.550753 0.00252824   0.651996   0.118686 -0.0327397   0.693504    0.561048 -0.00697413    0.652062   0.120508 -0.0255196   0.699567 0 0.00438008 -0.0146233  0.0043986    -1.5856 0.00116436    1.55964 0.00109015
  0.550194  0.0030437   0.651992   0.118465 -0.0329575    0.69333      0.5608 -0.00674581     0.65206  0.120309 -0.025471  0.699618 0 0.00457974 -0.0152835     0.0046   -1.58626 0.00121738    1.55913 0.00113891
  0.549627  0.0035671   0.651988   0.118241 -0.0331787   0.693154    0.560546 -0.00651165    0.652058   0.120105 -0.0254212    0.69967 0 0.00478455 -0.0159603 0.00480667   -1.58695 0.00127178    1.55862 0.00118885
  0.549051 0.00409839   0.651984   0.118014 -0.0334032   0.692975    0.560286 -0.00627165    0.652057   0.119896 -0.0253702   0.699724 0 0.00499455 -0.0166536 0.00501866   -1.58765 0.00132754    1.55809 0.00123996
  0.548467  0.0046375    0.65198   0.117783 -0.0336311   0.692793    0.560019 -0.00602576    0.652055  0.119682 -0.025318  0.699779 0 0.00520977 -0.0173634   0.005236   -1.58836 0.00138468    1.55755 0.00129225
  0.547874 0.00518439   0.651976    0.11755 -0.0338622   0.692609    0.559746 -0.00577398    0.652053   0.119463 -0.0252646   0.699834 0 0.00543022 -0.0180899 0.00545872   -1.58909 0.00144321      1.557 0.00134572
  0.547273   0.005739   0.651972   0.117312 -0.0340966   0.692422    0.559466 -0.00551628    0.652051 0.119239 -0.02521 0.699891 0 0.00565593  -0.018833 0.00568685   -1.58984 0.00150313    1.55643 0.00140036
  0.546663 0.00630127   0.651968   0.117072 -0.0343342   0.692233     0.55918 -0.00525263    0.652049   0.119009 -0.0251542   0.699949 0 0.00588692 -0.0195927 0.00592042   -1.59061 0.00156445    1.55586 0.00145617
  0.546045 0.00687116   0.651964   0.116828  -0.034575   0.692041    0.558887 -0.00498302    0.652046   0.118775 -0.0250972   0.700009 0 0.00612323 -0.0203692 0.00615946   -1.59139 0.00162717    1.55527 0.00151316
  0.54542 0.0074486   0.65196  0.116581 -0.034819  0.691846    0.558588 -0.00470743    0.652044   0.118535 -0.0250389   0.700069 0 0.00636486 -0.0211623   0.006404   -1.59218  0.0016913    1.55466 0.00157131
  0.544786 0.00803354   0.651956   0.116331 -0.0350662   0.691649    0.558282 -0.00442585    0.652042   0.118291 -0.0249795    0.70013 0 0.00661185 -0.0219722 0.00665408     -1.593 0.00175684    1.55405 0.00163063
  0.544143 0.00862592   0.651952   0.116077 -0.0353166   0.691449     0.55797 -0.00413825     0.65204   0.118041 -0.0249189   0.700193 0 0.00686421 -0.0227988 0.00690971   -1.59383  0.0018238    1.55342 0.00169111
 0.543493 0.0092257  0.651947  0.115821  -0.03557  0.691247    0.557651 -0.00384462    0.652038   0.117786 -0.0248571   0.700256 0 0.00712196 -0.0236422 0.00717092   -1.59468 0.00189219    1.55278 0.00175276
  0.542835 0.00983281   0.651943   0.115561 -0.0358266   0.691043    0.557326 -0.00354495    0.652035  0.117526 -0.024794  0.700321 0 0.00738513 -0.0245023 0.00743775   -1.59554   0.001962    1.55213 0.00181556
  0.542169  0.0104472   0.651939   0.115298 -0.0360863   0.690836    0.556994 -0.00323923    0.652033   0.117261 -0.0247298   0.700386 0 0.00765372 -0.0253791 0.00771021   -1.59642 0.00203325    1.55146 0.00187951
 0.541496 0.0110688  0.651934  0.115033 -0.036349  0.690626    0.556656 -0.00292744     0.65203    0.11699 -0.0246644   0.700453 0 0.00792777 -0.0262727 0.00798834   -1.59732 0.00210593    1.55079 0.00194461
  0.540814  0.0116976    0.65193   0.114764 -0.0366147   0.690414    0.556311 -0.00260957    0.652028   0.116715 -0.0245978   0.700521 0 0.00820727  -0.027183 0.00827215   -1.59823 0.00218006    1.55009 0.00201086
  0.540125  0.0123335   0.651925   0.114492 -0.0368834     0.6902    0.555959 -0.00228562    0.652025   0.116434 -0.0245299   0.700589 0 0.00849226 -0.0281101 0.00856167   -1.59916 0.00225562    1.54939 0.00207824
  0.539428  0.0129765    0.65192   0.114217 -0.0371551   0.689983    0.555601 -0.00195558    0.652023   0.116148 -0.0244609   0.700659 0 0.00878274 -0.0290538 0.00885692   -1.60011 0.00233264    1.54868 0.00214676
  0.538723  0.0136265   0.651916   0.113939 -0.0374298   0.689764    0.555236 -0.00161943     0.65202   0.115857 -0.0243907    0.70073 0 0.00907873 -0.0300142 0.00915794   -1.60107 0.00241111    1.54795  0.0022164
  0.538011  0.0142834   0.651911   0.113658 -0.0377074   0.689543    0.554864 -0.00127718    0.652017   0.115561 -0.0243194   0.700801 0 0.00938025 -0.0309913 0.00946473   -1.60205 0.00249103    1.54721 0.00228717
 0.537292 0.0149473  0.651906  0.113374 -0.037988  0.689319     0.554486 -0.000928815     0.652014   0.115259 -0.0242468   0.700874 0  0.0096873  -0.031985 0.00977732   -1.60304 0.00257241    1.54646 0.00235905
  0.536565  0.0156179   0.651901   0.113087 -0.0382714   0.689093     0.554101 -0.000574334     0.652012   0.114953 -0.0241731   0.700947 0 0.00999991 -0.0329953  0.0100957   -1.60405 0.00265524    1.54569 0.00243204
   0.53583  0.0162954   0.651896   0.112797 -0.0385577   0.688865     0.553709 -0.000213733     0.652009   0.114641 -0.0240982   0.701022 0  0.0103181 -0.0340222    0.01042   -1.60508 0.00273954    1.54492 0.00250613
  0.535089  0.0169796   0.651892   0.112504 -0.0388469   0.688634    0.553311 0.000152992    0.652006   0.114324 -0.0240221   0.701097 0  0.0106418 -0.0350656  0.0107501   -1.60612 0.00282531    1.54413 0.00258132
   0.53434  0.0176705   0.651887   0.112209 -0.0391388   0.688401    0.552906 0.000525839    0.652003   0.114002 -0.0239449   0.701173 0  0.0109711 -0.0361255  0.0110861   -1.60718 0.00291254    1.54333 0.00265759
  0.533584   0.018368   0.651882    0.11191 -0.0394336   0.688166    0.552495 0.000904811       0.652   0.113675 -0.0238665    0.70125 0  0.0113061 -0.0372019   0.011428   -1.60825 0.00300125    1.54252 0.00273494
  0.532821  0.0190721   0.651877   0.111609 -0.0397311   0.687929   0.552077 0.00128991   0.651997   0.113343 -0.0237869   0.701328 0  0.0116466 -0.0382946  0.0117759   -1.60934 0.00309142    1.54169 0.00281336
  0.532051  0.0197827   0.651871   0.111305 -0.0400314    0.68769   0.551652 0.00168113   0.651994   0.113005 -0.0237062   0.701406 0  0.0119928 -0.0394037  0.0121296   -1.61045 0.00318307    1.54085 0.00289284
  0.531273  0.0204997   0.651866   0.110999 -0.0403345   0.687448    0.55122 0.00207847    0.65199   0.112663 -0.0236244   0.701486 0  0.0123445 -0.0405291  0.0124894   -1.61157 0.00327619       1.54 0.00297337
  0.530489  0.0212232   0.651861   0.110689 -0.0406402   0.687204   0.550782 0.00248192   0.651987   0.112315 -0.0235414   0.701566 0  0.0127019 -0.0416707  0.0128551   -1.61271 0.00337079    1.53914 0.00305495
  0.529698   0.021953   0.651856   0.110377 -0.0409486   0.686958   0.550337 0.00289149   0.651984   0.111963 -0.0234573   0.701647 0   0.013065 -0.0428285  0.0132268   -1.61386 0.00346687    1.53827 0.00313757
    0.5289  0.0226891   0.651851   0.110062 -0.0412597    0.68671   0.549886 0.00330718    0.65198   0.111605 -0.0233721   0.701729 0  0.0134337 -0.0440024  0.0136045   -1.61503 0.00356443    1.53739  0.0032212
  0.528096  0.0234314   0.651845   0.109745 -0.0415734    0.68646   0.549428 0.00372896   0.651977   0.111242 -0.0232858   0.701811 0   0.013808 -0.0451923  0.0139882   -1.61621 0.00366347    1.53649 0.00330586
  0.527284    0.02418    0.65184   0.109424 -0.0418898   0.686208   0.548963 0.00415684   0.651974   0.110874 -0.0231984   0.701894 0  0.0141881 -0.0463982   0.014378   -1.61741 0.00376399    1.53558 0.00339152
  0.526466  0.0249346   0.651834   0.109102 -0.0422087   0.685954   0.548492 0.00459082    0.65197   0.110502 -0.0231098   0.701978 0  0.0145737 -0.0476201  0.0147738   -1.61862 0.00386599    1.53466 0.00347818
  0.525642  0.0256954   0.651829   0.108776 -0.0425302   0.685697   0.548014 0.00503087   0.651966   0.110124 -0.0230202   0.702063 0  0.0149651 -0.0488578  0.0151757   -1.61985 0.00396948    1.53373 0.00356582
  0.524811  0.0264621   0.651823   0.108448 -0.0428542   0.685439 0.547529 0.005477 0.651963   0.109741 -0.0229295   0.702148 0  0.0153621 -0.0501112  0.0155837   -1.62109 0.00407444    1.53279 0.00365443
  0.523973  0.0272349   0.651818   0.108118 -0.0431808   0.685178  0.547038 0.0059292  0.651959   0.109353 -0.0228377   0.702234 0  0.0157649 -0.0513803  0.0159978   -1.62235  0.0041809    1.53184 0.00374401
  0.523129  0.0280135   0.651812   0.107785 -0.0435098   0.684916    0.54654 0.00638745   0.651955    0.10896 -0.0227449    0.70232 0  0.0161733  -0.052665   0.016418   -1.62362 0.00428883    1.53087 0.00383454
  0.522279   0.028798   0.651807   0.107449 -0.0438414   0.684652   0.546036 0.00685174   0.651952   0.108562 -0.0226509   0.702407 0  0.0165874 -0.0539653  0.0168443   -1.62491 0.00439826    1.52989 0.00392601
  0.521422  0.0295883   0.651801   0.107111 -0.0441753   0.684385   0.545525 0.00732207   0.651948   0.10816 -0.022556  0.702494 0  0.0170072 -0.0552809  0.0172768   -1.62621 0.00450916    1.52891 0.00401841
  0.520559  0.0303844   0.651795   0.106771 -0.0445118   0.684117   0.545007 0.00779842   0.651944 0.107752 -0.02246 0.702582 0  0.0174327 -0.0566119  0.0177155   -1.62753 0.00462156    1.52791 0.00411173
   0.51969  0.0311861   0.651789   0.106428 -0.0448506   0.683847   0.544483 0.00828077    0.65194    0.10734 -0.0223629   0.702671 0   0.017864 -0.0579581  0.0181603   -1.62886 0.00473543     1.5269 0.00420596
  0.518815  0.0319935   0.651784   0.106082 -0.0451918   0.683575   0.543953 0.00876913   0.651936   0.106923 -0.0222649    0.70276 0  0.0183009 -0.0593195  0.0186112    -1.6302  0.0048508    1.52588 0.00430108
  0.517934  0.0328065   0.651778   0.105734 -0.0455353   0.683301   0.543416 0.00926346   0.651932     0.1065 -0.0221658   0.702849 0  0.0187435  -0.060696  0.0190684   -1.63156 0.00496764    1.52485 0.00439708
  0.517047   0.033625   0.651772   0.105384 -0.0458812   0.683025   0.542872 0.00976375   0.651928   0.106073 -0.0220657   0.702939 0  0.0191919 -0.0620874  0.0195318   -1.63293 0.00508598    1.52381 0.00449395
  0.516154   0.034449   0.651766   0.105032 -0.0462295   0.682747 0.542322  0.01027 0.651924   0.105642 -0.0219646   0.703029 0   0.019646 -0.0634936  0.0200014   -1.63432 0.00520579    1.52275 0.00459168
 0.515255 0.0352784   0.65176  0.104677  -0.04658  0.682468  0.541766 0.0107822   0.65192   0.105205 -0.0218625    0.70312 0  0.0201058 -0.0649146  0.0204772   -1.63571 0.00532709    1.52169 0.00469025
   0.51435  0.0361131   0.651754    0.10432 -0.0469327   0.682187  0.541203 0.0113003  0.651915   0.104764 -0.0217595   0.703211 0  0.0205713 -0.0663503  0.0209593   -1.63713 0.00544988    1.52062 0.00478965
  0.513439  0.0369532   0.651748   0.103961 -0.0472878   0.681903  0.540634 0.0118243  0.651911   0.104318 -0.0216555   0.703302 0  0.0210425 -0.0678005  0.0214476   -1.63855 0.00557414    1.51954 0.00488988
 0.512523 0.0377985  0.651742  0.103599 -0.047645  0.681619  0.540058 0.0123541  0.651907   0.103867 -0.0215505   0.703393 0  0.0215195 -0.0692651  0.0219421   -1.63999 0.00569989    1.51844 0.00499091
  0.511601  0.0386491   0.651736   0.103235 -0.0480044   0.681332  0.539476 0.0128899  0.651902   0.103412 -0.0214446   0.703485 0  0.0220022 -0.0707441   0.022443   -1.64144 0.00582712    1.51734 0.00509273
  0.510674  0.0395048    0.65173   0.102869 -0.0483661   0.681044  0.538887 0.0134315  0.651898   0.102952 -0.0213378   0.703577 0  0.0224906 -0.0722373  0.0229501    -1.6429 0.00595582    1.51622 0.00519533
  0.509741  0.0403655   0.651723   0.102501 -0.0487298   0.680754  0.538293 0.0139789  0.651893 0.102488 -0.02123  0.70367 0  0.0229848 -0.0737445  0.0234635   -1.64438 0.00608601     1.5151  0.0052987
  0.508802  0.0412313   0.651717   0.102131 -0.0490957   0.680462  0.537692 0.0145321  0.651889   0.102019 -0.0211213   0.703762 0  0.0234846 -0.0752658  0.0239832   -1.64587 0.00621768    1.51397 0.00540282
  0.507858  0.0421021   0.651711   0.101758 -0.0494637   0.680168  0.537084 0.0150911  0.651884   0.101545 -0.0210117   0.703855 0  0.0239902 -0.0768009  0.0245092   -1.64737 0.00635082    1.51283 0.00550767
  0.506909  0.0429778   0.651705   0.101384 -0.0498338   0.679873   0.53647 0.0156558   0.65188   0.101067 -0.0209013   0.703948 0  0.0245015 -0.0783497  0.0250415   -1.64888 0.00648544    1.51167 0.00561326
  0.505955  0.0438584   0.651698   0.101007 -0.0502059   0.679576  0.535851 0.0162263  0.651875   0.100584 -0.0207899   0.704041 0  0.0250186 -0.0799122  0.0255801   -1.65041 0.00662153    1.51051 0.00571955
  0.504995  0.0447438   0.651692   0.100628 -0.0505801   0.679278  0.535224 0.0168025   0.65187   0.100097 -0.0206777   0.704134 0  0.0255414 -0.0814882   0.026125   -1.65195  0.0067591    1.50934 0.00582654
   0.50403   0.045634   0.651685   0.100248 -0.0509563   0.678978  0.534592 0.0173844  0.651865  0.0996058 -0.0205647   0.704227 0  0.0260698 -0.0830775  0.0266763    -1.6535 0.00689814    1.50816 0.00593422
   0.50306  0.0465289   0.651679  0.0998649 -0.0513345   0.678677 0.533954 0.017972  0.65186  0.0991099 -0.0204507    0.70432 0  0.0266041 -0.0846801   0.027234   -1.65506 0.00703865    1.50697 0.00604256
  0.502085  0.0474284   0.651673  0.0994801 -0.0517146   0.678373  0.533309 0.0185652  0.651856 0.0986097 -0.020336  0.704414 0   0.027144 -0.0862957  0.0277979   -1.65663 0.00718062    1.50577 0.00615156
  0.501105  0.0483326   0.651666  0.0990934 -0.0520967   0.678069  0.532658 0.0191641  0.651851  0.0981051 -0.0202204   0.704507 0  0.0276897 -0.0879244  0.0283683   -1.65821 0.00732407    1.50456  0.0062612
   0.50012  0.0492412    0.65166  0.0987047 -0.0524807   0.677763  0.532001 0.0197685  0.651846  0.0975963 -0.0201041     0.7046 0  0.0282411 -0.0895659   0.028945   -1.65981 0.00746898    1.50335 0.00637147
  0.499131  0.0501544   0.651653  0.0983141 -0.0528666   0.677455  0.531338 0.0203785  0.651841  0.0970832 -0.0199869   0.704693 0  0.0287982 -0.0912202   0.029528   -1.66141 0.00761536    1.50212 0.00648235
  0.498136   0.051072   0.651646  0.0979216 -0.0532544   0.677146  0.530669 0.0209941  0.651835 0.0965659 -0.019869  0.704787 0   0.029361  -0.092887  0.0301175   -1.66303  0.0077632    1.50089 0.00659382
 0.497137  0.051994   0.65164 0.0975272 -0.053644  0.676835  0.529994 0.0216152   0.65183  0.0960444 -0.0197502    0.70488 0  0.0299295 -0.0945663  0.0307133   -1.66465  0.0079125    1.49965 0.00670588
  0.496133  0.0529203   0.651633   0.097131 -0.0540355   0.676523  0.529314 0.0222417  0.651825  0.0955188 -0.0196308   0.704973 0  0.0305038 -0.0962579  0.0313155   -1.66629 0.00806326     1.4984 0.00681851
  0.495124  0.0538509   0.651626   0.096733 -0.0544288   0.676209  0.528627 0.0228738   0.65182   0.094989 -0.0195105   0.705065 0  0.0310837 -0.0979617  0.0319241   -1.66794 0.00821548    1.49714 0.00693169
  0.494111  0.0547857    0.65162  0.0963331 -0.0548238   0.675894  0.527934 0.0235112  0.651815  0.0944552 -0.0193896   0.705158 0  0.0316694 -0.0996776  0.0325391   -1.66959 0.00836916    1.49587 0.00704542
  0.493093  0.0557246   0.651613  0.0959315 -0.0552206   0.675578  0.527235 0.0241541  0.651809  0.0939173 -0.0192679    0.70525 0  0.0322608  -0.101405  0.0331605   -1.67126 0.00852429     1.4946 0.00715966
  0.492071  0.0566677   0.651606  0.0955281 -0.0556191    0.67526  0.526531 0.0248024  0.651804  0.0933755 -0.0191455   0.705342 0  0.0328578  -0.103145  0.0337883   -1.67294 0.00868087    1.49332 0.00727442
  0.491044  0.0576148   0.651599   0.095123 -0.0560194   0.674941  0.52582 0.025456 0.651799  0.0928297 -0.0190225   0.705434 0  0.0334606  -0.104896  0.0344225   -1.67462  0.0088389    1.49203 0.00738968
  0.490013  0.0585659   0.651592  0.0947162 -0.0564213    0.67462  0.525104 0.0261149  0.651793  0.0922799 -0.0188987   0.705526 0  0.0340691  -0.106658  0.0350631   -1.67632 0.00899838    1.49073 0.00750541
  0.488978  0.0595209   0.651586  0.0943077 -0.0568249   0.674298  0.524382 0.0267791  0.651788  0.0917263 -0.0187743   0.705617 0  0.0346833  -0.108432  0.0357102   -1.67802 0.00915931    1.48942 0.00762161
  0.487939  0.0604799   0.651579  0.0938975 -0.0572302   0.673975  0.523654 0.0274486  0.651782  0.0911688 -0.0186492   0.705708 0  0.0353032  -0.110217  0.0363636   -1.67974 0.00932168    1.48811 0.00773827
  0.486895  0.0614426   0.651572  0.0934857 -0.0576371   0.673651  0.522921 0.0281233  0.651776  0.0906076 -0.0185235   0.705799 0  0.0359287  -0.112014  0.0370235   -1.68146 0.00948549    1.48679 0.00785536
  0.485848  0.0624092   0.651565  0.0930722 -0.0580455   0.673325  0.522182 0.0288033  0.651771  0.0900426 -0.0183972   0.705889 0    0.03656   -0.11382  0.0376898   -1.68319 0.00965074    1.48546 0.00797287
  0.484796  0.0633795   0.651558  0.0926572 -0.0584556   0.672998  0.521437 0.0294884  0.651765  0.0894738 -0.0182702   0.705979 0  0.0371969  -0.115638  0.0383625   -1.68493 0.00981743    1.48413 0.00809079
   0.48374  0.0643534   0.651551  0.0922406 -0.0588672    0.67267  0.520687 0.0301786  0.651759  0.0889014 -0.0181426   0.706068 0  0.0378395  -0.117467  0.0390417   -1.68668 0.00998556    1.48279 0.00820911
  0.482681   0.065331   0.651544  0.0918225 -0.0592803   0.672341  0.519931 0.0308739  0.651754  0.0883253 -0.0180145   0.706157 0 0.0384878 -0.119305 0.0397273  -1.68843 0.0101551   1.48144 0.0083278
  0.481617  0.0663121   0.651537  0.0914028 -0.0596949    0.67201   0.51917 0.0315743  0.651748  0.0877456 -0.0178858   0.706246 0  0.0391418  -0.121154  0.0404193    -1.6902  0.0103261    1.48009 0.00844685
  0.48055 0.0672967   0.65153 0.0909817 -0.060111  0.671678  0.518403 0.0322798  0.651742  0.0871624 -0.0177565   0.706334 0  0.0398014  -0.123013  0.0411177   -1.69197  0.0104985    1.47873 0.00856626
  0.479479  0.0682847   0.651523   0.090559 -0.0605286   0.671345  0.517631 0.0329902  0.651736  0.0865756 -0.0176267   0.706421 0  0.0404667  -0.124883  0.0418226   -1.69374  0.0106724    1.47736 0.00868599
  0.478404  0.0692762   0.651515  0.0901349 -0.0609475   0.671011  0.516853 0.0337056   0.65173  0.0859854 -0.0174963   0.706508 0  0.0411377  -0.126762  0.0425339   -1.69553  0.0108476    1.47599 0.00880605
 0.477326  0.070271  0.651508 0.0897094 -0.061368  0.670676  0.51607 0.034426 0.651724  0.0853917 -0.0173654   0.706595 0  0.0418143   -0.12865  0.0432517   -1.69732  0.0110243    1.47461 0.00892641
  0.476244  0.0712691   0.651501  0.0892825 -0.0617897   0.670339  0.515282 0.0351513  0.651718 0.0847947 -0.017234  0.706681 0  0.0424966  -0.130548  0.0439759   -1.69912  0.0112024    1.47323 0.00904707
  0.475159  0.0722704   0.651494  0.0888542 -0.0622129   0.670002  0.514488 0.0358814  0.651712  0.0841943 -0.0171022   0.706766 0 0.0431845 -0.132456 0.0447065  -1.70093  0.011382   1.47184  0.009168
   0.47407  0.0732749   0.651487  0.0884245 -0.0626374   0.669664  0.513689 0.0366164  0.651706  0.0835906 -0.0169698    0.70685 0  0.0438781  -0.134372  0.0454436   -1.70274  0.0115629    1.47044 0.00928919
  0.472978  0.0742825   0.651479  0.0879936 -0.0630632   0.669324  0.512885 0.0373561    0.6517 0.0829837 -0.016837  0.706934 0  0.0445773  -0.136298  0.0461871   -1.70456  0.0117453    1.46904 0.00941062
  0.471883  0.0752932   0.651472  0.0875612 -0.0634903   0.668983  0.512076 0.0381007  0.651693  0.0823736 -0.0167037   0.707017 0  0.0452821  -0.138233   0.046937   -1.70639   0.011929    1.46764 0.00953229
  0.470784  0.0763069   0.651465  0.0871276 -0.0639187   0.668642  0.511261 0.0388499  0.651687 0.0817603  -0.01657    0.7071 0  0.0459926  -0.140176  0.0476933   -1.70822  0.0121142    1.46622 0.00965418
  0.469682  0.0773235   0.651458  0.0866928 -0.0643484   0.668299  0.510442 0.0396039  0.651681  0.0811438 -0.0164359   0.707182 0  0.0467087  -0.142128  0.0484561   -1.71006  0.0123008    1.46481 0.00977627
  0.468577   0.078343    0.65145  0.0862567 -0.0647792   0.667956  0.509617 0.0403625  0.651675  0.0805243 -0.0163014   0.707263 0  0.0474304  -0.144088  0.0492253    -1.7119  0.0124887    1.46338 0.00989855
  0.467469  0.0793654   0.651443  0.0858194 -0.0652113   0.667611  0.508787 0.0411257  0.651668  0.0799018 -0.0161664   0.707343 0 0.0481577 -0.146057  0.050001  -1.71375 0.0126781   1.46196  0.010021
  0.466357  0.0803906   0.651436  0.0853809 -0.0656445   0.667266  0.507953 0.0418936  0.651662  0.0792763 -0.0160311   0.707423 0 0.0488907 -0.148033 0.0507831  -1.71561 0.0128689   1.46053 0.0101436
  0.465243  0.0814185   0.651428  0.0849412 -0.0660789   0.666919  0.507113 0.0426659  0.651656  0.0786478 -0.0158955   0.707501 0 0.0496292 -0.150018 0.0515715  -1.71746 0.0130611   1.45909 0.0102664
  0.464126  0.0824492   0.651421  0.0845003 -0.0665145   0.666572  0.506268 0.0434428  0.651649  0.0780165 -0.0157594   0.707579 0 0.0503734  -0.15201 0.0523664  -1.71933 0.0132546   1.45765 0.0103893
  0.463006  0.0834824   0.651413  0.0840584 -0.0669511   0.666224  0.505419 0.0442241  0.651643  0.0773823 -0.0156231   0.707656 0 0.0511231  -0.15401 0.0531678   -1.7212 0.0134496    1.4562 0.0105123
  0.461884  0.0845182   0.651406  0.0836153 -0.0673889   0.665875  0.504565 0.0450099  0.651636  0.0767453 -0.0154864   0.707733 0 0.0518784 -0.156017 0.0539755  -1.72307 0.0136459   1.45476 0.0106354
  0.460758  0.0855565   0.651398  0.0831712 -0.0678277   0.665525  0.503706 0.0458001  0.651629  0.0761056 -0.0153494   0.707808 0 0.0526393 -0.158031 0.0547896  -1.72495 0.0138436    1.4533 0.0107586
   0.45963  0.0865973   0.651391   0.082726 -0.0682675   0.665174  0.502842 0.0465946  0.651623  0.0754632 -0.0152121   0.707882 0 0.0534058 -0.160053 0.0556101  -1.72683 0.0140427   1.45185 0.0108819
  0.458499  0.0876405   0.651383  0.0822798 -0.0687083   0.664823  0.501974 0.0473935  0.651616  0.0748181 -0.0150746   0.707956 0 0.0541779 -0.162082 0.0564371  -1.72871 0.0142432   1.45038 0.0110052
  0.457366  0.0886861   0.651376  0.0818326 -0.0691502    0.66447    0.5011 0.0481966   0.65161  0.0741704 -0.0149367   0.708028 0 0.0549555 -0.164117 0.0572704   -1.7306  0.014445   1.44892 0.0111286
  0.45623 0.0897339  0.651368 0.0813844 -0.069593  0.664117  0.500223 0.0490039  0.651603  0.0735202 -0.0147987     0.7081 0 0.0557386 -0.166159 0.0581101   -1.7325 0.0146482   1.44745  0.011252
  0.455092   0.090784   0.651361  0.0809352 -0.0700368   0.663763   0.49934 0.0498155  0.651596  0.0728674 -0.0146603   0.708171 0 0.0565273 -0.168207 0.0589561  -1.73439 0.0148528   1.44598 0.0113755
  0.453951  0.0918363   0.651353  0.0804851 -0.0704815   0.663409  0.498454 0.0506312  0.651589  0.0722122 -0.0145218    0.70824 0 0.0573216 -0.170262 0.0598086  -1.73629 0.0150587   1.44451 0.0114989
  0.452809  0.0928907   0.651346  0.0800341 -0.0709271   0.663053 0.497562 0.051451 0.651583 0.0715546 -0.014383  0.708309 0 0.0581214 -0.172322 0.0606674  -1.73819  0.015266   1.44303 0.0116224
  0.451663  0.0939472   0.651338  0.0795822 -0.0713736   0.662697  0.496667 0.0522749  0.651576  0.0708946 -0.0142441   0.708377 0 0.0589267 -0.174389 0.0615325   -1.7401 0.0154747   1.44155 0.0117458
  0.450516  0.0950057    0.65133  0.0791294 -0.0718209   0.662341  0.495767 0.0531029  0.651569  0.0702323 -0.0141049   0.708443 0 0.0597375 -0.176461 0.0624041  -1.74201 0.0156847   1.44006 0.0118692
  0.449367  0.0960662   0.651323  0.0786758 -0.0722691   0.661983  0.494862 0.0539348  0.651562  0.0695677 -0.0139656   0.708509 0 0.0605538 -0.178539 0.0632819  -1.74392 0.0158961   1.43858 0.0119926
  0.448215  0.0971286   0.651315  0.0782213 -0.0727181   0.661625  0.493953 0.0547707  0.651555   0.068901 -0.0138262   0.708573 0 0.0613756 -0.180622 0.0641661  -1.74583 0.0161088   1.43709 0.0121159
  0.447061  0.0981929   0.651308  0.0777661 -0.0731678   0.661266   0.49304 0.0556106  0.651548   0.068232 -0.0136866   0.708637 0 0.0622029 -0.182711 0.0650566  -1.74774 0.0163229    1.4356 0.0122391
  0.445906   0.099259     0.6513  0.0773101 -0.0736184   0.660907  0.492123 0.0564543  0.651541   0.067561 -0.0135469   0.708699 0 0.0630357 -0.184805 0.0659534  -1.74966 0.0165383    1.4341 0.0123622
  0.444748   0.100327   0.651292  0.0768533 -0.0740696   0.660547  0.491202 0.0573018  0.651534 0.0668878 -0.013407   0.70876 0  0.063874 -0.186903 0.0668565  -1.75158  0.016755   1.43261 0.0124853
  0.443589   0.101396   0.651284  0.0763959 -0.0745216   0.660187  0.490276 0.0581531  0.651527  0.0662127 -0.0132671    0.70882 0 0.0647177 -0.189007  0.067766   -1.7535 0.0169731   1.43111 0.0126082
  0.442428   0.102468   0.651277  0.0759377 -0.0749743   0.659826  0.489347 0.0590082   0.65152  0.0655356 -0.0131271   0.708879 0 0.0655669 -0.191115 0.0686817  -1.75542 0.0171925   1.42961  0.012731
  0.441265    0.10354   0.651269  0.0754788 -0.0754277   0.659464  0.488413 0.0598669  0.651513 0.0648566 -0.012987  0.708937 0 0.0664215 -0.193227 0.0696037  -1.75734 0.0174133   1.42811 0.0128537
  0.440101   0.104615   0.651261  0.0750193 -0.0758817   0.659102  0.487475 0.0607294  0.651506  0.0641757 -0.0128469   0.708994 0 0.0672816 -0.195344 0.0705319  -1.75926 0.0176354   1.42661 0.0129762
  0.438935    0.10569   0.651254  0.0745591 -0.0763363    0.65874  0.486534 0.0615954  0.651499   0.063493 -0.0127067   0.709049 0  0.068147 -0.197465 0.0714664  -1.76118 0.0178587    1.4251 0.0130985
  0.437767   0.106768   0.651246  0.0740984 -0.0767915   0.658377  0.485588 0.0624651  0.651492  0.0628086 -0.0125665   0.709103 0 0.0690179 -0.199589 0.0724071  -1.76311 0.0180835    1.4236 0.0132207
  0.436598   0.107846   0.651238   0.073637 -0.0772473   0.658013  0.484639 0.0633382  0.651484  0.0621224 -0.0124263   0.709156 0 0.0698942 -0.201718 0.0733541  -1.76503 0.0183095   1.42209 0.0133427
  0.435428   0.108926    0.65123  0.0731751 -0.0777037    0.65765  0.483686 0.0642149  0.651477 0.0614346 -0.012286  0.709208 0 0.0707759 -0.203849 0.0743073  -1.76696 0.0185368   1.42058 0.0134645
  0.434256   0.110007   0.651223  0.0727127 -0.0781606   0.657285 0.482729 0.065095  0.65147  0.0607452 -0.0121458   0.709259 0 0.0716629 -0.205985 0.0752666  -1.76888 0.0187654   1.41907 0.0135861
 0.433083   0.11109  0.651215 0.0722497 -0.078618  0.656921  0.481769 0.0659785  0.651463  0.0600542 -0.0120056   0.709308 0 0.0725553 -0.208123 0.0762322   -1.7708 0.0189954   1.41756 0.0137075
  0.431908   0.112173   0.651207  0.0717863 -0.0790759   0.656555  0.480804 0.0668654  0.651455  0.0593617 -0.0118655   0.709356 0 0.0734531 -0.210265 0.0772039  -1.77273 0.0192266   1.41605 0.0138286
  0.430733   0.113258   0.651199  0.0713224 -0.0795342    0.65619  0.479837 0.0677556  0.651448  0.0586678 -0.0117254   0.709403 0 0.0743562 -0.212409 0.0781818  -1.77465 0.0194592   1.41454 0.0139495
 0.429556  0.114343  0.651191  0.070858 -0.079993  0.655824  0.478865 0.0686491  0.651441  0.0579724 -0.0115853   0.709449 0 0.0752646 -0.214556 0.0791658  -1.77657  0.019693   1.41303 0.0140702
  0.428378    0.11543   0.651184  0.0703932 -0.0804522   0.655458  0.477891 0.0695458  0.651433  0.0572758 -0.0114454   0.709493 0 0.0761783 -0.216706  0.080156   -1.7785 0.0199281   1.41151 0.0141905
  0.427199   0.116517   0.651176   0.069928 -0.0809118   0.655091  0.476912 0.0704457  0.651426  0.0565778 -0.0113055   0.709536 0 0.0770973 -0.218858 0.0811522  -1.78042 0.0201645      1.41 0.0143106
   0.42602   0.117606   0.651168  0.0694625 -0.0813718   0.654725   0.47593 0.0713487  0.651419  0.0558785 -0.0111658   0.709578 0 0.0780216 -0.221013 0.0821545  -1.78233 0.0204022   1.40849 0.0144304
  0.424839   0.118695    0.65116  0.0689965 -0.0818321   0.654358  0.474945 0.0722548  0.651411  0.0551781 -0.0110261   0.709618 0 0.0789512 -0.223169  0.083163  -1.78425 0.0206411   1.40697 0.0145499
  0.423658   0.119785   0.651152  0.0685303 -0.0822927    0.65399 0.473957 0.073164 0.651404  0.0544765 -0.0108866   0.709657 0  0.079886 -0.225327 0.0841774  -1.78617 0.0208814   1.40546 0.0146691
  0.422475   0.120876   0.651144  0.0680638 -0.0827537   0.653623  0.472965 0.0740762  0.651396  0.0537739 -0.0107473   0.709695 0  0.080826 -0.227487 0.0851979  -1.78808 0.0211228   1.40395 0.0147879
  0.421292   0.121967   0.651137  0.0675969 -0.0832149   0.653255   0.47197 0.0749914  0.651389  0.0530702 -0.0106081   0.709732 0 0.0817713 -0.229648 0.0862244  -1.78999 0.0213656   1.40244 0.0149064
  0.420109   0.123059   0.651129  0.0671298 -0.0836764   0.652887  0.470972 0.0759094  0.651381 0.0523655 -0.010469  0.709767 0 0.0827218 -0.231811  0.087257   -1.7919 0.0216096   1.40093 0.0150246
  0.418925   0.124152   0.651121  0.0666625 -0.0841381   0.652519  0.469971 0.0768304  0.651374  0.0516599 -0.0103302   0.709801 0 0.0836774 -0.233975 0.0882954  -1.79381 0.0218548   1.39942 0.0151424
 0.41774 0.125245 0.651113 0.066195  -0.0846  0.65215  0.468967 0.0777542  0.651366  0.0509534 -0.0101915   0.709833 0 0.0846382  -0.23614 0.0893399  -1.79572 0.0221013   1.39791 0.0152598
  0.416555   0.126338   0.651105  0.0657273 -0.0850621   0.651782   0.46796 0.0786807  0.651359  0.0502461 -0.0100531   0.709865 0 0.0856041 -0.238306 0.0903903  -1.79762 0.0223491    1.3964 0.0153769
  0.415369   0.127432   0.651097  0.0652594 -0.0855243   0.651413  0.46695  0.07961 0.651351    0.049538 -0.00991482    0.709894 0 0.0865752 -0.240473 0.0914466  -1.79952 0.0225981   1.39489 0.0154935
  0.414183   0.128526   0.651089  0.0647914 -0.0859867   0.651045 0.465936 0.080542 0.651343   0.0488291 -0.00977682    0.709923 0 0.0875514  -0.24264 0.0925087  -1.80142 0.0228483   1.39338 0.0156098
  0.412997   0.129621   0.651081  0.0643233 -0.0864492   0.650676   0.46492 0.0814766  0.651336   0.0481196 -0.00963907     0.70995 0 0.0885327 -0.244807 0.0935768  -1.80331 0.0230997   1.39188 0.0157257
   0.41181   0.130715   0.651074   0.063855 -0.0869119   0.650307  0.463902 0.0824138  0.651328   0.0474095 -0.00950157    0.709976 0  0.089519 -0.246974 0.0946507   -1.8052 0.0233524   1.39037 0.0158411
  0.410624    0.13181   0.651066  0.0633867 -0.0873745   0.649938   0.46288 0.0833536  0.651321   0.0466988 -0.00936434        0.71 0 0.0905104 -0.249142 0.0957304  -1.80709 0.0236062   1.38887 0.0159561
  0.409437   0.132905   0.651058  0.0629184 -0.0878373   0.649569  0.461856 0.0842959  0.651313   0.0459876 -0.00922739    0.710024 0 0.0915068 -0.251309 0.0968159  -1.80897 0.0238613   1.38737 0.0160707
0.40825   0.134 0.65105 0.06245 -0.0883  0.6492  0.460829 0.0852406  0.651305    0.045276 -0.00909074    0.710045 0 0.0925081 -0.253476 0.0979071  -1.81085 0.0241176   1.38587 0.0161848
  0.407063   0.135095   0.651042  0.0619816 -0.0887627   0.648831  0.459799 0.0861877  0.651298   0.0445639 -0.00895438    0.710066 1 0.0935145 -0.255643 0.0990041  -1.81273 0.0243751   1.38437 0.0162984
  0.405876    0.13619   0.651034  0.0615133 -0.0892255   0.648462  0.458767 0.0871372   0.65129   0.0438515 -0.00881835    0.710085 1 0.0945258 -0.257809  0.100107   -1.8146 0.0246338   1.38288 0.0164116
   0.40469   0.137285   0.651026   0.061045 -0.0896881   0.648093  0.457731 0.0880818  0.651279   0.0422527 -0.00910724    0.710003 1 0.0995476  -0.26312 0.0974222  -1.82166 0.0259275   1.39247 0.0155851
  0.403503   0.138379   0.651018  0.0605768 -0.0901508   0.647724  0.456689 0.0890226   0.65127   0.0408213 -0.00933565    0.709932 1  0.103887 -0.267848  0.095399  -1.82775 0.0270382       1.4  0.014933
  0.402317   0.139474   0.651011  0.0601086 -0.0906133   0.647355  0.455646 0.0899681   0.65126   0.0393788 -0.00959706     0.70985 1  0.108483 -0.272633 0.0931742  -1.83395 0.0281785   1.40783 0.0142497
  0.401131   0.140568   0.651003  0.0596406 -0.0910757   0.646987  0.454601 0.0909152   0.65125   0.0379555 -0.00987368    0.709761 1  0.113149 -0.277366 0.0909154  -1.84007 0.0293106   1.41552 0.0135733
  0.399945   0.141662   0.650995  0.0591727 -0.0915379   0.646618  0.453553 0.0918648   0.65124  0.0365463 -0.0101691   0.709665 1  0.117919 -0.282067 0.0885918  -1.84614 0.0304403   1.42317 0.0128967
 0.39876 0.142755 0.650987 0.058705   -0.092  0.64625  0.452504 0.0928166  0.651231  0.0351523 -0.0104829   0.709562 1  0.122786 -0.286734 0.0862103  -1.85216 0.0315661   1.43076 0.0122213
  0.397575   0.143848   0.650979  0.0582375 -0.0924619   0.645881  0.451452 0.0937706  0.651221  0.0337733 -0.0108153   0.709452 1   0.12775 -0.291366 0.0837708  -1.85813 0.0326874   1.43828 0.0115468
  0.396391   0.144941   0.650971  0.0577702 -0.0929236   0.645513  0.450399 0.0947267  0.651211  0.0324094 -0.0111664   0.709335 1   0.13281 -0.295966 0.0812747  -1.86406 0.0338038   1.44575 0.0108733
  0.395208   0.146033   0.650963  0.0573031 -0.0933851   0.645145  0.449343 0.0956849  0.651201  0.0310608 -0.0115364   0.709211 1  0.137966 -0.300532 0.0787231  -1.86993 0.0349146   1.45316 0.0102008
  0.394025   0.147124   0.650956  0.0568362 -0.0938463   0.644777  0.448286 0.0966452  0.651191  0.0297276 -0.0119252   0.709081 1   0.143214  -0.305067  0.0761171   -1.87576  0.0360194    1.46052 0.00952933
  0.392842   0.148215   0.650948  0.0563697 -0.0943073    0.64441  0.447227 0.0976075  0.651182 0.0284098 -0.012333  0.708944 1   0.148555  -0.309571   0.073458   -1.88153  0.0371176    1.46782 0.00885893
  0.391661   0.149305    0.65094  0.0559035 -0.0947679   0.644042  0.446167 0.0985718  0.651172  0.0271077 -0.0127598   0.708801 1   0.153987  -0.314044  0.0707471   -1.88727  0.0382087    1.47507 0.00818962
   0.39048   0.150394   0.650932  0.0554375 -0.0952282   0.643675 0.445105 0.099538 0.651162  0.0258212 -0.0132057   0.708651 1   0.159509  -0.318486  0.0679856   -1.89295  0.0392923    1.48227 0.00752142
  0.389301   0.151483   0.650924   0.054972 -0.0956882   0.643309 0.444041 0.100506 0.651152  0.0245506 -0.0136707   0.708496 1   0.165118  -0.322899   0.065175   -1.89859  0.0403679    1.48942 0.00685437
  0.388122    0.15257   0.650916  0.0545068 -0.0961478   0.642942 0.442975 0.101476 0.651142   0.023296 -0.0141547   0.708334 1   0.170814  -0.327282  0.0623165   -1.90419   0.041435    1.49651 0.00618851
 0.386944  0.153657  0.650909  0.054042 -0.096607  0.642576 0.441908 0.102448 0.651132  0.0220575 -0.0146578   0.708166 1   0.176595  -0.331637  0.0594117   -1.90975  0.0424932    1.50356 0.00552385
  0.385767   0.154742   0.650901  0.0535776 -0.0970658    0.64221  0.44084 0.103421 0.651121  0.0208353 -0.0151799   0.707992 1    0.18246  -0.335964  0.0564619   -1.91525  0.0435422    1.51055 0.00486045
  0.384592   0.155827   0.650893  0.0531137 -0.0975242   0.641845  0.43977 0.104396 0.651111  0.0196295 -0.0157209   0.707812 1   0.188405  -0.340263  0.0534686   -1.92072  0.0445813     1.5175 0.00419832
 0.383417   0.15691  0.650885 0.0526503 -0.097982  0.641479 0.438698 0.105373 0.651101  0.0184402 -0.0162808   0.707626 1   0.194431  -0.344534  0.0504334   -1.92614  0.0456104     1.5244 0.00353752
  0.382244   0.157993   0.650877  0.0521873 -0.0984394   0.641115 0.437626 0.106352 0.651091  0.0172675 -0.0168594   0.707435 1   0.200534  -0.348779  0.0473578   -1.93153   0.046629    1.53125 0.00287806
  0.381072   0.159074    0.65087  0.0517249 -0.0988963    0.64075 0.436552 0.107332  0.65108  0.0161117 -0.0174567   0.707238 1   0.206713  -0.352998  0.0442434   -1.93687  0.0476368    1.53806 0.00221999
  0.379902   0.160154   0.650862   0.051263 -0.0993527   0.640387 0.435477 0.108313  0.65107  0.0149729 -0.0180726   0.707035 1   0.212967   -0.35719  0.0410917   -1.94216  0.0486334    1.54482 0.00156335
  0.378733   0.161232   0.650854  0.0508016 -0.0998085   0.640023   0.4344 0.109296 0.651059  0.0138511 -0.0187067   0.706827 1    0.219293   -0.361358   0.0379044    -1.94742   0.0496185     1.55154 0.000908157
 0.377565   0.16231  0.650846 0.0503409 -0.100264   0.63966 0.433323  0.11028 0.651049  0.0127466 -0.0193591   0.706614 1    0.225689     -0.3655    0.034683    -1.95264   0.0505917     1.55821 0.000254461
 0.376399  0.163385  0.650839 0.0498807 -0.100718  0.639298 0.432244 0.111266 0.651038  0.0116594 -0.0200294   0.706395 1     0.232153    -0.369618    0.0314293     -1.95781    0.0515528      1.56484 -0.000397707
 0.375235   0.16446  0.650831 0.0494212 -0.101172  0.638936 0.431165 0.112253 0.651028  0.0105898 -0.0207176   0.706171 1    0.238683   -0.373711   0.0281449    -1.96295   0.0525015     1.57143 -0.00104831
 0.374072  0.165532  0.650823 0.0489623 -0.101626  0.638574 0.430084 0.113241 0.651017 0.00953777 -0.0214233   0.705941 1    0.245276   -0.377781   0.0248315    -1.96805   0.0534375     1.57797 -0.00169732
 0.372911  0.166604  0.650816 0.0485041 -0.102078  0.638213 0.429003 0.114231 0.651006 0.00850351 -0.0221463   0.705707 1    0.251932   -0.381828   0.0214908     -1.9731   0.0543606     1.58447 -0.00234471
 0.371752  0.167673  0.650808 0.0480467  -0.10253  0.637853  0.42792 0.115222 0.650995 0.00748714 -0.0228865   0.705467 1    0.258647   -0.385852   0.0181245    -1.97812   0.0552705     1.59093 -0.00299043
 0.370594  0.168741    0.6508 0.0475899 -0.102982  0.637493 0.426837 0.116214 0.650984 0.00648876 -0.0236434   0.705222 1     0.26542   -0.389853   0.0147344     -1.9831    0.056167     1.59734 -0.00363446
 0.369439  0.169807  0.650792 0.0471339 -0.103432  0.637134 0.425753 0.117207 0.650973 0.00550849 -0.0244168   0.704973 1    0.272247   -0.393832   0.0113221    -1.98804   0.0570499     1.60372 -0.00427677
 0.368285  0.170871  0.650785 0.0466787 -0.103882  0.636775 0.424668 0.118201 0.650962 0.00454644 -0.0252064   0.704718 1    0.279128   -0.397789  0.00788948    -1.99294    0.057919     1.61006 -0.00491732
 0.367133  0.171934  0.650777 0.0462242 -0.104331  0.636417 0.423583 0.119195 0.650951 0.00360271 -0.0260119   0.704459 1   0.286059  -0.401725 0.00443823    -1.9978  0.0587741    1.61635 -0.0055561
 0.365984  0.172994   0.65077 0.0457706 -0.104779  0.636059 0.422497 0.120191  0.65094 0.00267739  -0.026833   0.704194 1    0.293038    -0.40564 0.000970123    -2.00263   0.0596151     1.62261 -0.00619307
 0.364837  0.174053  0.650762 0.0453178 -0.105226  0.635703  0.42141 0.121188 0.650929 0.00177058 -0.0276693   0.703926 1    0.300063   -0.409534 -0.00251309    -2.00742   0.0604417     1.62882 -0.00682821
 0.363691  0.175109  0.650754 0.0448659 -0.105673  0.635347 0.420323 0.122186 0.650918 0.000882352  -0.0285204    0.703652 1    0.307131   -0.413407 -0.00600963    -2.01217   0.0612539       1.635 -0.00746149
 0.362549  0.176164  0.650747 0.0444149 -0.106119  0.634991 0.419235 0.123184 0.650907 1.27962e-05  -0.0293859    0.703374 1    0.314241    -0.41726 -0.00951774    -2.01688   0.0620516     1.64114 -0.00809289
 0.361408  0.177216  0.650739 0.0439648 -0.106563  0.634637 0.418147 0.124183 0.650896 -0.000838039   -0.0302656     0.703091 1   0.321389  -0.421094 -0.0130357   -2.02156  0.0628345    1.64724 -0.0087224
  0.36027  0.178266  0.650732 0.0435156 -0.107007  0.634283 0.417058 0.125183 0.650884 -0.00167009  -0.0311589    0.702804 1    0.328574   -0.424907  -0.0165616     -2.0262   0.0636026     1.65331 -0.00934999
 0.359134  0.179314  0.650724 0.0430674  -0.10745   0.63393  0.41597 0.126183 0.650873 -0.00248329  -0.0320654    0.702513 1    0.335793   -0.428701  -0.0200939     -2.0308   0.0643559     1.65934 -0.00997564
 0.358001  0.180359  0.650717 0.0426202 -0.107892  0.633577  0.41488 0.127184 0.650862 -0.0032776 -0.0329848   0.702217 1   0.343043  -0.432477 -0.0236307   -2.03537  0.0650942    1.66533 -0.0105993
  0.35687  0.181403  0.650709  0.042174 -0.108333  0.633226 0.413791 0.128186 0.650851  -0.004053 -0.0339166   0.701917 1   0.350322  -0.436233 -0.0271702    -2.0399  0.0658175    1.67128 -0.0112211
 0.355742  0.182443  0.650702 0.0417288 -0.108772  0.632875 0.412701 0.129187 0.650839 -0.00480946  -0.0348604    0.701613 1   0.357628   -0.43997 -0.0307109   -2.04439  0.0665258     1.6772 -0.0118408
 0.354616  0.183482  0.650694 0.0412847 -0.109211  0.632525 0.411612  0.13019 0.650828 -0.00554695  -0.0358156    0.701305 1   0.364958  -0.443689 -0.0342508   -2.04885  0.0672189    1.68308 -0.0124586
 0.353494  0.184518  0.650687 0.0408416 -0.109649  0.632176 0.410522 0.131192 0.650817 -0.00626546  -0.0367819    0.700993 1    0.37231  -0.447389 -0.0377884   -2.05328   0.067897    1.68893 -0.0130743
 0.352374  0.185551  0.650679 0.0403997 -0.110086  0.631828 0.409432 0.132195 0.650806 -0.00696501  -0.0377587    0.700677 1   0.379682  -0.451071 -0.0413219   -2.05767  0.0685598    1.69474 -0.0136881
 0.351257  0.186581  0.650672 0.0399588 -0.110521  0.631481 0.408342 0.133199 0.650794 -0.00764558  -0.0387455    0.700356 1    0.38707  -0.454735 -0.0448497   -2.06202  0.0692076    1.70052 -0.0142999
 0.350143  0.187609  0.650664 0.0395191 -0.110955  0.631134 0.407252 0.134202 0.650783 -0.00830724   -0.039742    0.700033 1   0.394474  -0.458381 -0.0483701   -2.06634  0.0698402    1.70626 -0.0149096
 0.349031  0.188635  0.650657 0.0390806 -0.111389  0.630789 0.406162 0.135206 0.650772 -0.00894996  -0.0407476    0.699705 1   0.401889  -0.462009 -0.0518814   -2.07063  0.0704577    1.71197 -0.0155173
 0.347923  0.189657   0.65065 0.0386433 -0.111821  0.630444 0.405073 0.136209 0.650761 -0.00957383  -0.0417617    0.699374 1  0.409315  -0.46562 -0.055382  -2.07488 0.0710601   1.71765 -0.016123
 0.346818  0.190676  0.650642 0.0382072 -0.112252  0.630101 0.403983 0.137213  0.65075 -0.0101789 -0.0427839   0.699039 1   0.416748  -0.469212 -0.0588703   -2.07909  0.0716475    1.72329 -0.0167267
 0.345716  0.191693  0.650635 0.0377724 -0.112681  0.629758 0.402894 0.138217 0.650739 -0.0107651 -0.0438137     0.6987 1   0.424186  -0.472787 -0.0623448   -2.08328  0.0722199     1.7289 -0.0173284
 0.344617  0.192707  0.650628 0.0373388  -0.11311  0.629417 0.401805  0.13922 0.650728 -0.0113327 -0.0448505   0.698359 1   0.431628  -0.476344  -0.065804   -2.08743  0.0727773    1.73448 -0.0179282
 0.343522  0.193718  0.650621 0.0369065 -0.113537  0.629076 0.400717 0.140224 0.650717 -0.0118817 -0.0458939   0.698014 1   0.439069  -0.479884 -0.0692462   -2.09154  0.0733199    1.74003 -0.0185259
  0.34243  0.194725  0.650613 0.0364755 -0.113963  0.628736 0.399628 0.141227 0.650706 -0.0124121 -0.0469433   0.697665 1    0.44651  -0.483406   -0.07267   -2.09562  0.0738477    1.74555 -0.0191216
 0.341341   0.19573  0.650606 0.0360458 -0.114387  0.628398 0.398541  0.14223 0.650695 -0.0129242 -0.0479981   0.697314 1   0.453947   -0.48691 -0.0760739   -2.09967  0.0743608    1.75103 -0.0197154
 0.340256  0.196731  0.650599 0.0356175  -0.11481  0.628061 0.397454 0.143233 0.650685 -0.0134179  -0.049058   0.696959 1   0.461377  -0.490397 -0.0794566   -2.10369  0.0748593    1.75648 -0.0203073
 0.339174  0.197729  0.650592 0.0351906 -0.115232  0.627724 0.396367 0.144235 0.650674 -0.0138934 -0.0501223   0.696602 1     0.4688  -0.493865 -0.0828166   -2.10767  0.0753432    1.76191 -0.0208972
 0.338096  0.198724  0.650585 0.0347651 -0.115652  0.627389 0.395281 0.145237 0.650664 -0.0143508 -0.0511904   0.696242 1   0.476212  -0.497316 -0.0861526   -2.11162  0.0758128     1.7673 -0.0214852
 0.337021  0.199715  0.650577  0.034341 -0.116071  0.627055 0.394195 0.146239 0.650653 -0.0147903  -0.052262   0.695879 1   0.483612  -0.500749 -0.0894633   -2.11554  0.0762681    1.77267 -0.0220713
  0.33595  0.200703   0.65057 0.0339183 -0.116489  0.626722 0.393111  0.14724 0.650643  -0.015212 -0.0533365   0.695513 1   0.490997  -0.504164 -0.0927474   -2.11943  0.0767092      1.778 -0.0226555
 0.334883  0.201688  0.650563 0.0334972 -0.116905   0.62639 0.392027 0.148241 0.650633  -0.015616 -0.0544133   0.695145 1   0.498366  -0.507561 -0.0960036   -2.12328  0.0771363    1.78331 -0.0232379
 0.333819  0.202669  0.650556 0.0330775  -0.11732  0.626059 0.390944  0.14924 0.650623 -0.0160026 -0.0554919   0.694774 1   0.505717  -0.510939 -0.0992307    -2.1271  0.0775495    1.78859 -0.0238185
  0.33276  0.203647  0.650549 0.0326594 -0.117733   0.62573 0.389861  0.15024 0.650613 -0.0163719 -0.0565718   0.694401 1   0.513047  -0.514299  -0.102428   -2.13089  0.0779489    1.79384 -0.0243972
 0.331704  0.204621  0.650542 0.0322428 -0.118144  0.625402  0.38878 0.151238 0.650603 -0.0167241 -0.0576526   0.694026 1   0.520355   -0.51764  -0.105593   -2.13465  0.0783347    1.79906 -0.0249743
 0.330652  0.205591  0.650535 0.0318278 -0.118554  0.625075   0.3877 0.152236 0.650593 -0.0170593 -0.0587337   0.693649 1    0.52764  -0.520962  -0.108727   -2.13838   0.078707    1.80426 -0.0255496
 0.329605  0.206557  0.650528 0.0314143 -0.118963  0.624749  0.38662 0.153232 0.650584 -0.0173778 -0.0598146    0.69327 1   0.534898  -0.524266  -0.111826   -2.14208  0.0790661    1.80943 -0.0261231
 0.328561   0.20752  0.650521 0.0310025  -0.11937  0.624425 0.385542 0.154228 0.650574 -0.0176797 -0.0608948   0.692889 1   0.542129   -0.52755  -0.114892   -2.14574  0.0794119    1.81457 -0.0266951
 0.327522  0.208479  0.650514 0.0305923 -0.119775  0.624102 0.384465 0.155223 0.650565 -0.0179653 -0.0619738   0.692506 1   0.549331  -0.530814  -0.117922   -2.14938  0.0797448    1.81969 -0.0272653
 0.326487  0.209434  0.650507 0.0301838 -0.120179   0.62378 0.383389 0.156217 0.650555 -0.0182349 -0.0630512   0.692122 1  0.556502 -0.534059 -0.120916  -2.15298 0.0800649   1.82478 -0.027834
 0.325456  0.210385  0.650501  0.029777 -0.120581  0.623459 0.382314  0.15721 0.650546 -0.0184885 -0.0641265   0.691736 1    0.56364  -0.537284  -0.123873   -2.15656  0.0803723    1.82984 -0.0284012
 0.324429  0.211332  0.650494 0.0293719 -0.120981   0.62314  0.38124 0.158202 0.650538 -0.0187265 -0.0651992   0.691349 1   0.570745  -0.540489  -0.126792    -2.1601  0.0806672    1.83489 -0.0289668
 0.323407  0.212275  0.650487 0.0289685 -0.121379  0.622822 0.380168 0.159192 0.650529  -0.018949 -0.0662689    0.69096 1   0.577815  -0.543674  -0.129673   -2.16362  0.0809497     1.8399 -0.0295309
 0.322389  0.213214   0.65048 0.0285669 -0.121776  0.622506 0.379097 0.160181  0.65052 -0.0191564 -0.0673352   0.690571 1   0.584847  -0.546838  -0.132514   -2.16711  0.0812201    1.84489 -0.0300936
 0.321376  0.214149  0.650474  0.028167 -0.122171  0.622191 0.378028 0.161169 0.650512 -0.0193489 -0.0683975    0.69018 1   0.591842  -0.549981  -0.135315   -2.17056  0.0814786    1.84986 -0.0306548
 0.320367   0.21508  0.650467  0.027769 -0.122565  0.621877  0.37696 0.162156 0.650503 -0.0195266 -0.0694555   0.689788 1   0.598797  -0.553102  -0.138076   -2.17399  0.0817252    1.85481 -0.0312148
 0.319363  0.216006   0.65046 0.0273728 -0.122956  0.621565 0.375894 0.163141 0.650495   -0.01969 -0.0705087   0.689396 1   0.605712  -0.556202  -0.140796   -2.17739  0.0819603    1.85973 -0.0317733
 0.318364  0.216928  0.650454 0.0269784 -0.123346  0.621254 0.374829 0.164125 0.650487 -0.0198391 -0.0715568   0.689003 1   0.612585  -0.559281  -0.143474   -2.18076  0.0821838    1.86463 -0.0323307
 0.317369  0.217846  0.650447 0.0265859 -0.123733  0.620945 0.373766 0.165107 0.650479 -0.0199744 -0.0725994    0.68861 1   0.619415  -0.562337   -0.14611    -2.1841  0.0823961    1.86951 -0.0328867
  0.31638  0.218759   0.65044 0.0261953 -0.124119  0.620637 0.372705 0.166087 0.650471  -0.020096 -0.0736361   0.688216 1   0.626201  -0.565371  -0.148704   -2.18741  0.0825973    1.87436 -0.0334416
 0.315395  0.219667  0.650434 0.0258066 -0.124503  0.620331 0.371645 0.167066 0.650464 -0.0202042 -0.0746664   0.687822 1   0.632942  -0.568383  -0.151255   -2.19069  0.0827876    1.87919 -0.0339953
 0.314415  0.220572  0.650427 0.0254199 -0.124885  0.620027 0.370588 0.168043 0.650456 -0.0202993 -0.0756902   0.687428 1  0.639637 -0.571371 -0.153763  -2.19395 0.0829672   1.88401 -0.034548
  0.31344  0.221471  0.650421 0.0250351 -0.125266  0.619723 0.369532 0.169019 0.650449 -0.0203816 -0.0767069   0.687034 1   0.646285  -0.574336  -0.156227   -2.19717  0.0831361     1.8888 -0.0350995
  0.31247  0.222366  0.650414 0.0246524 -0.125644  0.619422 0.368478 0.169993 0.650442 -0.0204513 -0.0777164    0.68664 1   0.652886  -0.577278  -0.158647   -2.20037  0.0832947    1.89357 -0.0356501
 0.311505  0.223256  0.650408 0.0242716  -0.12602  0.619122 0.367426 0.170964 0.650435 -0.0205087 -0.0787182   0.686246 1   0.659438  -0.580196  -0.161024   -2.20354  0.0834431    1.89832 -0.0361996
 0.310545  0.224142  0.650402 0.0238929 -0.126394  0.618824 0.366377 0.171934 0.650428 -0.0205541  -0.079712   0.685852 1   0.665941   -0.58309  -0.163357   -2.20669  0.0835814    1.90305 -0.0367483
 0.309591  0.225022  0.650395 0.0235162 -0.126766  0.618527 0.365329 0.172902 0.650421 -0.0205878 -0.0806976    0.68546 1  0.672394  -0.58596 -0.165646  -2.20981 0.0837098   1.90776 -0.037296
 0.308642  0.225898  0.650389 0.0231416 -0.127136  0.618232 0.364284 0.173868 0.650415 -0.0206101 -0.0816747   0.685067 1  0.678796 -0.588805  -0.16789   -2.2129 0.0838284   1.91245 -0.037843
 0.307698  0.226769  0.650383 0.0227692 -0.127504  0.617938 0.363241 0.174832 0.650408 -0.0206211  -0.082643   0.684676 1   0.685147  -0.591625   -0.17009   -2.21596  0.0839376    1.91713 -0.0383891
 0.306759  0.227634  0.650377 0.0223988  -0.12787  0.617646   0.3622 0.175793 0.650402 -0.0206213 -0.0836022   0.684285 1   0.691447   -0.59442  -0.172246     -2.219  0.0840373    1.92178 -0.0389344
 0.305826  0.228495   0.65037 0.0220306 -0.128234  0.617356 0.361162 0.176753 0.650396 -0.0206108 -0.0845521   0.683896 1   0.697694  -0.597189  -0.174358   -2.22201  0.0841278    1.92642 -0.0394791
 0.304899  0.229351  0.650364 0.0216646 -0.128596  0.617068 0.360126  0.17771  0.65039   -0.02059 -0.0854925   0.683507 1   0.703888  -0.599933  -0.176425   -2.22499  0.0842092    1.93103 -0.0400231
 0.303977  0.230201  0.650358 0.0213008 -0.128955  0.616781 0.359092 0.178665 0.650384 -0.0205591 -0.0864231    0.68312 1    0.71003  -0.602651  -0.178449   -2.22795  0.0842817    1.93563 -0.0405664
 0.303061  0.231047  0.650352 0.0209392 -0.129312  0.616497 0.358061 0.179617 0.650378 -0.0205184 -0.0873438   0.682734 1   0.716118  -0.605342  -0.180428   -2.23088  0.0843455    1.94022 -0.0411092
  0.30215  0.231887  0.650346 0.0205799 -0.129667  0.616213 0.357033 0.180567 0.650373 -0.0204681 -0.0882543   0.682349 1   0.722153  -0.608007  -0.182364   -2.23378  0.0844006    1.94478 -0.0416514
 0.301245  0.232722   0.65034 0.0202228  -0.13002  0.615932 0.356007 0.181515 0.650367 -0.0204087 -0.0891544   0.681967 1   0.728133  -0.610646  -0.184256   -2.23666  0.0844472    1.94933 -0.0421931
 0.300346  0.233551  0.650334 0.0198681 -0.130371  0.615653 0.354984  0.18246 0.650362 -0.0203402  -0.090044   0.681585 1   0.734059  -0.613258  -0.186105   -2.23952  0.0844856    1.95386 -0.0427344
 0.299453  0.234375  0.650328 0.0195156 -0.130719  0.615375 0.353964 0.183402 0.650357  -0.020263 -0.0909229   0.681206 1   0.739931  -0.615842  -0.187911   -2.24235  0.0845157    1.95838 -0.0432752
 0.298566  0.235194  0.650322 0.0191655 -0.131065  0.615099 0.352947 0.184342 0.650351 -0.0201774  -0.091791   0.680828 1   0.745747    -0.6184  -0.189674   -2.24515  0.0845378    1.96288 -0.0438156
 0.297685  0.236006  0.650316 0.0188178 -0.131408  0.614825 0.351932 0.185279 0.650346 -0.0200835 -0.0926481   0.680453 1    0.75151  -0.620929  -0.191395   -2.24793   0.084552    1.96736 -0.0443557
  0.29681  0.236814  0.650311 0.0184724 -0.131749  0.614553 0.350921 0.186213 0.650342 -0.0199817 -0.0934941   0.680079 1   0.757217  -0.623432  -0.193074   -2.25068  0.0845584    1.97183 -0.0448955
 0.295941  0.237616  0.650305 0.0181295 -0.132088  0.614283 0.349912 0.187145 0.650337 -0.0198723 -0.0943288   0.679708 1   0.762869  -0.625906   -0.19471   -2.25341  0.0845572    1.97628 -0.0454349
 0.295078  0.238412  0.650299  0.017789 -0.132425  0.614015 0.348907 0.188073 0.650332 -0.0197554 -0.0951522   0.679339 1   0.768466  -0.628352  -0.196305   -2.25612  0.0845484    1.98072 -0.0459742
 0.294221  0.239202  0.650293 0.0174509 -0.132759  0.613748 0.347905 0.188999 0.650328 -0.0196313 -0.0959642   0.678972 1   0.774008   -0.63077   -0.19786    -2.2588  0.0845323    1.98514 -0.0465132
 0.293371  0.239986  0.650288 0.0171154  -0.13309  0.613484 0.346906 0.189922 0.650323 -0.0195003 -0.0967646   0.678608 1  0.779496  -0.63316 -0.199373  -2.26145 0.0845089   1.98955 -0.047052
 0.292527  0.240765  0.650282 0.0167823 -0.133419  0.613222  0.34591 0.190842 0.650319 -0.0193626 -0.0975534   0.678246 1   0.784928  -0.635522  -0.200846   -2.26408  0.0844783    1.99394 -0.0475907
 0.291689  0.241538  0.650277 0.0164518 -0.133746  0.612961 0.344918 0.191758 0.650314 -0.0192185 -0.0983306   0.677887 1   0.790305  -0.637854   -0.20228   -2.26669  0.0844408    1.99832 -0.0481293
 0.290858  0.242305  0.650271 0.0161238  -0.13407  0.612703 0.343929 0.192672  0.65031 -0.0190681  -0.099096   0.677531 1   0.795628  -0.640159  -0.203674   -2.26927  0.0843963    2.00269 -0.0486678
 0.290034  0.243065  0.650266 0.0157984 -0.134391  0.612446 0.342943 0.193582 0.650306 -0.0189118 -0.0998497   0.677177 1   0.800895  -0.642434  -0.205029   -2.27183   0.084345    2.00704 -0.0492062
 0.289216   0.24382   0.65026 0.0154756  -0.13471  0.612192 0.341961 0.194489 0.650302 -0.0187497  -0.100592   0.676826 1   0.806109  -0.644681  -0.206346   -2.27437   0.084287    2.01137 -0.0497445
 0.288404  0.244569  0.650255 0.0151554 -0.135027   0.61194 0.340983 0.195393 0.650298 -0.0185822  -0.101321   0.676478 1   0.811267  -0.646898  -0.207625   -2.27689  0.0842224     2.0157 -0.0502829
   0.2876  0.245311  0.650249 0.0148379  -0.13534   0.61169 0.340008 0.196293 0.650295 -0.0184093   -0.10204   0.676134 1   0.816372  -0.649087  -0.208866   -2.27938  0.0841513    2.02001 -0.0508213
 0.286802  0.246047  0.650244  0.014523 -0.135651  0.611442 0.339037  0.19719 0.650291 -0.0182313  -0.102746   0.675792 1   0.821423  -0.651246  -0.210071   -2.28184  0.0840739    2.02431 -0.0513597
 0.286011  0.246777  0.650239 0.0142109  -0.13596  0.611196 0.338069 0.198083 0.650287 -0.0180484   -0.10344   0.675453 1   0.826419  -0.653377   -0.21124   -2.28429  0.0839901    2.02859 -0.0518982
 0.285227    0.2475  0.650234 0.0139014 -0.136266  0.610952 0.337106 0.198973 0.650284 -0.0178609  -0.104122   0.675118 1   0.831362  -0.655478  -0.212372   -2.28671  0.0839002    2.03286 -0.0524368
 0.284449  0.248217  0.650229 0.0135947 -0.136569   0.61071 0.336146  0.19986  0.65028 -0.0176689  -0.104793   0.674785 1   0.836252   -0.65755  -0.213469   -2.28911  0.0838042    2.03712 -0.0529755
 0.283679  0.248928  0.650223 0.0132908 -0.136869  0.610471  0.33519 0.200743 0.650277 -0.0174727  -0.105451   0.674456 1   0.841088  -0.659593  -0.214532   -2.29149  0.0837022    2.04137 -0.0535143
 0.282916  0.249632  0.650218 0.0129896 -0.137166  0.610234 0.334238 0.201622 0.650273 -0.0172725  -0.106098   0.674131 1   0.845872  -0.661607   -0.21556   -2.29384  0.0835943     2.0456 -0.0540532
  0.28216   0.25033  0.650213 0.0126912 -0.137461  0.609999 0.333291 0.202497  0.65027 -0.0170683  -0.106733   0.673808 1   0.850603  -0.663592  -0.216555   -2.29617  0.0834805    2.04982 -0.0545923
 0.281411   0.25102  0.650208 0.0123957 -0.137753  0.609766 0.332347 0.203369 0.650267 -0.0168605  -0.107356    0.67349 1   0.855282  -0.665547  -0.217517   -2.29848  0.0833611    2.05403 -0.0551316
  0.28067  0.251705  0.650203 0.0121031 -0.138042  0.609535 0.331408 0.204236 0.650263 -0.0166492  -0.107967   0.673174 1   0.859909  -0.667473  -0.218446   -2.30077   0.083236    2.05823 -0.0556711
 0.279935  0.252382  0.650199 0.0118133 -0.138329  0.609307 0.330473   0.2051  0.65026 -0.0164346  -0.108567   0.672863 1   0.864484  -0.669371  -0.219343   -2.30304  0.0831053    2.06242 -0.0562108
 0.279208  0.253053  0.650194 0.0115264 -0.138612  0.609081 0.329542  0.20596 0.650257 -0.0162169  -0.109155   0.672554 1   0.869007  -0.671239  -0.220209   -2.30528  0.0829692    2.06659 -0.0567507
 0.278489  0.253717  0.650189 0.0112425 -0.138893  0.608857 0.328615 0.206816 0.650254 -0.0159963  -0.109731    0.67225 1    0.87348  -0.673078  -0.221044   -2.30751  0.0828276    2.07075 -0.0572908
 0.277777  0.254374  0.650184 0.0109615  -0.13917  0.608636 0.327693 0.207668 0.650251 -0.0157728  -0.110296   0.671949 1   0.877901  -0.674888  -0.221849   -2.30971  0.0826808     2.0749 -0.0578312
 0.277072  0.255023   0.65018 0.0106834 -0.139445  0.608417 0.326776 0.208515 0.650248 -0.0155467  -0.110849   0.671651 1   0.882273  -0.676669  -0.222625   -2.31189  0.0825287    2.07904 -0.0583718
 0.276375  0.255666  0.650175 0.0104084 -0.139717    0.6082 0.325862 0.209359 0.650245 -0.0153182  -0.111391   0.671357 1   0.886594  -0.678422  -0.223371   -2.31405  0.0823714    2.08317 -0.0589127
 0.275686  0.256302   0.65017 0.0101364 -0.139985  0.607986 0.324954 0.210198 0.650242 -0.0150874  -0.111921   0.671067 1   0.890865  -0.680146  -0.224089   -2.31619  0.0822091    2.08728 -0.0594538
  0.275004   0.256931   0.650166 0.00986746  -0.140251   0.607774  0.32405 0.211033 0.650239 -0.0148545   -0.11244   0.670781 1   0.895087  -0.681841  -0.224779   -2.31831  0.0820417    2.09139 -0.0599952
  0.274331   0.257553   0.650161 0.00960156  -0.140514   0.607564 0.323151 0.211864 0.650236 -0.0146195  -0.112948   0.670499 1    0.89926  -0.683508  -0.225442   -2.32041  0.0818694    2.09548 -0.0605369
  0.273665   0.258167   0.650157 0.00933876  -0.140773   0.607357 0.322257  0.21269 0.650234 -0.0143827  -0.113445    0.67022 1   0.903385  -0.685147  -0.226078   -2.32249  0.0816922    2.09956 -0.0610788
  0.273007   0.258774   0.650153 0.00907907   -0.14103   0.607153 0.321367 0.213512 0.650231 -0.0141443  -0.113931   0.669945 1  0.907461 -0.686757 -0.226687  -2.32455 0.0815102   2.10363 -0.061621
  0.272357   0.259374   0.650148 0.00882253  -0.141283   0.606951 0.320483 0.214329 0.650228 -0.0139042  -0.114406   0.669673 1   0.911488  -0.688339  -0.227272   -2.32658  0.0813235    2.10769 -0.0621635
  0.271714   0.259966   0.650144 0.00856914  -0.141534   0.606751 0.319603 0.215142 0.650226 -0.0136628   -0.11487   0.669406 1   0.915469  -0.689893  -0.227831    -2.3286  0.0811321    2.11174 -0.0627063
   0.27108   0.260551    0.65014 0.00831894  -0.141781   0.606554 0.318729  0.21595 0.650223  -0.01342 -0.115323  0.669142 1   0.919402   -0.69142  -0.228366    -2.3306  0.0809361    2.11578 -0.0632494
  0.270455   0.261129   0.650136 0.00807194  -0.142025   0.606359 0.317859 0.216754  0.65022 -0.0131761  -0.115766   0.668882 1   0.923288  -0.692919  -0.228877   -2.33258  0.0807356     2.1198 -0.0637927
  0.269837   0.261699   0.650132 0.00782818  -0.142266   0.606167 0.316995 0.217552 0.650218 -0.0129311  -0.116198   0.668626 1   0.927127   -0.69439  -0.229365   -2.33454  0.0805306    2.12382 -0.0643363
  0.269227   0.262261   0.650128 0.00758768  -0.142503   0.605978 0.316136 0.218346 0.650215 -0.0126853   -0.11662   0.668374 1   0.930921  -0.695834  -0.229829   -2.33648  0.0803213    2.12782 -0.0648802
  0.268626   0.262816   0.650124 0.00735045  -0.142738   0.605791 0.315282 0.219136 0.650213 -0.0124386  -0.117032   0.668125 1   0.934668  -0.697251  -0.230272    -2.3384  0.0801076    2.13181 -0.0654244
  0.268033   0.263362    0.65012 0.00711652  -0.142969   0.605607 0.314433  0.21992  0.65021 -0.0121913  -0.117433   0.667881 1    0.93837  -0.698642  -0.230693    -2.3403  0.0798896     2.1358 -0.0659688
  0.267449   0.263902   0.650116 0.00688592  -0.143197   0.605425  0.31359   0.2207 0.650208 -0.0119433  -0.117824    0.66764 1   0.942027  -0.700005  -0.231094   -2.34218  0.0796674    2.13977 -0.0665134
  0.266873   0.264433   0.650112 0.00665867  -0.143421   0.605246 0.312752 0.221474 0.650205 -0.011695 -0.118206  0.667402 1    0.94564  -0.701342  -0.231473   -2.34404  0.0794411    2.14373 -0.0670583
  0.266306   0.264956   0.650108 0.00643479  -0.143642    0.60507  0.31192 0.222243 0.650203 -0.0114462  -0.118577   0.667169 1   0.949208  -0.702653  -0.231833   -2.34588  0.0792107    2.14768 -0.0676035
  0.265747   0.265472   0.650104 0.00621431   -0.14386   0.604896 0.311094 0.223008   0.6502 -0.0111972  -0.118939   0.666939 1   0.952731  -0.703937  -0.232173   -2.34771  0.0789762    2.15162 -0.0681488
  0.265197   0.265979   0.650101 0.00599724  -0.144075   0.604725 0.310273 0.223767 0.650198 -0.0109481  -0.119291   0.666713 1   0.956212  -0.705196  -0.232494   -2.34952  0.0787378    2.15554 -0.0686944
  0.264656   0.266479   0.650097 0.00578362  -0.144286   0.604557 0.309457 0.224521 0.650195 -0.0106989  -0.119634   0.666491 1   0.959649  -0.706429  -0.232797    -2.3513  0.0784956    2.15946 -0.0692402
  0.264123    0.26697   0.650094 0.00557346  -0.144493   0.604391 0.308648  0.22527 0.650193 -0.0104497  -0.119968   0.666273 1   0.963043  -0.707636  -0.233082   -2.35307  0.0782495    2.16337 -0.0697862
   0.2636  0.267453   0.65009 0.0053668 -0.144698  0.604228 0.307844 0.226013  0.65019 -0.0102006  -0.120292   0.666058 1   0.966394  -0.708819   -0.23335   -2.35483  0.0779996    2.16726 -0.0703323
  0.263085   0.267928   0.650087 0.00516364  -0.144898   0.604068 0.307046 0.226751 0.650188 -0.00995177   -0.120607    0.665847 1   0.969703  -0.709976  -0.233601   -2.35656   0.077746    2.17114 -0.0708786
  0.262579   0.268395   0.650083 0.00496403  -0.145096   0.603911 0.306254 0.227484 0.650186 -0.00970321   -0.120914    0.665639 1    0.97297  -0.711109  -0.233836   -2.35828  0.0774888    2.17502 -0.0714251
  0.262082   0.268853    0.65008 0.00476797  -0.145289   0.603756 0.305468 0.228211 0.650183 -0.00945502   -0.121211    0.665435 1   0.976196  -0.712217  -0.234055   -2.35998  0.0772279    2.17888 -0.0719717
  0.261594   0.269303   0.650077 0.00457549  -0.145479   0.603605 0.304688 0.228933 0.650181 -0.00920727     -0.1215    0.665235 1   0.979381  -0.713301  -0.234259   -2.36166  0.0769636    2.18273 -0.0725183
  0.261116   0.269745   0.650074 0.00438662  -0.145666   0.603456 0.303914 0.229649 0.650179 -0.00896005    -0.12178    0.665038 1   0.982524  -0.714361  -0.234448   -2.36332  0.0766957    2.18657 -0.0730651
  0.260646   0.270178   0.650071 0.00420139  -0.145849    0.60331 0.303146  0.23036 0.650177 -0.00871343   -0.122052    0.664845 1  0.985628 -0.715398 -0.234623  -2.36497 0.0764245   2.19039 -0.073612
 0.260186  0.270602  0.650068 0.0040198 -0.146028  0.603167 0.302384 0.231064 0.650174 -0.00846748   -0.122316    0.664655 1   0.988691  -0.716411  -0.234784    -2.3666  0.0761499    2.19421 -0.0741589
  0.259735   0.271018   0.650065 0.00384189  -0.146204   0.603027 0.301629 0.231763 0.650172 -0.00822226   -0.122571    0.664468 1   0.991714  -0.717401  -0.234931   -2.36821   0.075872    2.19802 -0.0747059
  0.259294   0.271425   0.650062 0.00366768  -0.146376    0.60289  0.30088 0.232457  0.65017 -0.00797784   -0.122819    0.664285 1   0.994697  -0.718368  -0.235066   -2.36981   0.075591    2.20181 -0.0752529
 0.258862  0.271824  0.650059 0.0034972 -0.146545  0.602755 0.300137 0.233144 0.650167 -0.00773429   -0.123059    0.664106 1   0.997642  -0.719313  -0.235189   -2.37138  0.0753067    2.20559 -0.0757998
  0.258439   0.272214   0.650056 0.00333046   -0.14671   0.602624 0.299401 0.233826 0.650165 -0.00749166   -0.123291     0.66393 1    1.00055  -0.720235    -0.2353   -2.37295  0.0750193    2.20936 -0.0763468
 0.258027  0.272595  0.650053 0.0031675 -0.146871  0.602495 0.298672 0.234501 0.650163  -0.00725 -0.123515  0.663757 1    1.00341  -0.721135  -0.235399   -2.37449  0.0747289    2.21312 -0.0768937
  0.257623   0.272967   0.650051 0.00300832  -0.147028    0.60237 0.297949 0.235171 0.650161 -0.00700938   -0.123732    0.663587 1    1.00624  -0.722014  -0.235488   -2.37602  0.0744355    2.21687 -0.0774405
  0.257229    0.27333   0.650048 0.00285297  -0.147181   0.602248 0.297232 0.235834 0.650159 -0.00676984   -0.123942    0.663421 1    1.00903  -0.722871  -0.235566   -2.37754  0.0741392    2.22061 -0.0779872
  0.256846   0.273684   0.650045 0.00270145  -0.147331   0.602128 0.296522 0.236492 0.650156 -0.00653144   -0.124145    0.663258 1    1.01179  -0.723707  -0.235635   -2.37903  0.0738401    2.22433 -0.0785338
 0.256471   0.27403  0.650043 0.0025538 -0.147477  0.602012 0.295819 0.237143 0.650154 -0.00629423    -0.12434    0.663098 1     1.0145  -0.724522  -0.235693   -2.38052  0.0735381    2.22804 -0.0790802
  0.256107   0.274366   0.650041 0.00241004  -0.147619   0.601899 0.295123 0.237788 0.650152 -0.00605825   -0.124529    0.662941 1    1.01718  -0.725316  -0.235743   -2.38198  0.0732334    2.23175 -0.0796265
  0.255753   0.274693   0.650038 0.00227018  -0.147757   0.601789 0.294434 0.238427  0.65015 -0.00582355   -0.124711    0.662787 1    1.01983   -0.72609  -0.235784   -2.38343   0.072926    2.23544 -0.0801725
  0.255408    0.27501   0.650036 0.00213426  -0.147891   0.601681 0.293751 0.239059 0.650148 -0.00559015   -0.124886    0.662637 1    1.02243  -0.726845  -0.235817   -2.38487   0.072616    2.23911 -0.0807184
 0.255074  0.275319  0.650034 0.0020023 -0.148022  0.601577 0.293076 0.239685 0.650146 -0.00535812   -0.125055    0.662489 1      1.025  -0.727579  -0.235842   -2.38629  0.0723035    2.24278 -0.0812639
   0.25475   0.275618   0.650032 0.00187432  -0.148148   0.601477 0.292408 0.240305 0.650144 -0.00512748   -0.125218    0.662344 1    1.02754  -0.728295   -0.23586   -2.38769  0.0719885    2.24643 -0.0818092
  0.254435   0.275908   0.650029 0.00175035  -0.148271   0.601379 0.291746 0.240918 0.650141 -0.00489827   -0.125375    0.662203 1    1.03004  -0.728991  -0.235871   -2.38908   0.071671    2.25007 -0.0823541
 0.254131  0.276188  0.650027 0.0016304 -0.148389  0.601284 0.291092 0.241524 0.650139 -0.00467053   -0.125525    0.662064 1     1.0325  -0.729669  -0.235875   -2.39046  0.0713512     2.2537 -0.0828987
  0.253838   0.276459   0.650025 0.00151451  -0.148504   0.601193 0.290445 0.242124 0.650137 -0.00444429    -0.12567    0.661927 1    1.03493  -0.730328  -0.235874   -2.39182  0.0710291    2.25731 -0.0834429
  0.253554   0.276721   0.650024 0.00140269  -0.148614   0.601105 0.289805 0.242717 0.650135 -0.00421957   -0.125809    0.661794 1    1.03732  -0.730969  -0.235866   -2.39316  0.0707048    2.26092 -0.0839867
  0.253281   0.276973   0.650022 0.00129496  -0.148721    0.60102 0.289173 0.243304 0.650133 -0.0039964  -0.125943   0.661663 1    1.03968  -0.731592  -0.235854   -2.39449  0.0703782    2.26451 -0.0845301
  0.253019   0.277215    0.65002 0.00119136  -0.148823   0.600939 0.288548 0.243883 0.650131 -0.00377482    -0.12607    0.661535 1   1.04201 -0.732198 -0.235837  -2.39581 0.0700496   2.26809 -0.085073
  0.252767   0.277447   0.650018 0.00109191  -0.148921    0.60086 0.287931 0.244456 0.650129 -0.00355483   -0.126193     0.66141 1     1.0443  -0.732787  -0.235815   -2.39711   0.069719    2.27165 -0.0856153
  0.252525    0.27767   0.650017 0.00099662  -0.149015   0.600785 0.287321 0.245022 0.650127 -0.00333649   -0.126311    0.661287 1    1.04656  -0.733359   -0.23579    -2.3984  0.0693863    2.27521 -0.0861572
   0.252295    0.277883    0.650015 0.000905525   -0.149105    0.600713 0.286718 0.245581 0.650125 -0.00311979   -0.126423    0.661167 1    1.04879  -0.733914   -0.23576   -2.39967  0.0690518    2.27875 -0.0866984
   0.252074    0.278086    0.650014 0.000818645   -0.149191    0.600645 0.286123 0.246133 0.650123 -0.00290476   -0.126531    0.661049 1   1.05098 -0.734453 -0.235728  -2.40093 0.0687154   2.28227 -0.087239
   0.251865    0.278279    0.650012 0.000736004   -0.149273     0.60058 0.285536 0.246678 0.650121 -0.0026914  -0.126633   0.660934 1   1.05314 -0.734976 -0.235693  -2.40218 0.0683772   2.28579 -0.087779
   0.251666    0.278463    0.650011 0.000657626    -0.14935    0.600518 0.284957 0.247216  0.65012 -0.00247976   -0.126732    0.660821 1    1.05527  -0.735484  -0.235655   -2.40341  0.0680373    2.28929 -0.0883183
   0.251479    0.278636     0.65001 0.000583533   -0.149423     0.60046 0.284385 0.247747 0.650118 -0.00226983   -0.126825     0.66071 1    1.05737  -0.735976  -0.235615   -2.40463  0.0676957    2.29278 -0.0888569
   0.251302    0.278799    0.650009 0.000513749   -0.149492    0.600405 0.283822 0.248271 0.650116 -0.00206165   -0.126915    0.660601 1    1.05943  -0.736453  -0.235574   -2.40584  0.0673526    2.29625 -0.0893947
   0.251136    0.278952    0.650008 0.000448297   -0.149557    0.600353 0.283266 0.248787 0.650114 -0.00185521      -0.127    0.660495 1    1.06146  -0.736916  -0.235531   -2.40703  0.0670079    2.29971 -0.0899318
   0.250981    0.279095    0.650007 0.000387202   -0.149617    0.600305 0.282718 0.249296 0.650112 -0.00165051   -0.127081    0.660391 1   1.06346 -0.737365 -0.235488  -2.40822 0.0666618   2.30316 -0.090468
   0.250837    0.279227    0.650006 0.000330485   -0.149673     0.60026 0.282178 0.249797  0.65011 -0.0014476  -0.127158   0.660289 1    1.06543  -0.737799  -0.235444   -2.40938  0.0663143    2.30659 -0.0910034
   0.250705     0.27935    0.650005 0.000278172   -0.149725    0.600219 0.281646 0.250292 0.650109 -0.00124644   -0.127231    0.660189 1    1.06737   -0.73822  -0.235399   -2.41054  0.0659655    2.31001 -0.0915378
   0.250584    0.279462    0.650004 0.000230284   -0.149772    0.600181 0.281123 0.250778 0.650107 -0.00104707   -0.127301    0.660092 1    1.06928  -0.738627  -0.235355   -2.41168  0.0656154    2.31342 -0.0920714
   0.250473    0.279563    0.650003 0.000186847   -0.149815    0.600147 0.280608 0.251257 0.650105 -0.00084948   -0.127367    0.659996 1    1.07116  -0.739022  -0.235311   -2.41281  0.0652642    2.31681 -0.0926039
   0.250375    0.279654    0.650002 0.000147882   -0.149854    0.600117   0.2801 0.251729 0.650103 -0.000653683     -0.12743     0.659902 1    1.07301  -0.739403  -0.235269   -2.41393  0.0649118    2.32019 -0.0931355
   0.250287    0.279735    0.650002 0.000113413   -0.149888    0.600089 0.279602 0.252193 0.650102 -0.000459684    -0.127489      0.65981 1    1.07483  -0.739772  -0.235227   -2.41503  0.0645584    2.32355 -0.0936659
   0.250212    0.279805    0.650001 8.34644e-05   -0.149918    0.600066 0.279111 0.252649   0.6501 -0.000267463    -0.127545     0.659719 1    1.07662  -0.740129  -0.235187   -2.41613   0.064204    2.32691 -0.0941953
  0.250147   0.279864   0.650001 5.8059e-05  -0.149943   0.600046 0.278629 0.253097 0.650099 -7.70602e-05    -0.127599     0.659631 1    1.07838  -0.740475  -0.235149   -2.41721  0.0638487    2.33024 -0.0947236
   0.250094    0.279913    0.650001 3.72202e-05   -0.149963    0.600029 0.278156 0.253538 0.650097 0.000111561   -0.127649    0.659544 1    1.08011  -0.740808  -0.235113   -2.41828  0.0634925    2.33356 -0.0952507
   0.250053    0.279951        0.65 2.09715e-05   -0.149979    0.600017 0.277691 0.253971 0.650096 0.000298393   -0.127697    0.659459 1    1.08181  -0.741131   -0.23508   -2.41934  0.0631356    2.33687 -0.0957766
   0.250024    0.279978        0.65 9.33628e-06   -0.149991    0.600007 0.277235 0.254396 0.650094 0.000483419   -0.127742    0.659375 1    1.08348  -0.741442   -0.23505   -2.42038   0.062778    2.34017 -0.0963013
   0.250006    0.279995        0.65 2.33797e-06   -0.149998    0.600002 0.276787 0.254812 0.650093 0.000666662   -0.127784    0.659293 1    1.08513  -0.741743  -0.235023   -2.42142  0.0624197    2.34344 -0.0968246
       0.25        0.28        0.65 2.77556e-17       -0.15         0.6 0.276348 0.255221 0.650091 0.00084814  -0.127824   0.659213 1    1.08675  -0.742034  -0.234999   -2.42244  0.0620609    2.34671 -0.0973467
 0.25  0.28  0.65     0 -0.15   0.6 0.275918 0.255622  0.65009 0.00102781  -0.127862   0.659134 1    1.08834  -0.742315   -0.23498   -2.42346  0.0617015    2.34996 -0.0978674
 0.25  0.28  0.65     0 -0.15   0.6 0.275497 0.256014 0.650088 0.00120572  -0.127897   0.659056 1     1.0899  -0.742585  -0.234965   -2.42446  0.0613418    2.35319 -0.0983866
 0.25  0.28  0.65     0 -0.15   0.6 0.275083 0.256401 0.650087 0.00138182  -0.127931    0.65898 1    1.09143  -0.742847   -0.23495   -2.42545  0.0609814    2.35642 -0.0989049
 0.25  0.28  0.65     0 -0.15   0.6 0.274675 0.256781 0.650086 0.00155608  -0.127961   0.658905 1    1.09294  -0.743099  -0.234936   -2.42643  0.0606204    2.35962 -0.0994221
 0.25  0.28  0.65     0 -0.15   0.6 0.274273 0.257155 0.650084 0.00172853  -0.127989   0.658832 1    1.09443  -0.743342  -0.234923   -2.42741  0.0602589    2.36282 -0.0999382
 0.25  0.28  0.65     0 -0.15   0.6 0.273879 0.257524 0.650083 0.00189919  -0.128016    0.65876 1   1.09589 -0.743576  -0.23491  -2.42837 0.0598969     2.366 -0.100453
 0.25  0.28  0.65     0 -0.15   0.6  0.27349 0.257886 0.650082 0.00206805  -0.128039   0.658689 1   1.09733 -0.743802 -0.234898  -2.42932 0.0595345   2.36916 -0.100967
 0.25  0.28  0.65     0 -0.15   0.6 0.273108 0.258242  0.65008 0.00223511  -0.128061    0.65862 1   1.09875 -0.744019 -0.234887  -2.43027 0.0591716   2.37232  -0.10148
 0.25  0.28  0.65     0 -0.15   0.6 0.272733 0.258593 0.650079 0.0024004  -0.12808  0.658552 1   1.10014 -0.744228 -0.234876   -2.4312 0.0588083   2.37546 -0.101992
 0.25  0.28  0.65     0 -0.15   0.6 0.272363 0.258938 0.650078 0.00256391  -0.128098   0.658486 1   1.10152 -0.744429 -0.234867  -2.43213 0.0584447   2.37859 -0.102503
 0.25  0.28  0.65     0 -0.15   0.6 0.271999 0.259277 0.650077 0.00272568  -0.128113    0.65842 1   1.10286 -0.744622 -0.234857  -2.43305 0.0580808    2.3817 -0.103013
 0.25  0.28  0.65     0 -0.15   0.6 0.271642 0.259611 0.650076 0.00288569  -0.128127   0.658356 1   1.10419 -0.744807 -0.234849  -2.43396 0.0577165    2.3848 -0.103521
 0.25  0.28  0.65     0 -0.15   0.6  0.27129  0.25994 0.650074 0.00304396  -0.128138   0.658293 1    1.1055 -0.744985 -0.234841  -2.43486  0.057352   2.38789 -0.104029
 0.25  0.28  0.65     0 -0.15   0.6 0.270943 0.260263 0.650073 0.0032005 -0.128148  0.658231 1   1.10678 -0.745155 -0.234834  -2.43575 0.0569872   2.39096 -0.104536
 0.25  0.28  0.65     0 -0.15   0.6 0.270603 0.260581 0.650072 0.00335532  -0.128156    0.65817 1   1.10804 -0.745319 -0.234828  -2.43664 0.0566223   2.39402 -0.105041
 0.25  0.28  0.65     0 -0.15   0.6 0.270268 0.260894 0.650071 0.00350846  -0.128162   0.658111 1   1.10929 -0.745475 -0.234822  -2.43751 0.0562571   2.39707 -0.105546
 0.25  0.28  0.65     0 -0.15   0.6 0.269938 0.261202  0.65007 0.00365989  -0.128167   0.658052 1   1.11051 -0.745625 -0.234817  -2.43838 0.0558918    2.4001 -0.106049
 0.25  0.28  0.65     0 -0.15   0.6 0.269614 0.261505 0.650069 0.00380964   -0.12817   0.657995 1   1.11171 -0.745768 -0.234812  -2.43924 0.0555263   2.40312 -0.106551
 0.25  0.28  0.65     0 -0.15   0.6 0.269295 0.261803 0.650068 0.00395774  -0.128171   0.657939 1    1.1129 -0.745905 -0.234808  -2.44009 0.0551608   2.40613 -0.107053
 0.25  0.28  0.65     0 -0.15   0.6 0.268981 0.262097 0.650067 0.0041042 -0.128171  0.657883 1   1.11406 -0.746035 -0.234805  -2.44094 0.0547951   2.40912 -0.107553
 0.25  0.28  0.65     0 -0.15   0.6 0.268673 0.262385 0.650066  0.004249 -0.128169  0.657829 1   1.11521 -0.746159 -0.234802  -2.44178 0.0544295   2.41211 -0.108052
 0.25  0.28  0.65     0 -0.15   0.6 0.268369 0.262669 0.650065 0.0043922 -0.128165  0.657776 1   1.11633 -0.746277   -0.2348  -2.44261 0.0540637   2.41508  -0.10855
 0.25  0.28  0.65     0 -0.15   0.6  0.26807 0.262948 0.650064 0.00453379  -0.128161   0.657723 1   1.11744 -0.746389 -0.234799  -2.44343  0.053698   2.41803 -0.109048
 0.25  0.28  0.65     0 -0.15   0.6 0.267776 0.263223 0.650063 0.00467378  -0.128154   0.657672 1   1.11853 -0.746495 -0.234798  -2.44424 0.0533322   2.42098 -0.109544
 0.25  0.28  0.65     0 -0.15   0.6 0.267487 0.263494 0.650062 0.00481219  -0.128147   0.657622 1    1.1196 -0.746596 -0.234797  -2.44505 0.0529665   2.42391 -0.110039
 0.25  0.28  0.65     0 -0.15   0.6 0.267203  0.26376 0.650061 0.00494905  -0.128138   0.657572 1   1.12066 -0.746691 -0.234798  -2.44585 0.0526009   2.42683 -0.110533
 0.25  0.28  0.65     0 -0.15   0.6 0.266923 0.264022  0.65006 0.00508435  -0.128128   0.657524 1    1.1217  -0.74678 -0.234798  -2.44665 0.0522353   2.42973 -0.111026
 0.25  0.28  0.65     0 -0.15   0.6 0.266648 0.264279 0.650059 0.00521813  -0.128116   0.657476 1   1.12272 -0.746865 -0.234799  -2.44744 0.0518698   2.43262 -0.111518
 0.25  0.28  0.65     0 -0.15   0.6 0.266377 0.264533 0.650058 0.00535038  -0.128104   0.657429 1   1.12372 -0.746944 -0.234801  -2.44822 0.0515044   2.43551 -0.112009
 0.25  0.28  0.65     0 -0.15   0.6 0.266111 0.264782 0.650057 0.00548115   -0.12809   0.657383 1   1.12471 -0.747018 -0.234803  -2.44899 0.0511392   2.43837 -0.112499
 0.25  0.28  0.65     0 -0.15   0.6 0.265849 0.265027 0.650056 0.00561043  -0.128075   0.657338 1   1.12568 -0.747087 -0.234806  -2.44976 0.0507741   2.44123 -0.112988
 0.25  0.28  0.65     0 -0.15   0.6 0.265591 0.265269 0.650055 0.00573824  -0.128059   0.657293 1   1.12664 -0.747152 -0.234809  -2.45052 0.0504091   2.44407 -0.113476
 0.25  0.28  0.65     0 -0.15   0.6 0.265337 0.265506 0.650054 0.00586459  -0.128041    0.65725 1   1.12758 -0.747211 -0.234813  -2.45128 0.0500444    2.4469 -0.113963
 0.25  0.28  0.65     0 -0.15   0.6 0.265088  0.26574 0.650053 0.00598949  -0.128023   0.657207 1    1.1285 -0.747266 -0.234817  -2.45202 0.0496798   2.44972 -0.114449
 0.25  0.28  0.65     0 -0.15   0.6 0.264842  0.26597 0.650053  0.006113 -0.128004  0.657165 1   1.12941 -0.747317 -0.234822  -2.45277 0.0493155   2.45253 -0.114934
 0.25  0.28  0.65     0 -0.15   0.6 0.264601 0.266196 0.650052 0.00623507  -0.127983   0.657124 1   1.13031 -0.747363 -0.234827   -2.4535 0.0489513   2.45533 -0.115418
 0.25  0.28  0.65     0 -0.15   0.6 0.264363 0.266418 0.650051 0.00635578  -0.127962   0.657083 1   1.13119 -0.747404 -0.234833  -2.45423 0.0485875   2.45811 -0.115901
 0.25  0.28  0.65     0 -0.15   0.6  0.26413 0.266637  0.65005 0.00647509  -0.127939   0.657044 1   1.13205 -0.747442 -0.234839  -2.45496 0.0482239   2.46088 -0.116383
 0.25  0.28  0.65     0 -0.15   0.6   0.2639 0.266853 0.650049 0.00659306  -0.127916   0.657005 1    1.1329 -0.747475 -0.234846  -2.45568 0.0478605   2.46364 -0.116865
 0.25  0.28  0.65     0 -0.15   0.6 0.263674 0.267064 0.650048 0.00670967  -0.127892   0.656966 1   1.13374 -0.747504 -0.234852  -2.45639 0.0474975   2.46639 -0.117345
 0.25  0.28  0.65     0 -0.15   0.6 0.263451 0.267273 0.650048 0.00682496  -0.127866   0.656929 1   1.13457  -0.74753  -0.23486   -2.4571 0.0471347   2.46912 -0.117824
 0.25  0.28  0.65     0 -0.15   0.6 0.263233 0.267478 0.650047 0.00693896   -0.12784   0.656892 1   1.13538 -0.747551 -0.234868   -2.4578 0.0467723   2.47184 -0.118302
 0.25  0.28  0.65     0 -0.15   0.6 0.263017  0.26768 0.650046 0.00705164  -0.127814   0.656855 1   1.13617 -0.747569 -0.234876  -2.45849 0.0464102   2.47456 -0.118779
 0.25  0.28  0.65     0 -0.15   0.6 0.262806 0.267879 0.650045 0.00716305  -0.127786    0.65682 1   1.13696 -0.747582 -0.234884  -2.45918 0.0460484   2.47726 -0.119256
 0.25  0.28  0.65     0 -0.15   0.6 0.262597 0.268074 0.650045 0.0072732 -0.127757  0.656785 1   1.13773 -0.747593 -0.234894  -2.45987  0.045687   2.47994 -0.119731
 0.25  0.28  0.65     0 -0.15   0.6 0.262392 0.268266 0.650044 0.00738209  -0.127728    0.65675 1   1.13848 -0.747599 -0.234903  -2.46055 0.0453259   2.48262 -0.120205
 0.25  0.28  0.65     0 -0.15   0.6 0.262191 0.268455 0.650043 0.00748975  -0.127698   0.656717 1   1.13923 -0.747602 -0.234913  -2.46122 0.0449652   2.48529 -0.120679
 0.25  0.28  0.65     0 -0.15   0.6 0.261992 0.268642 0.650043 0.00759619  -0.127667   0.656683 1   1.13996 -0.747602 -0.234923  -2.46189  0.044605   2.48794 -0.121151
 0.25  0.28  0.65     0 -0.15   0.6 0.261797 0.268825 0.650042 0.00770144  -0.127636   0.656651 1   1.14068 -0.747598 -0.234933  -2.46255 0.0442451   2.49058 -0.121623
 0.25  0.28  0.65     0 -0.15   0.6 0.261605 0.269005 0.650041 0.00780548  -0.127603   0.656619 1   1.14139 -0.747591 -0.234944  -2.46321 0.0438856   2.49321 -0.122094
 0.25  0.28  0.65     0 -0.15   0.6 0.261417 0.269182  0.65004 0.00790837   -0.12757   0.656588 1   1.14209 -0.747581 -0.234956  -2.46387 0.0435265   2.49583 -0.122563
 0.25  0.28  0.65     0 -0.15   0.6 0.261231 0.269356  0.65004 0.00801008  -0.127537   0.656557 1   1.14278 -0.747568 -0.234967  -2.46451 0.0431679   2.49844 -0.123032
 0.25  0.28  0.65     0 -0.15   0.6 0.261048 0.269528 0.650039 0.00811067  -0.127503   0.656527 1   1.14345 -0.747551 -0.234979  -2.46516 0.0428096   2.50104   -0.1235
 0.25  0.28  0.65     0 -0.15   0.6 0.260868 0.269697 0.650038 0.00821013  -0.127468   0.656497 1   1.14411 -0.747532 -0.234991   -2.4658 0.0424519   2.50362 -0.123967
 0.25  0.28  0.65     0 -0.15   0.6 0.260691 0.269863 0.650038 0.00830846  -0.127432   0.656468 1   1.14477  -0.74751 -0.235004  -2.46643 0.0420946    2.5062 -0.124433
 0.25  0.28  0.65     0 -0.15   0.6 0.260517 0.270026 0.650037 0.0084057 -0.127396  0.656439 1   1.14541 -0.747484 -0.235017  -2.46706 0.0417377   2.50876 -0.124898
 0.25  0.28  0.65     0 -0.15   0.6 0.260346 0.270187 0.650037 0.00850185  -0.127359   0.656411 1   1.14604 -0.747456  -0.23503  -2.46768 0.0413814   2.51132 -0.125363
 0.25  0.28  0.65     0 -0.15   0.6 0.260178 0.270345 0.650036 0.00859694  -0.127322   0.656384 1   1.14666 -0.747425 -0.235044   -2.4683 0.0410255   2.51386 -0.125826
 0.25  0.28  0.65     0 -0.15   0.6 0.260012 0.270501 0.650035 0.00869097  -0.127284   0.656356 1   1.14727 -0.747391 -0.235058  -2.46891   0.04067   2.51639 -0.126289
 0.25  0.28  0.65     0 -0.15   0.6 0.259849 0.270654 0.650035 0.00878396  -0.127246    0.65633 1   1.14787 -0.747355 -0.235072  -2.46952 0.0403151   2.51891  -0.12675
 0.25  0.28  0.65     0 -0.15   0.6 0.259689 0.270805 0.650034 0.00887592  -0.127207   0.656304 1   1.14846 -0.747316 -0.235086  -2.47013 0.0399607   2.52142 -0.127211
 0.25  0.28  0.65     0 -0.15   0.6 0.259531 0.270953 0.650034 0.00896687  -0.127168   0.656278 1   1.14904 -0.747274 -0.235101  -2.47073 0.0396068   2.52392 -0.127671
 0.25  0.28  0.65     0 -0.15   0.6 0.259376 0.271099 0.650033 0.00905682  -0.127128   0.656253 1   1.14961  -0.74723 -0.235116  -2.47133 0.0392534    2.5264  -0.12813
 0.25  0.28  0.65     0 -0.15   0.6 0.259224 0.271242 0.650033 0.00914578  -0.127087   0.656229 1   1.15017 -0.747184 -0.235132  -2.47192 0.0389006   2.52888 -0.128588
 0.25  0.28  0.65     0 -0.15   0.6 0.259074 0.271383 0.650032 0.00923377  -0.127047   0.656204 1   1.15072 -0.747135 -0.235147   -2.4725 0.0385482   2.53135 -0.129045
 0.25  0.28  0.65     0 -0.15   0.6 0.258926 0.271522 0.650032 0.0093208 -0.127005  0.656181 1   1.15126 -0.747083 -0.235163  -2.47309 0.0381964    2.5338 -0.129502
 0.25  0.28  0.65     0 -0.15   0.6 0.258781 0.271659 0.650031 0.00940687  -0.126963   0.656157 1   1.15179  -0.74703 -0.235179  -2.47367 0.0378452   2.53625 -0.129957
 0.25  0.28  0.65     0 -0.15   0.6 0.258638 0.271793  0.65003 0.00949203  -0.126921   0.656135 1   1.15232 -0.746974 -0.235196  -2.47424 0.0374945   2.53868 -0.130412
 0.25  0.28  0.65     0 -0.15   0.6 0.258497 0.271925  0.65003 0.00957624  -0.126879   0.656112 1   1.15283 -0.746916 -0.235213  -2.47481 0.0371443   2.54111 -0.130866
 0.25  0.28  0.65     0 -0.15   0.6 0.258359 0.272056 0.650029 0.00965957  -0.126836    0.65609 1   1.15334 -0.746855  -0.23523  -2.47538 0.0367947   2.54352 -0.131319
 0.25  0.28  0.65     0 -0.15   0.6 0.258223 0.272184 0.650029 0.00974199  -0.126792   0.656069 1   1.15383 -0.746793 -0.235247  -2.47594 0.0364456   2.54593 -0.131771
 0.25  0.28  0.65     0 -0.15   0.6 0.258089  0.27231 0.650028 0.00982353  -0.126748   0.656047 1   1.15432 -0.746728 -0.235264   -2.4765 0.0360972   2.54832 -0.132222
 0.25  0.28  0.65     0 -0.15   0.6 0.257957 0.272433 0.650028 0.0099042 -0.126704  0.656027 1    1.1548 -0.746661 -0.235282  -2.47705 0.0357493    2.5507 -0.132673
 0.25  0.28  0.65     0 -0.15   0.6 0.257828 0.272555 0.650027 0.00998401  -0.126659   0.656006 1   1.15528 -0.746593   -0.2353   -2.4776 0.0354019   2.55308 -0.133123
 0.25  0.28  0.65     0 -0.15   0.6   0.2577 0.272675 0.650027  0.010063 -0.126614  0.655986 1   1.15574 -0.746522 -0.235318  -2.47815 0.0350552   2.55544 -0.133571
 0.25  0.28  0.65     0 -0.15   0.6 0.257575 0.272793 0.650026 0.0101411 -0.126569  0.655967 1    1.1562 -0.746449 -0.235337  -2.47869  0.034709   2.55779 -0.134019
 0.25  0.28  0.65     0 -0.15   0.6 0.257451  0.27291 0.650026 0.0102184 -0.126523  0.655948 1   1.15665 -0.746375 -0.235355  -2.47923 0.0343635   2.56014 -0.134467
 0.25  0.28  0.65     0 -0.15   0.6  0.25733 0.273024 0.650026 0.0102949 -0.126477  0.655929 1   1.15709 -0.746298 -0.235374  -2.47976 0.0340185   2.56247 -0.134913
 0.25  0.28  0.65     0 -0.15   0.6 0.257211 0.273136 0.650025 0.0103706 -0.126431   0.65591 1   1.15752  -0.74622 -0.235393  -2.48029 0.0336741   2.56479 -0.135359
 0.25  0.28  0.65     0 -0.15   0.6 0.257093 0.273247 0.650025 0.0104455 -0.126384  0.655892 1   1.15795  -0.74614 -0.235412  -2.48082 0.0333304   2.56711 -0.135804
 0.25  0.28  0.65     0 -0.15   0.6 0.256978 0.273356 0.650024 0.0105196 -0.126337  0.655874 1   1.15837 -0.746058 -0.235432  -2.48134 0.0329872   2.56941 -0.136248
 0.25  0.28  0.65     0 -0.15   0.6 0.256864 0.273463 0.650024 0.010593 -0.12629 0.655857 1   1.15878 -0.745974 -0.235452  -2.48186 0.0326446    2.5717 -0.136691
 0.25  0.28  0.65     0 -0.15   0.6 0.256752 0.273568 0.650023 0.0106656 -0.126243   0.65584 1   1.15919 -0.745889 -0.235472  -2.48238 0.0323027   2.57399 -0.137133
 0.25  0.28  0.65     0 -0.15   0.6 0.256642 0.273672 0.650023 0.0107374 -0.126195  0.655823 1   1.15959 -0.745802 -0.235492  -2.48289 0.0319614   2.57626 -0.137575
 0.25  0.28  0.65     0 -0.15   0.6 0.256534 0.273774 0.650023 0.0108086 -0.126147  0.655807 1   1.15998 -0.745713 -0.235512   -2.4834 0.0316207   2.57852 -0.138016
 0.25  0.28  0.65     0 -0.15   0.6 0.256428 0.273874 0.650022  0.010879 -0.126098  0.655791 1   1.16036 -0.745623 -0.235533   -2.4839 0.0312806   2.58078 -0.138456
 0.25  0.28  0.65     0 -0.15   0.6 0.256323 0.273973 0.650022 0.0109487  -0.12605  0.655775 1   1.16074 -0.745531 -0.235553   -2.4844 0.0309411   2.58302 -0.138895
 0.25  0.28  0.65     0 -0.15   0.6  0.25622  0.27407 0.650021 0.0110176 -0.126001   0.65576 1   1.16111 -0.745438 -0.235574   -2.4849 0.0306023   2.58526 -0.139334
 0.25  0.28  0.65     0 -0.15   0.6 0.256119 0.274165 0.650021 0.0110859 -0.125952  0.655745 1   1.16148 -0.745343 -0.235595  -2.48539 0.0302641   2.58749 -0.139772
 0.25  0.28  0.65     0 -0.15   0.6 0.256019 0.274259 0.650021 0.0111535 -0.125902   0.65573 1   1.16184 -0.745247 -0.235616  -2.48588 0.0299265    2.5897 -0.140209
 0.25  0.28  0.65     0 -0.15   0.6 0.255921 0.274352  0.65002 0.0112205 -0.125853  0.655716 1   1.16219 -0.745149 -0.235638  -2.48637 0.0295896   2.59191 -0.140645
 0.25  0.28  0.65     0 -0.15   0.6 0.255825 0.274443  0.65002 0.0112867 -0.125803  0.655702 1   1.16253  -0.74505 -0.235659  -2.48685 0.0292532   2.59411 -0.141081
 0.25  0.28  0.65     0 -0.15   0.6  0.25573 0.274532  0.65002 0.0113524 -0.125753  0.655688 1   1.16288 -0.744949 -0.235681  -2.48733 0.0289176    2.5963 -0.141516
 0.25  0.28  0.65     0 -0.15   0.6 0.255636  0.27462 0.650019 0.0114173 -0.125703  0.655674 1   1.16321 -0.744847 -0.235703  -2.48781 0.0285826   2.59847  -0.14195
 0.25  0.28  0.65     0 -0.15   0.6 0.255545 0.274707 0.650019 0.0114817 -0.125652  0.655661 1   1.16354 -0.744744 -0.235725  -2.48828 0.0282482   2.60064 -0.142383
 0.25  0.28  0.65     0 -0.15   0.6 0.255454 0.274792 0.650019 0.0115454 -0.125602  0.655648 1   1.16386  -0.74464 -0.235748  -2.48876 0.0279144   2.60281 -0.142816
 0.25  0.28  0.65     0 -0.15   0.6 0.255365 0.274876 0.650018 0.0116085 -0.125551  0.655636 1   1.16418 -0.744534  -0.23577  -2.48922 0.0275814   2.60496 -0.143247
 0.25  0.28  0.65     0 -0.15   0.6 0.255278 0.274959 0.650018 0.011671  -0.1255 0.655623 1   1.16449 -0.744426 -0.235793  -2.48969 0.0272489    2.6071 -0.143678
 0.25  0.28  0.65     0 -0.15   0.6 0.255192  0.27504 0.650017 0.0117328 -0.125448  0.655611 1    1.1648 -0.744318 -0.235815  -2.49015 0.0269171   2.60923 -0.144109
