0.0000 0.0000 0.0000 0.0000 0.0000
0.0100 0.0000 0.0000 0.0000 0.0000
0.0200 0.0000 0.0000 0.0000 0.0000
0.0300 0.0000 0.0000 0.0000 0.0000
0.0400 0.0000 0.0000 0.0000 0.0000
0.0500 0.0000 0.0000 0.0000 0.0000
0.0600 0.0000 0.0000 0.0000 0.0000
0.0700 0.0000 0.0000 0.0000 0.0000
0.0800 0.0000 0.0000 0.0000 0.0000
0.0900 0.0000 0.0000 0.0000 0.0000
0.1000 0.0000 0.0000 0.0000 0.0000
0.1100 0.0000 0.0000 0.0000 0.0000
0.1200 0.0000 0.0000 0.0000 0.0000
0.1300 0.0000 0.0000 0.0000 0.0000
0.1400 0.0000 0.0000 0.0000 0.0000
0.1500 0.0000 0.0000 0.0000 0.0000
0.1600 0.0000 0.0000 0.0000 0.0000
0.1700 0.0000 0.0000 0.0000 0.0000
0.1800 0.0000 0.0000 0.0000 0.0000
0.1900 0.0000 0.0000 0.0000 0.0000
0.2000 0.0000 0.0000 0.0000 0.0000
0.2100 0.0000 0.0000 0.0000 0.0000
0.2200 0.0000 0.0000 0.0000 0.0000
0.2300 0.0000 0.0000 0.0000 0.0000
0.2400 0.0000 0.0000 0.0000 0.0000
0.2500 0.0000 0.0000 0.0000 0.0000
0.2600 0.0000 0.0000 0.0000 0.0000
0.2700 0.0000 0.0000 0.0000 0.0000
0.2800 0.0000 0.0000 0.0000 0.0000
0.2900 0.0000 0.0000 0.0000 0.0000
0.3000 0.0000 0.0000 0.0000 0.0000
0.3100 0.0000 0.0000 0.0000 0.0000
0.3200 0.0000 0.0000 0.0000 0.0000
0.3300 0.0000 0.0000 0.0000 0.0000
0.3400 0.0000 0.0000 0.0000 0.0000
0.3500 0.0000 0.0000 0.0000 0.0000
0.3600 0.0000 0.0000 0.0000 0.0000
0.3700 0.0000 0.0000 0.0000 0.0000
0.3800 0.0000 0.0000 0.0000 0.0000
0.3900 0.0000 0.0000 0.0000 0.0000
0.4000 0.0000 0.0000 0.0000 0.0000
0.4100 0.0000 0.0000 0.0000 0.0000
0.4200 0.0000 0.0000 0.0000 0.0000
0.4300 0.0000 0.0000 0.0000 0.0000
0.4400 0.0000 0.0000 0.0000 0.0000
0.4500 0.0000 0.0000 0.0000 0.0000
0.4600 0.0000 0.0000 0.0000 0.0000
0.4700 0.0000 0.0000 0.0000 0.0000
0.4800 0.0000 0.0000 0.0000 0.0000
0.4900 0.0000 0.0000 0.0000 0.0000
0.5000 0.0000 0.0000 0.0000 0.0000
0.5100 0.0000 0.0000 0.0000 0.0000
0.5200 0.0000 0.0000 0.0000 0.0000
0.5300 0.0000 0.0000 0.0000 0.0000
0.5400 0.0000 0.0000 0.0000 0.0000
0.5500 0.0000 0.0000 0.0000 0.0000
0.5600 0.0000 0.0000 0.0000 0.0000
0.5700 0.0000 0.0000 0.0000 0.0000
0.5800 0.0000 0.0000 0.0000 0.0000
0.5900 0.0000 0.0000 0.0000 0.0000
0.6000 0.0000 0.0000 0.0000 0.0000
0.6100 0.0000 0.0000 0.0000 0.0000
0.6200 0.0000 0.0000 0.0000 0.0000
0.6300 0.0000 0.0000 0.0000 0.0000
0.6400 0.0000 0.0000 0.0000 0.0000
0.6500 0.0000 0.0000 0.0000 0.0000
0.6600 0.0000 0.0000 0.0000 0.0000
0.6700 0.0000 0.0000 0.0000 0.0000
0.6800 0.0000 0.0000 0.0000 0.0000
0.6900 0.0000 0.0000 0.0000 0.0000
0.7000 0.0000 0.0000 0.0000 0.0000
0.7100 0.0000 0.0000 0.0000 0.0000
0.7200 0.0000 0.0000 0.0000 0.0000
0.7300 0.0000 0.0000 0.0000 0.0000
0.7400 0.0000 0.0000 0.0000 0.0000
0.7500 0.0000 0.0000 0.0000 0.0000
0.7600 0.0000 0.0000 0.0000 0.0000
0.7700 0.0000 0.0000 0.0000 0.0000
0.7800 0.0000 0.0000 0.0000 0.0000
0.7900 0.0000 0.0000 0.0000 0.0000
0.8000 0.0000 0.0000 0.0000 0.0000
0.8100 0.0000 0.0000 0.0000 0.0000
0.8200 0.0000 0.0000 0.0000 0.0000
0.8300 0.0000 0.0000 0.0000 0.0000
0.8400 0.0000 0.0000 0.0000 0.0000
0.8500 0.0000 0.0000 0.0000 0.0000
0.8600 0.0000 0.0000 0.0000 0.0000
0.8700 0.0000 0.0000 0.0000 0.0000
0.8800 0.0000 0.0000 0.0000 0.0000
0.8900 0.0000 0.0000 0.0000 0.0000
0.9000 0.0000 0.0000 0.0000 0.0000
0.9100 0.0000 0.0000 0.0000 0.0000
0.9200 0.0000 0.0000 0.0000 0.0000
0.9300 0.0000 0.0000 0.0000 0.0000
0.9400 0.0000 0.0000 0.0000 0.0000
0.9500 0.0000 0.0000 0.0000 0.0000
0.9600 0.0000 0.0000 0.0000 0.0000
0.9700 0.0000 0.0000 0.0000 0.0000
0.9800 0.0000 0.0000 0.0000 0.0000
0.9900 0.0000 0.0000 0.0000 0.0000
1.0000 0.0000 0.0000 0.0000 0.0000
1.0100 0.0000 0.0000 0.0000 0.0000
1.0200 0.0000 0.0000 0.0000 0.0000
1.0300 0.0000 0.0000 0.0000 0.0000
1.0400 0.0000 0.0000 0.0000 0.0000
1.0500 0.0000 0.0000 0.0000 0.0000
1.0600 0.0000 0.0000 0.0000 0.0000
1.0700 0.0000 0.0000 0.0000 0.0000
1.0800 0.0000 0.0000 0.0000 0.0000
1.0900 0.0000 0.0000 0.0000 0.0000
1.1000 0.0000 0.0000 0.0000 0.0000
1.1100 0.0000 0.0000 0.0000 0.0000
1.1200 0.0000 0.0000 0.0000 0.0000
1.1300 0.0000 0.0000 0.0000 0.0000
1.1400 0.0000 0.0000 0.0000 0.0000
1.1500 0.0000 0.0000 0.0000 0.0000
1.1600 0.0000 0.0000 0.0000 0.0000
1.1700 0.0000 0.0000 0.0000 0.0000
1.1800 0.0000 0.0000 0.0000 0.0000
1.1900 0.0000 0.0000 0.0000 0.0000
1.2000 0.0000 0.0000 0.0000 0.0000
1.2100 0.0000 0.0000 0.0000 0.0000
1.2200 0.0000 0.0000 0.0000 0.0000
1.2300 0.0000 0.0000 0.0000 0.0000
1.2400 0.0000 0.0000 0.0000 0.0000
1.2500 0.0000 0.0000 0.0000 0.0000
1.2600 0.0000 0.0000 0.0000 0.0000
1.2700 0.0000 0.0000 0.0000 0.0000
1.2800 0.0000 0.0000 0.0000 0.0000
1.2900 0.0000 0.0000 0.0000 0.0000
1.3000 0.0000 0.0000 0.0000 0.0000
1.3100 0.0000 0.0000 0.0000 0.0000
1.3200 0.0000 0.0000 0.0000 0.0000
1.3300 0.0000 0.0000 0.0000 0.0000
1.3400 0.0000 0.0000 0.0000 0.0000
1.3500 0.0000 0.0000 0.0000 0.0000
1.3600 0.0000 0.0000 0.0000 0.0000
1.3700 0.0000 0.0000 0.0000 0.0000
1.3800 0.0000 0.0000 0.0000 0.0000
1.3900 0.0000 0.0000 0.0000 0.0000
1.4000 0.0000 0.0000 0.0000 0.0000
1.4100 0.0000 0.0000 0.0000 0.0000
1.4200 0.0000 0.0000 0.0000 0.0000
1.4300 0.0000 0.0000 0.0000 0.0000
1.4400 0.0000 0.0000 0.0000 0.0000
1.4500 0.0000 0.0000 0.0000 0.0000
1.4600 0.0000 0.0000 0.0000 0.0000
1.4700 0.0000 0.0000 0.0000 0.0000
1.4800 0.0000 0.0000 0.0000 0.0000
1.4900 0.0000 0.0000 0.0000 0.0000
1.5000 0.0000 0.0000 0.0000 0.0000
1.5100 0.0000 0.0000 0.0000 0.0000
1.5200 0.0000 0.0000 0.0000 0.0000
1.5300 0.0000 0.0000 0.0000 0.0000
1.5400 0.0000 0.0000 0.0000 0.0000
1.5500 0.0000 0.0000 0.0000 0.0000
1.5600 0.0000 0.0000 0.0000 0.0000
1.5700 0.0000 0.0000 0.0000 0.0000
1.5800 0.0000 0.0000 0.0000 0.0000
1.5900 0.0000 0.0000 0.0000 0.0000
1.6000 0.0000 0.0000 0.0000 0.0000
1.6100 0.0000 0.0000 0.0000 0.0000
1.6200 0.0000 0.0000 0.0000 0.0000
1.6300 0.0000 0.0000 0.0000 0.0000
1.6400 0.0000 0.0000 0.0000 0.0000
1.6500 0.0000 0.0000 0.0000 0.0000
1.6600 0.0000 0.0000 0.0000 0.0000
1.6700 0.0000 0.0000 0.0000 0.0000
1.6800 0.0000 0.0000 0.0000 0.0000
1.6900 0.0000 0.0000 0.0000 0.0000
1.7000 0.0000 0.0000 0.0000 0.0000
1.7100 0.0000 0.0000 0.0000 0.0000
1.7200 0.0000 0.0000 0.0000 0.0000
1.7300 0.0000 0.0000 0.0000 0.0000
1.7400 0.0000 0.0000 0.0000 0.0000
1.7500 0.0000 0.0000 0.0000 0.0000
1.7600 0.0000 0.0000 0.0000 0.0000
1.7700 0.0000 0.0000 0.0000 0.0000
1.7800 0.0000 0.0000 0.0000 0.0000
1.7900 0.0000 0.0000 0.0000 0.0000
1.8000 0.0000 0.0000 0.0000 0.0000
1.8100 0.0000 0.0000 0.0000 0.0000
1.8200 0.0000 0.0000 0.0000 0.0000
1.8300 0.0000 0.0000 0.0000 0.0000
1.8400 0.0000 0.0000 0.0000 0.0000
1.8500 0.0000 0.0000 0.0000 0.0000
1.8600 0.0000 0.0000 0.0000 0.0000
1.8700 0.0000 0.0000 0.0000 0.0000
1.8800 0.0000 0.0000 0.0000 0.0000
1.8900 0.0000 0.0000 0.0000 0.0000
1.9000 0.0000 0.0000 0.0000 0.0000
1.9100 0.0000 0.0000 0.0000 0.0000
1.9200 0.0000 0.0000 0.0000 0.0000
1.9300 0.0000 0.0000 0.0000 0.0000
1.9400 0.0000 0.0000 0.0000 0.0000
1.9500 0.0000 0.0000 0.0000 0.0000
1.9600 0.0000 0.0000 0.0000 0.0000
1.9700 0.0000 0.0000 0.0000 0.0000
1.9800 0.0000 0.0000 0.0000 0.0000
1.9900 0.0000 0.0000 0.0000 0.0000
2.0000 0.0000 0.0000 0.0000 0.0000
2.0100 0.0000 0.0000 0.0000 0.0000
2.0200 0.0000 0.0000 0.0001 0.0050
2.0300 0.0000 0.0001 0.0002 0.0100
2.0400 0.0000 0.0003 0.0004 0.0150
2.0500 0.0000 0.0005 0.0005 0.0200
2.0600 0.0000 0.0007 0.0006 0.0250
2.0700 0.0000 0.0010 0.0010 0.0300
2.0800 0.0000 0.0014 0.0014 0.0350
2.0900 0.0001 0.0018 0.0017 0.0399
2.1000 0.0001 0.0022 0.0021 0.0449
2.1100 0.0001 0.0027 0.0025 0.0499
2.1200 0.0001 0.0033 0.0031 0.0549
2.1300 0.0002 0.0039 0.0037 0.0598
2.1400 0.0002 0.0045 0.0044 0.0648
2.1500 0.0003 0.0052 0.0050 0.0698
2.1600 0.0003 0.0060 0.0056 0.0747
2.1700 0.0004 0.0068 0.0065 0.0796
2.1800 0.0005 0.0076 0.0074 0.0846
2.1900 0.0005 0.0085 0.0082 0.0895
2.2000 0.0006 0.0095 0.0091 0.0944
2.2100 0.0007 0.0105 0.0100 0.0993
2.2200 0.0008 0.0115 0.0110 0.0992
2.2300 0.0010 0.0124 0.0119 0.0991
2.2400 0.0011 0.0134 0.0129 0.0990
2.2500 0.0012 0.0144 0.0139 0.0988
2.2600 0.0014 0.0154 0.0149 0.0987
2.2700 0.0015 0.0164 0.0159 0.0985
2.2800 0.0017 0.0174 0.0169 0.0984
2.2900 0.0019 0.0184 0.0179 0.0982
2.3000 0.0021 0.0193 0.0189 0.0980
2.3100 0.0023 0.0203 0.0198 0.0978
2.3200 0.0025 0.0213 0.0208 0.0976
2.3300 0.0027 0.0223 0.0218 0.0974
2.3400 0.0029 0.0232 0.0228 0.0972
2.3500 0.0032 0.0242 0.0237 0.0970
2.3600 0.0034 0.0252 0.0247 0.0967
2.3700 0.0037 0.0261 0.0257 0.0965
2.3800 0.0039 0.0271 0.0266 0.0962
2.3900 0.0042 0.0281 0.0276 0.0959
2.4000 0.0045 0.0290 0.0285 0.0956
2.4100 0.0048 0.0300 0.0295 0.0954
2.4200 0.0051 0.0309 0.0304 0.0951
2.4300 0.0054 0.0319 0.0314 0.0947
2.4400 0.0057 0.0328 0.0323 0.0944
2.4500 0.0061 0.0338 0.0333 0.0941
2.4600 0.0064 0.0347 0.0342 0.0938
2.4700 0.0068 0.0356 0.0352 0.0934
2.4800 0.0071 0.0366 0.0361 0.0930
2.4900 0.0075 0.0375 0.0370 0.0927
2.5000 0.0079 0.0384 0.0379 0.0923
2.5100 0.0083 0.0393 0.0389 0.0920
2.5200 0.0087 0.0402 0.0398 0.0915
2.5300 0.0091 0.0412 0.0407 0.0911
2.5400 0.0095 0.0421 0.0416 0.0907
2.5500 0.0099 0.0430 0.0425 0.0903
2.5600 0.0103 0.0439 0.0434 0.0899
2.5700 0.0108 0.0448 0.0443 0.0894
2.5800 0.0112 0.0456 0.0452 0.0890
2.5900 0.0117 0.0465 0.0461 0.0885
2.6000 0.0122 0.0474 0.0470 0.0881
2.6100 0.0126 0.0483 0.0479 0.0876
2.6200 0.0131 0.0492 0.0487 0.0871
2.6300 0.0136 0.0500 0.0496 0.0866
2.6400 0.0141 0.0509 0.0505 0.0861
2.6500 0.0146 0.0517 0.0513 0.0856
2.6600 0.0152 0.0526 0.0522 0.0851
2.6700 0.0157 0.0534 0.0530 0.0846
2.6800 0.0162 0.0543 0.0539 0.0840
2.6900 0.0168 0.0551 0.0547 0.0835
2.7000 0.0173 0.0559 0.0555 0.0829
2.7100 0.0179 0.0568 0.0564 0.0824
2.7200 0.0185 0.0576 0.0572 0.0818
2.7300 0.0191 0.0584 0.0580 0.0812
2.7400 0.0196 0.0592 0.0588 0.0806
2.7500 0.0202 0.0600 0.0596 0.0801
2.7600 0.0208 0.0608 0.0604 0.0795
2.7700 0.0215 0.0616 0.0612 0.0789
2.7800 0.0221 0.0624 0.0620 0.0782
2.7900 0.0227 0.0631 0.0628 0.0776
2.8000 0.0233 0.0639 0.0635 0.0770
2.8100 0.0240 0.0647 0.0643 0.0764
2.8200 0.0246 0.0654 0.0651 0.0757
2.8300 0.0253 0.0662 0.0658 0.0750
2.8400 0.0260 0.0669 0.0666 0.0744
2.8500 0.0266 0.0677 0.0673 0.0737
2.8600 0.0273 0.0684 0.0681 0.0730
2.8700 0.0280 0.0691 0.0688 0.0723
2.8800 0.0287 0.0698 0.0695 0.0716
2.8900 0.0294 0.0706 0.0702 0.0710
2.9000 0.0301 0.0713 0.0709 0.0703
2.9100 0.0308 0.0719 0.0716 0.0696
2.9200 0.0315 0.0726 0.0723 0.0688
2.9300 0.0323 0.0733 0.0730 0.0681
2.9400 0.0330 0.0740 0.0736 0.0674
2.9500 0.0338 0.0747 0.0743 0.0666
2.9600 0.0345 0.0753 0.0750 0.0659
2.9700 0.0353 0.0760 0.0756 0.0651
2.9800 0.0360 0.0766 0.0763 0.0644
2.9900 0.0368 0.0772 0.0769 0.0636
3.0000 0.0376 0.0779 0.0776 0.0628
3.0100 0.0383 0.0785 0.0782 0.0621
3.0200 0.0391 0.0791 0.0788 0.0613
3.0300 0.0399 0.0797 0.0794 0.0605
3.0400 0.0407 0.0803 0.0800 0.0597
3.0500 0.0415 0.0809 0.0806 0.0589
3.0600 0.0423 0.0815 0.0812 0.0581
3.0700 0.0432 0.0821 0.0818 0.0572
3.0800 0.0440 0.0826 0.0823 0.0564
3.0900 0.0448 0.0832 0.0829 0.0556
3.1000 0.0457 0.0837 0.0834 0.0548
3.1100 0.0465 0.0843 0.0840 0.0539
3.1200 0.0473 0.0848 0.0845 0.0531
3.1300 0.0482 0.0853 0.0850 0.0522
3.1400 0.0490 0.0858 0.0856 0.0514
3.1500 0.0499 0.0863 0.0861 0.0505
3.1600 0.0508 0.0868 0.0866 0.0497
3.1700 0.0516 0.0873 0.0871 0.0488
3.1800 0.0525 0.0878 0.0875 0.0479
3.1900 0.0534 0.0883 0.0880 0.0470
3.2000 0.0543 0.0887 0.0885 0.0462
3.2100 0.0552 0.0892 0.0890 0.0453
3.2200 0.0561 0.0896 0.0894 0.0444
3.2300 0.0570 0.0901 0.0898 0.0435
3.2400 0.0579 0.0905 0.0903 0.0426
3.2500 0.0588 0.0909 0.0907 0.0417
3.2600 0.0597 0.0913 0.0911 0.0408
3.2700 0.0606 0.0917 0.0915 0.0399
3.2800 0.0615 0.0921 0.0919 0.0389
3.2900 0.0624 0.0925 0.0923 0.0380
3.3000 0.0634 0.0928 0.0927 0.0371
3.3100 0.0643 0.0932 0.0930 0.0362
3.3200 0.0652 0.0936 0.0934 0.0352
3.3300 0.0662 0.0939 0.0937 0.0343
3.3400 0.0671 0.0942 0.0941 0.0334
3.3500 0.0681 0.0946 0.0944 0.0324
3.3600 0.0690 0.0949 0.0947 0.0315
3.3700 0.0700 0.0952 0.0950 0.0305
3.3800 0.0709 0.0955 0.0953 0.0296
3.3900 0.0719 0.0958 0.0956 0.0286
3.4000 0.0728 0.0960 0.0959 0.0277
3.4100 0.0738 0.0963 0.0962 0.0267
3.4200 0.0747 0.0966 0.0964 0.0257
3.4300 0.0757 0.0968 0.0967 0.0248
3.4400 0.0767 0.0971 0.0969 0.0238
3.4500 0.0777 0.0973 0.0972 0.0228
3.4600 0.0786 0.0975 0.0974 0.0219
3.4700 0.0796 0.0977 0.0976 0.0209
3.4800 0.0806 0.0979 0.0978 0.0199
3.4900 0.0816 0.0981 0.0980 0.0189
3.5000 0.0825 0.0983 0.0982 0.0179
3.5100 0.0835 0.0984 0.0984 0.0170
3.5200 0.0845 0.0986 0.0985 0.0160
3.5300 0.0855 0.0988 0.0987 0.0150
3.5400 0.0865 0.0989 0.0988 0.0140
3.5500 0.0875 0.0990 0.0990 0.0130
3.5600 0.0885 0.0991 0.0991 0.0120
3.5700 0.0895 0.0993 0.0992 0.0110
3.5800 0.0905 0.0994 0.0993 0.0100
3.5900 0.0914 0.0994 0.0994 0.0090
3.6000 0.0924 0.0995 0.0995 0.0081
3.6100 0.0934 0.0996 0.0996 0.0071
3.6200 0.0944 0.0997 0.0996 0.0061
3.6300 0.0954 0.0997 0.0997 0.0051
3.6400 0.0964 0.0997 0.0997 0.0041
3.6500 0.0974 0.0998 0.0998 0.0031
3.6600 0.0984 0.0998 0.0998 0.0021
3.6700 0.0994 0.0998 0.0998 0.0011
3.6800 0.1004 0.0998 0.0998 0.0001
3.6900 0.1014 0.0998 0.0998 -0.0009
3.7000 0.1024 0.0998 0.0998 -0.0019
3.7100 0.1034 0.0998 0.0998 -0.0029
3.7200 0.1044 0.0997 0.0997 -0.0039
3.7300 0.1054 0.0997 0.0997 -0.0049
3.7400 0.1064 0.0996 0.0996 -0.0059
3.7500 0.1074 0.0995 0.0996 -0.0069
3.7600 0.1084 0.0995 0.0995 -0.0079
3.7700 0.1094 0.0994 0.0994 -0.0089
3.7800 0.1104 0.0993 0.0993 -0.0099
3.7900 0.1114 0.0992 0.0992 -0.0109
3.8000 0.1124 0.0990 0.0991 -0.0119
3.8100 0.1134 0.0989 0.0990 -0.0129
3.8200 0.1143 0.0988 0.0988 -0.0138
3.8300 0.1153 0.0986 0.0987 -0.0148
3.8400 0.1163 0.0985 0.0985 -0.0158
3.8500 0.1173 0.0983 0.0984 -0.0168
3.8600 0.1183 0.0981 0.0982 -0.0178
3.8700 0.1193 0.0979 0.0980 -0.0188
3.8800 0.1202 0.0977 0.0978 -0.0198
3.8900 0.1212 0.0975 0.0976 -0.0207
3.9000 0.1222 0.0973 0.0974 -0.0217
3.9100 0.1232 0.0971 0.0972 -0.0227
3.9200 0.1241 0.0969 0.0970 -0.0236
3.9300 0.1251 0.0966 0.0967 -0.0246
3.9400 0.1261 0.0964 0.0965 -0.0256
3.9500 0.1270 0.0961 0.0962 -0.0265
3.9600 0.1280 0.0958 0.0960 -0.0275
3.9700 0.1289 0.0955 0.0957 -0.0285
3.9800 0.1299 0.0952 0.0954 -0.0294
3.9900 0.1308 0.0949 0.0951 -0.0304
4.0000 0.1318 0.0946 0.0948 -0.0313
4.0100 0.1327 0.0943 0.0945 -0.0323
4.0200 0.1337 0.0940 0.0941 -0.0332
4.0300 0.1346 0.0936 0.0938 -0.0341
4.0400 0.1356 0.0933 0.0934 -0.0351
4.0500 0.1365 0.0929 0.0931 -0.0360
4.0600 0.1374 0.0925 0.0927 -0.0370
4.0700 0.1383 0.0922 0.0923 -0.0379
4.0800 0.1393 0.0918 0.0920 -0.0388
4.0900 0.1402 0.0914 0.0916 -0.0397
4.1000 0.1411 0.0910 0.0912 -0.0406
4.1100 0.1420 0.0906 0.0908 -0.0415
4.1200 0.1429 0.0901 0.0903 -0.0424
4.1300 0.1438 0.0897 0.0899 -0.0433
4.1400 0.1447 0.0893 0.0895 -0.0442
4.1500 0.1456 0.0888 0.0890 -0.0451
4.1600 0.1465 0.0883 0.0886 -0.0460
4.1700 0.1473 0.0879 0.0881 -0.0469
4.1800 0.1482 0.0874 0.0876 -0.0478
4.1900 0.1491 0.0869 0.0871 -0.0487
4.2000 0.1500 0.0864 0.0867 -0.0495
4.2100 0.1508 0.0859 0.0862 -0.0504
4.2200 0.1517 0.0854 0.0857 -0.0512
4.2300 0.1525 0.0849 0.0851 -0.0521
4.2400 0.1534 0.0843 0.0846 -0.0529
4.2500 0.1542 0.0838 0.0841 -0.0538
4.2600 0.1551 0.0833 0.0836 -0.0546
4.2700 0.1559 0.0827 0.0830 -0.0555
4.2800 0.1567 0.0821 0.0824 -0.0563
4.2900 0.1575 0.0816 0.0818 -0.0571
4.3000 0.1583 0.0810 0.0813 -0.0579
4.3100 0.1591 0.0804 0.0807 -0.0588
4.3200 0.1599 0.0798 0.0801 -0.0595
4.3300 0.1607 0.0792 0.0795 -0.0603
4.3400 0.1615 0.0786 0.0789 -0.0611
4.3500 0.1623 0.0780 0.0783 -0.0619
4.3600 0.1631 0.0773 0.0777 -0.0627
4.3700 0.1639 0.0767 0.0770 -0.0635
4.3800 0.1646 0.0761 0.0764 -0.0642
4.3900 0.1654 0.0754 0.0757 -0.0650
4.4000 0.1661 0.0748 0.0751 -0.0658
4.4100 0.1669 0.0741 0.0744 -0.0665
4.4200 0.1676 0.0734 0.0738 -0.0672
4.4300 0.1683 0.0727 0.0731 -0.0680
4.4400 0.1691 0.0721 0.0724 -0.0687
4.4500 0.1698 0.0714 0.0717 -0.0694
4.4600 0.1705 0.0707 0.0710 -0.0702
4.4700 0.1712 0.0700 0.0703 -0.0708
4.4800 0.1719 0.0692 0.0696 -0.0715
4.4900 0.1726 0.0685 0.0689 -0.0722
4.5000 0.1733 0.0678 0.0682 -0.0729
4.5100 0.1739 0.0671 0.0674 -0.0736
4.5200 0.1746 0.0663 0.0667 -0.0743
4.5300 0.1753 0.0656 0.0659 -0.0749
4.5400 0.1759 0.0648 0.0652 -0.0756
4.5500 0.1766 0.0640 0.0644 -0.0762
4.5600 0.1772 0.0633 0.0637 -0.0769
4.5700 0.1778 0.0625 0.0629 -0.0775
4.5800 0.1784 0.0617 0.0621 -0.0781
4.5900 0.1791 0.0609 0.0613 -0.0787
4.6000 0.1797 0.0601 0.0605 -0.0794
4.6100 0.1803 0.0593 0.0597 -0.0800
4.6200 0.1809 0.0585 0.0589 -0.0806
4.6300 0.1814 0.0577 0.0581 -0.0811
4.6400 0.1820 0.0569 0.0573 -0.0817
4.6500 0.1826 0.0561 0.0565 -0.0823
4.6600 0.1831 0.0552 0.0557 -0.0829
4.6700 0.1837 0.0544 0.0548 -0.0834
4.6800 0.1842 0.0536 0.0540 -0.0839
4.6900 0.1847 0.0527 0.0531 -0.0845
4.7000 0.1853 0.0519 0.0523 -0.0850
4.7100 0.1858 0.0510 0.0515 -0.0855
4.7200 0.1863 0.0502 0.0506 -0.0860
4.7300 0.1868 0.0493 0.0497 -0.0865
4.7400 0.1873 0.0484 0.0489 -0.0870
4.7500 0.1878 0.0476 0.0480 -0.0875
4.7600 0.1882 0.0467 0.0471 -0.0880
4.7700 0.1887 0.0458 0.0462 -0.0885
4.7800 0.1891 0.0449 0.0453 -0.0889
4.7900 0.1896 0.0440 0.0444 -0.0894
4.8000 0.1900 0.0431 0.0436 -0.0898
4.8100 0.1905 0.0422 0.0427 -0.0903
4.8200 0.1909 0.0413 0.0418 -0.0907
4.8300 0.1913 0.0404 0.0408 -0.0911
4.8400 0.1917 0.0395 0.0399 -0.0915
4.8500 0.1921 0.0386 0.0390 -0.0919
4.8600 0.1924 0.0376 0.0381 -0.0923
4.8700 0.1928 0.0367 0.0372 -0.0926
4.8800 0.1932 0.0358 0.0362 -0.0930
4.8900 0.1935 0.0348 0.0353 -0.0933
4.9000 0.1939 0.0339 0.0344 -0.0937
4.9100 0.1942 0.0330 0.0334 -0.0941
4.9200 0.1945 0.0320 0.0325 -0.0944
4.9300 0.1949 0.0311 0.0315 -0.0947
4.9400 0.1952 0.0301 0.0306 -0.0950
4.9500 0.1955 0.0292 0.0296 -0.0953
4.9600 0.1957 0.0282 0.0287 -0.0956
4.9700 0.1960 0.0273 0.0277 -0.0959
4.9800 0.1963 0.0263 0.0268 -0.0961
4.9900 0.1965 0.0253 0.0258 -0.0964
5.0000 0.1968 0.0244 0.0248 -0.0967
5.0100 0.1970 0.0234 0.0239 -0.0969
5.0200 0.1973 0.0224 0.0229 -0.0971
5.0300 0.1975 0.0215 0.0219 -0.0974
5.0400 0.1977 0.0205 0.0210 -0.0976
5.0500 0.1979 0.0195 0.0200 -0.0978
5.0600 0.1981 0.0185 0.0190 -0.0980
5.0700 0.1983 0.0175 0.0180 -0.0982
5.0800 0.1984 0.0166 0.0170 -0.0983
5.0900 0.1986 0.0156 0.0161 -0.0985
5.1000 0.1987 0.0146 0.0151 -0.0987
5.1100 0.1989 0.0136 0.0141 -0.0988
5.1200 0.1990 0.0126 0.0131 -0.0990
5.1300 0.1991 0.0116 0.0121 -0.0991
5.1400 0.1992 0.0106 0.0111 -0.0992
5.1500 0.1993 0.0096 0.0101 -0.0993
5.1600 0.1994 0.0086 0.0091 -0.0994
5.1700 0.1995 0.0076 0.0081 -0.0995
5.1800 0.1996 0.0066 0.0071 -0.0995
5.1900 0.1997 0.0056 0.0061 -0.0996
5.2000 0.1997 0.0046 0.0051 -0.0997
5.2100 0.1997 0.0037 0.0042 -0.0997
5.2200 0.1998 0.0027 0.0032 -0.0998
5.2300 0.1998 0.0017 0.0022 -0.0998
5.2400 0.1998 0.0007 0.0012 -0.0998
5.2500 0.1998 -0.0003 0.0002 -0.0998
5.2600 0.1998 -0.0013 -0.0008 -0.0998
5.2700 0.1998 -0.0023 -0.0018 -0.0998
5.2800 0.1998 -0.0033 -0.0028 -0.0998
5.2900 0.1997 -0.0043 -0.0038 -0.0997
5.3000 0.1997 -0.0053 -0.0048 -0.0997
5.3100 0.1996 -0.0063 -0.0058 -0.0997
5.3200 0.1995 -0.0073 -0.0068 -0.0996
5.3300 0.1995 -0.0083 -0.0078 -0.0995
5.3400 0.1994 -0.0093 -0.0088 -0.0994
5.3500 0.1993 -0.0103 -0.0098 -0.0993
5.3600 0.1992 -0.0113 -0.0108 -0.0992
5.3700 0.1991 -0.0123 -0.0118 -0.0991
5.3800 0.1989 -0.0133 -0.0128 -0.0990
5.3900 0.1988 -0.0143 -0.0138 -0.0988
5.4000 0.1986 -0.0153 -0.0148 -0.0987
5.4100 0.1985 -0.0162 -0.0157 -0.0986
5.4200 0.1983 -0.0172 -0.0167 -0.0984
5.4300 0.1981 -0.0182 -0.0177 -0.0982
5.4400 0.1980 -0.0192 -0.0187 -0.0980
5.4500 0.1978 -0.0202 -0.0197 -0.0979
5.4600 0.1975 -0.0211 -0.0207 -0.0977
5.4700 0.1973 -0.0221 -0.0216 -0.0974
5.4800 0.1971 -0.0231 -0.0226 -0.0972
5.4900 0.1969 -0.0241 -0.0236 -0.0970
5.5000 0.1966 -0.0250 -0.0245 -0.0967
5.5100 0.1964 -0.0260 -0.0255 -0.0965
5.5200 0.1961 -0.0270 -0.0265 -0.0962
5.5300 0.1958 -0.0279 -0.0274 -0.0960
5.5400 0.1955 -0.0289 -0.0284 -0.0957
5.5500 0.1953 -0.0298 -0.0293 -0.0954
5.5600 0.1950 -0.0308 -0.0303 -0.0951
5.5700 0.1946 -0.0317 -0.0312 -0.0948
5.5800 0.1943 -0.0327 -0.0322 -0.0945
5.5900 0.1940 -0.0336 -0.0331 -0.0941
5.6000 0.1936 -0.0345 -0.0341 -0.0938
5.6100 0.1933 -0.0355 -0.0350 -0.0935
5.6200 0.1929 -0.0364 -0.0359 -0.0931
5.6300 0.1926 -0.0373 -0.0369 -0.0927
5.6400 0.1922 -0.0383 -0.0378 -0.0924
5.6500 0.1918 -0.0392 -0.0387 -0.0920
5.6600 0.1914 -0.0401 -0.0396 -0.0916
5.6700 0.1910 -0.0410 -0.0406 -0.0912
5.6800 0.1906 -0.0419 -0.0415 -0.0908
5.6900 0.1902 -0.0428 -0.0424 -0.0904
5.7000 0.1897 -0.0437 -0.0433 -0.0899
5.7100 0.1893 -0.0446 -0.0442 -0.0895
5.7200 0.1888 -0.0455 -0.0451 -0.0891
5.7300 0.1884 -0.0464 -0.0459 -0.0886
5.7400 0.1879 -0.0473 -0.0468 -0.0881
5.7500 0.1874 -0.0482 -0.0477 -0.0877
5.7600 0.1869 -0.0490 -0.0486 -0.0872
5.7700 0.1865 -0.0499 -0.0495 -0.0867
5.7800 0.1859 -0.0508 -0.0503 -0.0862
5.7900 0.1854 -0.0516 -0.0512 -0.0857
5.8000 0.1849 -0.0525 -0.0520 -0.0852
5.8100 0.1844 -0.0533 -0.0529 -0.0847
5.8200 0.1838 -0.0541 -0.0537 -0.0841
5.8300 0.1833 -0.0550 -0.0546 -0.0836
5.8400 0.1827 -0.0558 -0.0554 -0.0830
5.8500 0.1822 -0.0566 -0.0562 -0.0825
5.8600 0.1816 -0.0575 -0.0571 -0.0819
5.8700 0.1810 -0.0583 -0.0579 -0.0813
5.8800 0.1805 -0.0591 -0.0587 -0.0807
5.8900 0.1799 -0.0599 -0.0595 -0.0801
5.9000 0.1793 -0.0607 -0.0603 -0.0796
5.9100 0.1786 -0.0615 -0.0611 -0.0790
5.9200 0.1780 -0.0622 -0.0619 -0.0783
5.9300 0.1774 -0.0630 -0.0626 -0.0777
5.9400 0.1768 -0.0638 -0.0634 -0.0771
5.9500 0.1761 -0.0646 -0.0642 -0.0764
5.9600 0.1755 -0.0653 -0.0650 -0.0758
5.9700 0.1748 -0.0661 -0.0657 -0.0751
5.9800 0.1742 -0.0668 -0.0664 -0.0745
5.9900 0.1735 -0.0676 -0.0672 -0.0738
6.0000 0.1728 -0.0683 -0.0679 -0.0731
6.0100 0.1721 -0.0690 -0.0687 -0.0725
6.0200 0.1714 -0.0697 -0.0694 -0.0718
6.0300 0.1707 -0.0704 -0.0701 -0.0711
6.0400 0.1700 -0.0711 -0.0708 -0.0704
6.0500 0.1693 -0.0718 -0.0715 -0.0697
6.0600 0.1686 -0.0725 -0.0722 -0.0690
6.0700 0.1678 -0.0732 -0.0729 -0.0682
6.0800 0.1671 -0.0739 -0.0735 -0.0675
6.0900 0.1664 -0.0746 -0.0742 -0.0667
6.1000 0.1656 -0.0752 -0.0749 -0.0660
6.1100 0.1649 -0.0759 -0.0756 -0.0653
6.1200 0.1641 -0.0765 -0.0762 -0.0645
6.1300 0.1633 -0.0771 -0.0768 -0.0637
6.1400 0.1626 -0.0778 -0.0775 -0.0629
6.1500 0.1618 -0.0784 -0.0781 -0.0622
6.1600 0.1610 -0.0790 -0.0787 -0.0614
6.1700 0.1602 -0.0796 -0.0793 -0.0606
6.1800 0.1594 -0.0802 -0.0799 -0.0598
6.1900 0.1586 -0.0808 -0.0805 -0.0590
6.2000 0.1578 -0.0814 -0.0811 -0.0582
6.2100 0.1570 -0.0820 -0.0817 -0.0574
6.2200 0.1561 -0.0825 -0.0822 -0.0566
6.2300 0.1553 -0.0831 -0.0828 -0.0557
6.2400 0.1545 -0.0836 -0.0834 -0.0549
6.2500 0.1536 -0.0842 -0.0839 -0.0541
6.2600 0.1528 -0.0847 -0.0845 -0.0532
6.2700 0.1519 -0.0852 -0.0850 -0.0524
6.2800 0.1511 -0.0857 -0.0855 -0.0515
6.2900 0.1502 -0.0863 -0.0860 -0.0507
6.3000 0.1494 -0.0867 -0.0865 -0.0498
6.3100 0.1485 -0.0872 -0.0870 -0.0489
6.3200 0.1476 -0.0877 -0.0875 -0.0481
6.3300 0.1467 -0.0882 -0.0879 -0.0472
6.3400 0.1459 -0.0887 -0.0884 -0.0463
6.3500 0.1450 -0.0891 -0.0889 -0.0454
6.3600 0.1441 -0.0896 -0.0893 -0.0445
6.3700 0.1432 -0.0900 -0.0898 -0.0436
6.3800 0.1423 -0.0904 -0.0902 -0.0427
6.3900 0.1414 -0.0908 -0.0906 -0.0418
6.4000 0.1405 -0.0912 -0.0910 -0.0409
6.4100 0.1395 -0.0916 -0.0915 -0.0400
6.4200 0.1386 -0.0920 -0.0918 -0.0391
6.4300 0.1377 -0.0924 -0.0922 -0.0382
6.4400 0.1368 -0.0928 -0.0926 -0.0372
6.4500 0.1359 -0.0932 -0.0930 -0.0363
6.4600 0.1349 -0.0935 -0.0933 -0.0354
6.4700 0.1340 -0.0939 -0.0937 -0.0344
6.4800 0.1330 -0.0942 -0.0940 -0.0335
6.4900 0.1321 -0.0945 -0.0943 -0.0326
6.5000 0.1312 -0.0948 -0.0947 -0.0316
6.5100 0.1302 -0.0951 -0.0950 -0.0307
6.5200 0.1292 -0.0954 -0.0953 -0.0297
6.5300 0.1283 -0.0957 -0.0956 -0.0288
6.5400 0.1273 -0.0960 -0.0959 -0.0278
6.5500 0.1264 -0.0963 -0.0961 -0.0269
6.5600 0.1254 -0.0965 -0.0964 -0.0259
6.5700 0.1244 -0.0968 -0.0967 -0.0249
6.5800 0.1235 -0.0970 -0.0969 -0.0240
6.5900 0.1225 -0.0972 -0.0971 -0.0230
6.6000 0.1215 -0.0975 -0.0974 -0.0220
6.6100 0.1206 -0.0977 -0.0976 -0.0210
6.6200 0.1196 -0.0979 -0.0978 -0.0201
6.6300 0.1186 -0.0981 -0.0980 -0.0191
6.6400 0.1176 -0.0982 -0.0981 -0.0181
6.6500 0.1166 -0.0984 -0.0983 -0.0171
6.6600 0.1156 -0.0986 -0.0985 -0.0161
6.6700 0.1147 -0.0987 -0.0987 -0.0152
6.6800 0.1137 -0.0989 -0.0988 -0.0142
6.6900 0.1127 -0.0990 -0.0989 -0.0132
6.7000 0.1117 -0.0991 -0.0991 -0.0122
6.7100 0.1107 -0.0992 -0.0992 -0.0112
6.7200 0.1097 -0.0993 -0.0993 -0.0102
6.7300 0.1087 -0.0994 -0.0994 -0.0092
6.7400 0.1077 -0.0995 -0.0995 -0.0082
6.7500 0.1067 -0.0996 -0.0996 -0.0072
6.7600 0.1057 -0.0996 -0.0996 -0.0062
6.7700 0.1047 -0.0997 -0.0997 -0.0052
6.7800 0.1037 -0.0997 -0.0997 -0.0042
6.7900 0.1027 -0.0998 -0.0998 -0.0032
6.8000 0.1017 -0.0998 -0.0998 -0.0022
6.8100 0.1007 -0.0998 -0.0998 -0.0012
6.8200 0.0997 -0.0998 -0.0998 -0.0002
6.8300 0.0987 -0.0998 -0.0998 0.0008
6.8400 0.0977 -0.0998 -0.0998 0.0018
6.8500 0.0967 -0.0998 -0.0998 0.0028
6.8600 0.0957 -0.0997 -0.0998 0.0038
6.8700 0.0948 -0.0997 -0.0997 0.0048
6.8800 0.0938 -0.0996 -0.0996 0.0057
6.8900 0.0928 -0.0996 -0.0996 0.0067
6.9000 0.0918 -0.0995 -0.0995 0.0077
6.9100 0.0908 -0.0994 -0.0995 0.0087
6.9200 0.0898 -0.0993 -0.0993 0.0097
6.9300 0.0888 -0.0992 -0.0992 0.0107
6.9400 0.0878 -0.0991 -0.0991 0.0117
6.9500 0.0868 -0.0989 -0.0990 0.0127
6.9600 0.0858 -0.0988 -0.0989 0.0137
6.9700 0.0848 -0.0987 -0.0987 0.0147
6.9800 0.0838 -0.0985 -0.0986 0.0157
6.9900 0.0829 -0.0983 -0.0984 0.0167
7.0000 0.0819 -0.0982 -0.0982 0.0176
7.0100 0.0809 -0.0980 -0.0981 0.0186
7.0200 0.0799 -0.0978 -0.0979 0.0196
7.0300 0.0789 -0.0976 -0.0977 0.0206
7.0400 0.0780 -0.0974 -0.0974 0.0215
7.0500 0.0770 -0.0971 -0.0972 0.0225
7.0600 0.0760 -0.0969 -0.0970 0.0235
7.0700 0.0751 -0.0966 -0.0968 0.0245
7.0800 0.0741 -0.0964 -0.0965 0.0254
7.0900 0.0731 -0.0961 -0.0963 0.0264
7.1000 0.0722 -0.0959 -0.0960 0.0274
7.1100 0.0712 -0.0956 -0.0957 0.0283
7.1200 0.0703 -0.0953 -0.0954 0.0293
7.1300 0.0693 -0.0950 -0.0951 0.0302
7.1400 0.0684 -0.0947 -0.0948 0.0312
7.1500 0.0674 -0.0943 -0.0945 0.0321
7.1600 0.0665 -0.0940 -0.0942 0.0331
7.1700 0.0655 -0.0937 -0.0938 0.0340
7.1800 0.0646 -0.0933 -0.0935 0.0349
7.1900 0.0637 -0.0930 -0.0931 0.0359
7.2000 0.0627 -0.0926 -0.0928 0.0368
7.2100 0.0618 -0.0922 -0.0924 0.0377
7.2200 0.0609 -0.0918 -0.0920 0.0386
7.2300 0.0600 -0.0914 -0.0916 0.0396
7.2400 0.0591 -0.0910 -0.0912 0.0405
7.2500 0.0582 -0.0906 -0.0908 0.0414
7.2600 0.0572 -0.0902 -0.0904 0.0423
7.2700 0.0563 -0.0898 -0.0900 0.0432
7.2800 0.0555 -0.0893 -0.0895 0.0441
7.2900 0.0546 -0.0889 -0.0891 0.0450
7.3000 0.0537 -0.0884 -0.0886 0.0459
7.3100 0.0528 -0.0879 -0.0882 0.0468
7.3200 0.0519 -0.0875 -0.0877 0.0476
7.3300 0.0510 -0.0870 -0.0872 0.0485
7.3400 0.0502 -0.0865 -0.0867 0.0494
7.3500 0.0493 -0.0860 -0.0862 0.0503
7.3600 0.0485 -0.0855 -0.0858 0.0511
7.3700 0.0476 -0.0850 -0.0852 0.0520
7.3800 0.0468 -0.0844 -0.0847 0.0528
7.3900 0.0459 -0.0839 -0.0842 0.0537
7.4000 0.0451 -0.0833 -0.0836 0.0545
7.4100 0.0443 -0.0828 -0.0831 0.0553
7.4200 0.0434 -0.0822 -0.0825 0.0562
7.4300 0.0426 -0.0817 -0.0819 0.0570
7.4400 0.0418 -0.0811 -0.0814 0.0578
7.4500 0.0410 -0.0805 -0.0808 0.0586
7.4600 0.0402 -0.0799 -0.0802 0.0594
7.4700 0.0394 -0.0793 -0.0796 0.0602
7.4800 0.0386 -0.0787 -0.0790 0.0610
7.4900 0.0378 -0.0781 -0.0784 0.0618
7.5000 0.0370 -0.0774 -0.0778 0.0626
7.5100 0.0363 -0.0768 -0.0771 0.0634
7.5200 0.0355 -0.0762 -0.0765 0.0641
7.5300 0.0347 -0.0755 -0.0758 0.0649
7.5400 0.0340 -0.0749 -0.0752 0.0656
7.5500 0.0332 -0.0742 -0.0745 0.0664
7.5600 0.0325 -0.0735 -0.0739 0.0671
7.5700 0.0318 -0.0729 -0.0732 0.0679
7.5800 0.0310 -0.0722 -0.0725 0.0686
7.5900 0.0303 -0.0715 -0.0718 0.0693
7.6000 0.0296 -0.0708 -0.0711 0.0700
7.6100 0.0289 -0.0701 -0.0704 0.0707
7.6200 0.0282 -0.0694 -0.0697 0.0714
7.6300 0.0275 -0.0686 -0.0690 0.0721
7.6400 0.0268 -0.0679 -0.0683 0.0728
7.6500 0.0262 -0.0672 -0.0675 0.0735
7.6600 0.0255 -0.0664 -0.0668 0.0742
7.6700 0.0248 -0.0657 -0.0661 0.0748
7.6800 0.0242 -0.0649 -0.0653 0.0755
7.6900 0.0235 -0.0642 -0.0645 0.0761
7.7000 0.0229 -0.0634 -0.0638 0.0768
7.7100 0.0223 -0.0626 -0.0630 0.0774
7.7200 0.0217 -0.0618 -0.0622 0.0780
7.7300 0.0210 -0.0611 -0.0614 0.0786
7.7400 0.0204 -0.0603 -0.0607 0.0793
7.7500 0.0198 -0.0595 -0.0599 0.0799
7.7600 0.0192 -0.0587 -0.0591 0.0805
7.7700 0.0187 -0.0578 -0.0583 0.0811
7.7800 0.0181 -0.0570 -0.0574 0.0816
7.7900 0.0175 -0.0562 -0.0566 0.0822
7.8000 0.0170 -0.0554 -0.0558 0.0828
7.8100 0.0164 -0.0545 -0.0550 0.0833
7.8200 0.0159 -0.0537 -0.0541 0.0839
7.8300 0.0153 -0.0529 -0.0533 0.0844
7.8400 0.0148 -0.0520 -0.0524 0.0849
7.8500 0.0143 -0.0512 -0.0516 0.0854
7.8600 0.0138 -0.0503 -0.0507 0.0860
7.8700 0.0133 -0.0494 -0.0499 0.0865
7.8800 0.0128 -0.0486 -0.0490 0.0869
7.8900 0.0123 -0.0477 -0.0481 0.0874
7.9000 0.0118 -0.0468 -0.0473 0.0879
7.9100 0.0114 -0.0459 -0.0464 0.0884
7.9200 0.0109 -0.0450 -0.0455 0.0888
7.9300 0.0105 -0.0441 -0.0446 0.0893
7.9400 0.0100 -0.0433 -0.0437 0.0897
7.9500 0.0096 -0.0424 -0.0428 0.0902
7.9600 0.0092 -0.0414 -0.0419 0.0906
7.9700 0.0088 -0.0405 -0.0410 0.0910
7.9800 0.0084 -0.0396 -0.0401 0.0914
7.9900 0.0080 -0.0387 -0.0392 0.0918
8.0000 0.0076 -0.0378 -0.0382 0.0922
8.0100 0.0072 -0.0369 -0.0373 0.0926
8.0200 0.0069 -0.0359 -0.0364 0.0929
8.0300 0.0065 -0.0350 -0.0355 0.0933
8.0400 0.0062 -0.0341 -0.0345 0.0936
8.0500 0.0058 -0.0331 -0.0336 0.0940
8.0600 0.0055 -0.0322 -0.0327 0.0943
8.0700 0.0052 -0.0312 -0.0317 0.0946
8.0800 0.0049 -0.0303 -0.0307 0.0949
8.0900 0.0046 -0.0293 -0.0298 0.0953
8.1000 0.0043 -0.0284 -0.0288 0.0956
8.1100 0.0040 -0.0274 -0.0279 0.0959
8.1200 0.0038 -0.0264 -0.0269 0.0961
8.1300 0.0035 -0.0255 -0.0260 0.0964
8.1400 0.0032 -0.0245 -0.0250 0.0966
8.1500 0.0030 -0.0235 -0.0240 0.0969
8.1600 0.0028 -0.0226 -0.0231 0.0971
8.1700 0.0026 -0.0216 -0.0221 0.0973
8.1800 0.0023 -0.0206 -0.0211 0.0975
8.1900 0.0021 -0.0197 -0.0201 0.0978
8.2000 0.0019 -0.0187 -0.0192 0.0980
8.2100 0.0018 -0.0177 -0.0182 0.0982
8.2200 0.0016 -0.0167 -0.0172 0.0983
8.2300 0.0014 -0.0157 -0.0162 0.0985
8.2400 0.0013 -0.0147 -0.0152 0.0986
8.2500 0.0011 -0.0137 -0.0142 0.0988
8.2600 0.0010 -0.0128 -0.0133 0.0989
8.2700 0.0009 -0.0118 -0.0123 0.0991
8.2800 0.0008 -0.0108 -0.0114 0.0992
8.2900 0.0007 -0.0098 -0.0104 0.0993
8.3000 0.0006 -0.0088 -0.0094 0.0944
8.3100 0.0005 -0.0079 -0.0083 0.0895
8.3200 0.0004 -0.0071 -0.0076 0.0846
8.3300 0.0003 -0.0063 -0.0068 0.0796
8.3400 0.0003 -0.0056 -0.0060 0.0747
8.3500 0.0002 -0.0049 -0.0052 0.0697
8.3600 0.0002 -0.0042 -0.0044 0.0648
8.3700 0.0001 -0.0036 -0.0039 0.0598
8.3800 0.0001 -0.0031 -0.0033 0.0549
8.3900 0.0001 -0.0026 -0.0028 0.0499
8.4000 0.0001 -0.0021 -0.0022 0.0449
8.4100 0.0000 -0.0017 -0.0017 0.0400
8.4200 0.0000 -0.0014 -0.0014 0.0350
8.4300 0.0000 -0.0011 -0.0011 0.0300
8.4400 0.0000 -0.0008 -0.0008 0.0250
8.4500 0.0000 -0.0006 -0.0005 0.0200
8.4600 0.0000 -0.0005 -0.0002 0.0150
8.4700 0.0000 -0.0004 -0.0002 0.0100
8.4800 0.0000 -0.0003 -0.0001 0.0050
8.4900 0.0000 -0.0003 -0.0000 -0.0000
8.5000 0.0000 -0.0003 -0.0000 -0.0000
8.5100 0.0000 -0.0003 -0.0000 -0.0000
8.5200 0.0000 -0.0003 -0.0000 -0.0000
8.5300 0.0000 -0.0003 -0.0000 -0.0000
8.5400 0.0000 -0.0003 -0.0000 -0.0000
8.5500 0.0000 -0.0003 -0.0000 -0.0000
8.5600 0.0000 -0.0003 -0.0000 -0.0000
8.5700 0.0000 -0.0003 -0.0000 -0.0000
8.5800 0.0000 -0.0003 -0.0000 -0.0000
8.5900 0.0000 -0.0003 -0.0000 -0.0000
8.6000 0.0000 -0.0003 -0.0000 -0.0000
8.6100 0.0000 -0.0003 -0.0000 -0.0000
8.6200 0.0000 -0.0003 -0.0000 -0.0000
8.6300 0.0000 -0.0003 -0.0000 -0.0000
8.6400 0.0000 -0.0003 -0.0000 -0.0000
8.6500 0.0000 -0.0003 -0.0000 -0.0000
8.6600 0.0000 -0.0003 -0.0000 -0.0000
8.6700 0.0000 -0.0003 -0.0000 -0.0000
8.6800 0.0000 -0.0003 -0.0000 -0.0000
8.6900 0.0000 -0.0003 -0.0000 -0.0000
8.7000 0.0000 -0.0003 -0.0000 -0.0000
8.7100 0.0000 -0.0003 -0.0000 -0.0000
8.7200 0.0000 -0.0003 -0.0000 -0.0000
8.7300 0.0000 -0.0003 -0.0000 -0.0000
8.7400 0.0000 -0.0003 -0.0000 -0.0000
8.7500 0.0000 -0.0003 -0.0000 -0.0000
8.7600 0.0000 -0.0003 -0.0000 -0.0000
8.7700 0.0000 -0.0003 -0.0000 -0.0000
8.7800 0.0000 -0.0003 -0.0000 -0.0000
8.7900 0.0000 -0.0003 -0.0000 -0.0000
8.8000 0.0000 -0.0003 -0.0000 -0.0000
8.8100 0.0000 -0.0003 -0.0000 -0.0000
8.8200 0.0000 -0.0003 -0.0000 -0.0000
8.8300 0.0000 -0.0003 -0.0000 -0.0000
8.8400 0.0000 -0.0003 -0.0000 -0.0000
8.8500 0.0000 -0.0003 -0.0000 -0.0000
8.8600 0.0000 -0.0003 -0.0000 -0.0000
8.8700 0.0000 -0.0003 -0.0000 -0.0000
8.8800 0.0000 -0.0003 -0.0000 -0.0000
8.8900 0.0000 -0.0003 -0.0000 -0.0000
8.9000 0.0000 -0.0003 -0.0000 -0.0000
8.9100 0.0000 -0.0003 -0.0000 -0.0000
8.9200 0.0000 -0.0003 -0.0000 -0.0000
8.9300 0.0000 -0.0003 -0.0000 -0.0000
8.9400 0.0000 -0.0003 -0.0000 -0.0000
8.9500 0.0000 -0.0003 -0.0000 -0.0000
8.9600 0.0000 -0.0003 -0.0000 -0.0000
8.9700 0.0000 -0.0003 -0.0000 -0.0000
8.9800 0.0000 -0.0003 -0.0000 -0.0000
8.9900 0.0000 -0.0003 -0.0000 -0.0000
9.0000 0.0000 -0.0003 -0.0000 -0.0000
9.0100 0.0000 -0.0003 -0.0000 -0.0000
9.0200 0.0000 -0.0003 -0.0000 -0.0000
9.0300 0.0000 -0.0003 -0.0000 -0.0000
9.0400 0.0000 -0.0003 -0.0000 -0.0000
9.0500 0.0000 -0.0003 -0.0000 -0.0000
9.0600 0.0000 -0.0003 -0.0000 -0.0000
9.0700 0.0000 -0.0003 -0.0000 -0.0000
9.0800 0.0000 -0.0003 -0.0000 -0.0000
9.0900 0.0000 -0.0003 -0.0000 -0.0000
9.1000 0.0000 -0.0003 -0.0000 -0.0000
9.1100 0.0000 -0.0003 -0.0000 -0.0000
9.1200 0.0000 -0.0003 -0.0000 -0.0000
9.1300 0.0000 -0.0003 -0.0000 -0.0000
9.1400 0.0000 -0.0003 -0.0000 -0.0000
9.1500 0.0000 -0.0003 -0.0000 -0.0000
9.1600 0.0000 -0.0003 -0.0000 -0.0000
9.1700 0.0000 -0.0003 -0.0000 -0.0000
9.1800 0.0000 -0.0003 -0.0000 -0.0000
9.1900 0.0000 -0.0003 -0.0000 -0.0000
9.2000 0.0000 -0.0003 -0.0000 -0.0000
9.2100 0.0000 -0.0003 -0.0000 -0.0000
9.2200 0.0000 -0.0003 -0.0000 -0.0000
9.2300 0.0000 -0.0003 -0.0000 -0.0000
9.2400 0.0000 -0.0003 -0.0000 -0.0000
9.2500 0.0000 -0.0003 -0.0000 -0.0000
9.2600 0.0000 -0.0003 -0.0000 -0.0000
9.2700 0.0000 -0.0003 -0.0000 -0.0000
9.2800 0.0000 -0.0003 -0.0000 -0.0000
9.2900 0.0000 -0.0003 -0.0000 -0.0000
9.3000 0.0000 -0.0003 -0.0000 -0.0000
9.3100 0.0000 -0.0003 -0.0000 -0.0000
9.3200 0.0000 -0.0003 -0.0000 -0.0000
9.3300 0.0000 -0.0003 -0.0000 -0.0000
9.3400 0.0000 -0.0003 -0.0000 -0.0000
9.3500 0.0000 -0.0003 -0.0000 -0.0000
9.3600 0.0000 -0.0003 -0.0000 -0.0000
9.3700 0.0000 -0.0003 -0.0000 -0.0000
9.3800 0.0000 -0.0003 -0.0000 -0.0000
9.3900 0.0000 -0.0003 -0.0000 -0.0000
9.4000 0.0000 -0.0003 -0.0000 -0.0000
9.4100 0.0000 -0.0003 -0.0000 -0.0000
9.4200 0.0000 -0.0003 -0.0000 -0.0000
9.4300 0.0000 -0.0003 -0.0000 -0.0000
9.4400 0.0000 -0.0003 -0.0000 -0.0000
9.4500 0.0000 -0.0003 -0.0000 -0.0000
9.4600 0.0000 -0.0003 -0.0000 -0.0000
9.4700 0.0000 -0.0003 -0.0000 -0.0000
9.4800 0.0000 -0.0003 -0.0000 -0.0000
9.4900 0.0000 -0.0003 -0.0000 -0.0000
9.5000 0.0000 -0.0003 -0.0000 -0.0000
9.5100 0.0000 -0.0003 -0.0000 -0.0000
9.5200 0.0000 -0.0003 -0.0000 -0.0000
9.5300 0.0000 -0.0003 -0.0000 -0.0000
9.5400 0.0000 -0.0003 -0.0000 -0.0000
9.5500 0.0000 -0.0003 -0.0000 -0.0000
9.5600 0.0000 -0.0003 -0.0000 -0.0000
9.5700 0.0000 -0.0003 -0.0000 -0.0000
9.5800 0.0000 -0.0003 -0.0000 -0.0000
9.5900 0.0000 -0.0003 -0.0000 -0.0000
9.6000 0.0000 -0.0003 -0.0000 -0.0000
9.6100 0.0000 -0.0003 -0.0000 -0.0000
9.6200 0.0000 -0.0003 -0.0000 -0.0000
9.6300 0.0000 -0.0003 -0.0000 -0.0000
9.6400 0.0000 -0.0003 -0.0000 -0.0000
9.6500 0.0000 -0.0003 -0.0000 -0.0000
9.6600 0.0000 -0.0003 -0.0000 -0.0000
9.6700 0.0000 -0.0003 -0.0000 -0.0000
9.6800 0.0000 -0.0003 -0.0000 -0.0000
9.6900 0.0000 -0.0003 -0.0000 -0.0000
9.7000 0.0000 -0.0003 -0.0000 -0.0000
9.7100 0.0000 -0.0003 -0.0000 -0.0000
9.7200 0.0000 -0.0003 -0.0000 -0.0000
9.7300 0.0000 -0.0003 -0.0000 -0.0000
9.7400 0.0000 -0.0003 -0.0000 -0.0000
9.7500 0.0000 -0.0003 -0.0000 -0.0000
9.7600 0.0000 -0.0003 -0.0000 -0.0000
9.7700 0.0000 -0.0003 -0.0000 -0.0000
9.7800 0.0000 -0.0003 -0.0000 -0.0000
9.7900 0.0000 -0.0003 -0.0000 -0.0000
9.8000 0.0000 -0.0003 -0.0000 -0.0000
9.8100 0.0000 -0.0003 -0.0000 -0.0000
9.8200 0.0000 -0.0003 -0.0000 -0.0000
9.8300 0.0000 -0.0003 -0.0000 -0.0000
9.8400 0.0000 -0.0003 -0.0000 -0.0000
9.8500 0.0000 -0.0003 -0.0000 -0.0000
9.8600 0.0000 -0.0003 -0.0000 -0.0000
9.8700 0.0000 -0.0003 -0.0000 -0.0000
9.8800 0.0000 -0.0003 -0.0000 -0.0000
9.8900 0.0000 -0.0003 -0.0000 -0.0000
9.9000 0.0000 -0.0003 -0.0000 -0.0000
9.9100 0.0000 -0.0003 -0.0000 -0.0000
9.9200 0.0000 -0.0003 -0.0000 -0.0000
9.9300 0.0000 -0.0003 -0.0000 -0.0000
9.9400 0.0000 -0.0003 -0.0000 -0.0000
9.9500 0.0000 -0.0003 -0.0000 -0.0000
9.9600 0.0000 -0.0003 -0.0000 -0.0000
9.9700 0.0000 -0.0003 -0.0000 -0.0000
9.9800 0.0000 -0.0003 -0.0000 -0.0000
9.9900 0.0000 -0.0003 -0.0000 -0.0000
10.0000 0.0000 -0.0003 -0.0000 -0.0000
10.0100 0.0000 -0.0003 -0.0000 -0.0000
10.0200 0.0000 -0.0003 -0.0000 -0.0000
10.0300 0.0000 -0.0003 -0.0000 -0.0000
10.0400 0.0000 -0.0003 -0.0000 -0.0000
10.0500 0.0000 -0.0003 -0.0000 -0.0000
10.0600 0.0000 -0.0003 -0.0000 -0.0000
10.0700 0.0000 -0.0003 -0.0000 -0.0000
10.0800 0.0000 -0.0003 -0.0000 -0.0000
10.0900 0.0000 -0.0003 -0.0000 -0.0000
10.1000 0.0000 -0.0003 -0.0000 -0.0000
10.1100 0.0000 -0.0003 -0.0000 -0.0000
10.1200 0.0000 -0.0003 -0.0000 -0.0000
10.1300 0.0000 -0.0003 -0.0000 -0.0000
10.1400 0.0000 -0.0003 -0.0000 -0.0000
10.1500 0.0000 -0.0003 -0.0000 -0.0000
10.1600 0.0000 -0.0003 -0.0000 -0.0000
10.1700 0.0000 -0.0003 -0.0000 -0.0000
10.1800 0.0000 -0.0003 -0.0000 -0.0000
10.1900 0.0000 -0.0003 -0.0000 -0.0000
10.2000 0.0000 -0.0003 -0.0000 -0.0000
10.2100 0.0000 -0.0003 -0.0000 -0.0000
10.2200 0.0000 -0.0003 -0.0000 -0.0000
10.2300 0.0000 -0.0003 -0.0000 -0.0000
10.2400 0.0000 -0.0003 -0.0000 -0.0000
10.2500 0.0000 -0.0003 -0.0000 -0.0000
10.2600 0.0000 -0.0003 -0.0000 -0.0000
10.2700 0.0000 -0.0003 -0.0000 -0.0000
10.2800 0.0000 -0.0003 -0.0000 -0.0000
10.2900 0.0000 -0.0003 -0.0000 -0.0000
