0.0000 -0.0000 -0.0000 0.0000 0.0000
0.0100 -0.0000 -0.0000 0.0000 0.0000
0.0200 -0.0000 -0.0000 0.0000 0.0000
0.0300 -0.0000 -0.0000 0.0000 0.0000
0.0400 -0.0000 -0.0000 0.0000 0.0000
0.0500 -0.0000 -0.0000 0.0000 0.0000
0.0600 -0.0000 -0.0000 0.0000 0.0000
0.0700 -0.0000 -0.0000 0.0000 0.0000
0.0800 -0.0000 -0.0000 0.0000 0.0000
0.0900 -0.0000 -0.0000 0.0000 0.0000
0.1000 -0.0000 -0.0000 0.0000 0.0000
0.1100 -0.0000 -0.0000 0.0000 0.0000
0.1200 -0.0000 -0.0000 0.0000 0.0000
0.1300 -0.0000 -0.0000 0.0000 0.0000
0.1400 -0.0000 -0.0000 0.0000 0.0000
0.1500 -0.0000 -0.0000 0.0000 0.0000
0.1600 -0.0000 -0.0000 0.0000 0.0000
0.1700 -0.0000 -0.0000 0.0000 0.0000
0.1800 -0.0000 -0.0000 0.0000 0.0000
0.1900 -0.0000 -0.0000 0.0000 0.0000
0.2000 -0.0000 -0.0000 0.0000 0.0000
0.2100 -0.0000 -0.0000 0.0000 0.0000
0.2200 -0.0000 -0.0000 0.0000 0.0000
0.2300 -0.0000 -0.0000 0.0000 0.0000
0.2400 -0.0000 -0.0000 0.0000 0.0000
0.2500 -0.0000 -0.0000 0.0000 0.0000
0.2600 -0.0000 -0.0000 0.0000 0.0000
0.2700 -0.0000 -0.0000 0.0000 0.0000
0.2800 -0.0000 -0.0000 0.0000 0.0000
0.2900 -0.0000 -0.0000 0.0000 0.0000
0.3000 -0.0000 -0.0000 0.0000 0.0000
0.3100 -0.0000 -0.0000 0.0000 0.0000
0.3200 -0.0000 -0.0000 0.0000 0.0000
0.3300 -0.0000 -0.0000 0.0000 0.0000
0.3400 -0.0000 -0.0000 0.0000 0.0000
0.3500 -0.0000 -0.0000 0.0000 0.0000
0.3600 -0.0000 -0.0000 0.0000 0.0000
0.3700 -0.0000 -0.0000 0.0000 0.0000
0.3800 -0.0000 -0.0000 0.0000 0.0000
0.3900 -0.0000 -0.0000 0.0000 0.0000
0.4000 -0.0000 -0.0000 0.0000 0.0000
0.4100 -0.0000 -0.0000 0.0000 0.0000
0.4200 -0.0000 -0.0000 0.0000 0.0000
0.4300 -0.0000 -0.0000 0.0000 0.0000
0.4400 -0.0000 -0.0000 0.0000 0.0000
0.4500 -0.0000 -0.0000 0.0000 0.0000
0.4600 -0.0000 -0.0000 0.0000 0.0000
0.4700 -0.0000 -0.0000 0.0000 0.0000
0.4800 -0.0000 -0.0000 0.0000 0.0000
0.4900 -0.0000 -0.0000 0.0000 0.0000
0.5000 -0.0000 -0.0000 0.0000 0.0000
0.5100 -0.0000 -0.0000 0.0000 0.0000
0.5200 -0.0000 -0.0000 0.0000 0.0000
0.5300 -0.0000 -0.0000 0.0000 0.0000
0.5400 -0.0000 -0.0000 0.0000 0.0000
0.5500 -0.0000 -0.0000 0.0000 0.0000
0.5600 -0.0000 -0.0000 0.0000 0.0000
0.5700 -0.0000 -0.0000 0.0000 0.0000
0.5800 -0.0000 -0.0000 0.0000 0.0000
0.5900 -0.0000 -0.0000 0.0000 0.0000
0.6000 -0.0000 -0.0000 0.0000 0.0000
0.6100 -0.0000 -0.0000 0.0000 0.0000
0.6200 -0.0000 -0.0000 0.0000 0.0000
0.6300 -0.0000 -0.0000 0.0000 0.0000
0.6400 -0.0000 -0.0000 0.0000 0.0000
0.6500 -0.0000 -0.0000 0.0000 0.0000
0.6600 -0.0000 -0.0000 0.0000 0.0000
0.6700 -0.0000 -0.0000 0.0000 0.0000
0.6800 -0.0000 -0.0000 0.0000 0.0000
0.6900 -0.0000 -0.0000 0.0000 0.0000
0.7000 -0.0000 -0.0000 0.0000 0.0000
0.7100 -0.0000 -0.0000 0.0000 0.0000
0.7200 -0.0000 -0.0000 0.0000 0.0000
0.7300 -0.0000 -0.0000 0.0000 0.0000
0.7400 -0.0000 -0.0000 0.0000 0.0000
0.7500 -0.0000 -0.0000 0.0000 0.0000
0.7600 -0.0000 -0.0000 0.0000 0.0000
0.7700 -0.0000 -0.0000 0.0000 0.0000
0.7800 -0.0000 -0.0000 0.0000 0.0000
0.7900 -0.0000 -0.0000 0.0000 0.0000
0.8000 -0.0000 -0.0000 0.0000 0.0000
0.8100 -0.0000 -0.0000 0.0000 0.0000
0.8200 -0.0000 -0.0000 0.0000 0.0000
0.8300 -0.0000 -0.0000 0.0000 0.0000
0.8400 -0.0000 -0.0000 0.0000 0.0000
0.8500 -0.0000 -0.0000 0.0000 0.0000
0.8600 -0.0000 -0.0000 0.0000 0.0000
0.8700 -0.0000 -0.0000 0.0000 0.0000
0.8800 -0.0000 -0.0000 0.0000 0.0000
0.8900 -0.0000 -0.0000 0.0000 0.0000
0.9000 -0.0000 -0.0000 0.0000 0.0000
0.9100 -0.0000 -0.0000 0.0000 0.0000
0.9200 -0.0000 -0.0000 0.0000 0.0000
0.9300 -0.0000 -0.0000 0.0000 0.0000
0.9400 -0.0000 -0.0000 0.0000 0.0000
0.9500 -0.0000 -0.0000 0.0000 0.0000
0.9600 -0.0000 -0.0000 0.0000 0.0000
0.9700 -0.0000 -0.0000 0.0000 0.0000
0.9800 -0.0000 -0.0000 0.0000 0.0000
0.9900 -0.0000 -0.0000 0.0000 0.0000
1.0000 -0.0000 -0.0000 0.0000 0.0000
1.0100 -0.0000 -0.0000 0.0000 0.0000
1.0200 -0.0000 -0.0000 0.0000 0.0000
1.0300 -0.0000 -0.0000 0.0000 0.0000
1.0400 -0.0000 -0.0000 0.0000 0.0000
1.0500 -0.0000 -0.0000 0.0000 0.0000
1.0600 -0.0000 -0.0000 0.0000 0.0000
1.0700 -0.0000 -0.0000 0.0000 0.0000
1.0800 -0.0000 -0.0000 0.0000 0.0000
1.0900 -0.0000 -0.0000 0.0000 0.0000
1.1000 -0.0000 -0.0000 0.0000 0.0000
1.1100 -0.0000 -0.0000 0.0000 0.0000
1.1200 -0.0000 -0.0000 0.0000 0.0000
1.1300 -0.0000 -0.0000 0.0000 0.0000
1.1400 -0.0000 -0.0000 0.0000 0.0000
1.1500 -0.0000 -0.0000 0.0000 0.0000
1.1600 -0.0000 -0.0000 0.0000 0.0000
1.1700 -0.0000 -0.0000 0.0000 0.0000
1.1800 -0.0000 -0.0000 0.0000 0.0000
1.1900 -0.0000 -0.0000 0.0000 0.0000
1.2000 -0.0000 -0.0000 0.0000 0.0000
1.2100 -0.0000 -0.0000 0.0000 0.0000
1.2200 -0.0000 -0.0000 0.0000 0.0000
1.2300 -0.0000 -0.0000 0.0000 0.0000
1.2400 -0.0000 -0.0000 0.0000 0.0000
1.2500 -0.0000 -0.0000 0.0000 0.0000
1.2600 -0.0000 -0.0000 0.0000 0.0000
1.2700 -0.0000 -0.0000 0.0000 0.0000
1.2800 -0.0000 -0.0000 0.0000 0.0000
1.2900 -0.0000 -0.0000 0.0000 0.0000
1.3000 -0.0000 -0.0000 0.0000 0.0000
1.3100 -0.0000 -0.0000 0.0000 0.0000
1.3200 -0.0000 -0.0000 0.0000 0.0000
1.3300 -0.0000 -0.0000 0.0000 0.0000
1.3400 -0.0000 -0.0000 0.0000 0.0000
1.3500 -0.0000 -0.0000 0.0000 0.0000
1.3600 -0.0000 -0.0000 0.0000 0.0000
1.3700 -0.0000 -0.0000 0.0000 0.0000
1.3800 -0.0000 -0.0000 0.0000 0.0000
1.3900 -0.0000 -0.0000 0.0000 0.0000
1.4000 -0.0000 -0.0000 0.0000 0.0000
1.4100 -0.0000 -0.0000 0.0000 0.0000
1.4200 -0.0000 -0.0000 0.0000 0.0000
1.4300 -0.0000 -0.0000 0.0000 0.0000
1.4400 -0.0000 -0.0000 0.0000 0.0000
1.4500 -0.0000 -0.0000 0.0000 0.0000
1.4600 -0.0000 -0.0000 0.0000 0.0000
1.4700 -0.0000 -0.0000 0.0000 0.0000
1.4800 -0.0000 -0.0000 0.0000 0.0000
1.4900 -0.0000 -0.0000 0.0000 0.0000
1.5000 -0.0000 -0.0000 0.0000 0.0000
1.5100 -0.0000 -0.0000 0.0000 0.0000
1.5200 -0.0000 -0.0000 0.0000 0.0000
1.5300 -0.0000 -0.0000 0.0000 0.0000
1.5400 -0.0000 -0.0000 0.0000 0.0000
1.5500 -0.0000 -0.0000 0.0000 0.0000
1.5600 -0.0000 -0.0000 0.0000 0.0000
1.5700 -0.0000 -0.0000 0.0000 0.0000
1.5800 -0.0000 -0.0000 0.0000 0.0000
1.5900 -0.0000 -0.0000 0.0000 0.0000
1.6000 -0.0000 -0.0000 0.0000 0.0000
1.6100 -0.0000 -0.0000 0.0000 0.0000
1.6200 -0.0000 -0.0000 0.0000 0.0000
1.6300 -0.0000 -0.0000 0.0000 0.0000
1.6400 -0.0000 -0.0000 0.0000 0.0000
1.6500 -0.0000 -0.0000 0.0000 0.0000
1.6600 -0.0000 -0.0000 0.0000 0.0000
1.6700 -0.0000 -0.0000 0.0000 0.0000
1.6800 -0.0000 -0.0000 0.0000 0.0000
1.6900 -0.0000 -0.0000 0.0000 0.0000
1.7000 -0.0000 -0.0000 0.0000 0.0000
1.7100 -0.0000 -0.0000 0.0000 0.0000
1.7200 -0.0000 -0.0000 0.0000 0.0000
1.7300 -0.0000 -0.0000 0.0000 0.0000
1.7400 -0.0000 -0.0000 0.0000 0.0000
1.7500 -0.0000 -0.0000 0.0000 0.0000
1.7600 -0.0000 -0.0000 0.0000 0.0000
1.7700 -0.0000 -0.0000 0.0000 0.0000
1.7800 -0.0000 -0.0000 0.0000 0.0000
1.7900 -0.0000 -0.0000 0.0000 0.0000
1.8000 -0.0000 -0.0000 0.0000 0.0000
1.8100 -0.0000 -0.0000 0.0000 0.0000
1.8200 -0.0000 -0.0000 0.0000 0.0000
1.8300 -0.0000 -0.0000 0.0000 0.0000
1.8400 -0.0000 -0.0000 0.0000 0.0000
1.8500 -0.0000 -0.0000 0.0000 0.0000
1.8600 -0.0000 -0.0000 0.0000 0.0000
1.8700 -0.0000 -0.0000 0.0000 0.0000
1.8800 -0.0000 -0.0000 0.0000 0.0000
1.8900 -0.0000 -0.0000 0.0000 0.0000
1.9000 -0.0000 -0.0000 0.0000 0.0000
1.9100 -0.0000 -0.0000 0.0000 0.0000
1.9200 -0.0000 -0.0000 0.0000 0.0000
1.9300 -0.0000 -0.0000 0.0000 0.0000
1.9400 -0.0000 -0.0000 0.0000 0.0000
1.9500 -0.0000 -0.0000 0.0000 0.0000
1.9600 -0.0000 -0.0000 0.0000 0.0000
1.9700 -0.0000 -0.0000 0.0000 0.0000
1.9800 -0.0000 -0.0000 0.0000 0.0000
1.9900 -0.0000 -0.0000 0.0000 0.0000
2.0000 -0.0000 -0.0000 0.0000 0.0000
2.0100 -0.0000 -0.0000 0.0000 0.0000
2.0200 -0.0000 -0.0000 -0.0045 -0.0022
2.0300 -0.0001 -0.0001 -0.0089 -0.0045
2.0400 -0.0003 -0.0001 -0.0134 -0.0067
2.0500 -0.0004 -0.0002 -0.0179 -0.0090
2.0600 -0.0007 -0.0003 -0.0224 -0.0112
2.0700 -0.0009 -0.0005 -0.0268 -0.0134
2.0800 -0.0013 -0.0006 -0.0313 -0.0157
2.0900 -0.0016 -0.0008 -0.0358 -0.0179
2.1000 -0.0020 -0.0010 -0.0402 -0.0201
2.1100 -0.0025 -0.0012 -0.0447 -0.0224
2.1200 -0.0030 -0.0015 -0.0492 -0.0246
2.1300 -0.0035 -0.0017 -0.0499 -0.0250
2.1400 -0.0040 -0.0020 -0.0544 -0.0272
2.1500 -0.0046 -0.0023 -0.0588 -0.0295
2.1600 -0.0052 -0.0026 -0.0633 -0.0317
2.1700 -0.0059 -0.0030 -0.0678 -0.0340
2.1800 -0.0066 -0.0033 -0.0722 -0.0362
2.1900 -0.0074 -0.0037 -0.0767 -0.0385
2.2000 -0.0082 -0.0041 -0.0812 -0.0408
2.2100 -0.0091 -0.0045 -0.0856 -0.0430
2.2200 -0.0099 -0.0050 -0.0856 -0.0430
2.2300 -0.0108 -0.0054 -0.0856 -0.0430
2.2400 -0.0116 -0.0058 -0.0856 -0.0430
2.2500 -0.0124 -0.0062 -0.0815 -0.0410
2.2600 -0.0132 -0.0066 -0.0814 -0.0410
2.2700 -0.0141 -0.0071 -0.0814 -0.0410
2.2800 -0.0149 -0.0075 -0.0814 -0.0411
2.2900 -0.0157 -0.0079 -0.0814 -0.0411
2.3000 -0.0165 -0.0083 -0.0813 -0.0412
2.3100 -0.0173 -0.0087 -0.0813 -0.0412
2.3200 -0.0181 -0.0091 -0.0813 -0.0413
2.3300 -0.0190 -0.0095 -0.0850 -0.0432
2.3400 -0.0198 -0.0100 -0.0850 -0.0432
2.3500 -0.0207 -0.0104 -0.0850 -0.0432
2.3600 -0.0215 -0.0108 -0.0845 -0.0430
2.3700 -0.0224 -0.0113 -0.0844 -0.0430
2.3800 -0.0232 -0.0117 -0.0844 -0.0431
2.3900 -0.0241 -0.0121 -0.0843 -0.0432
2.4000 -0.0249 -0.0126 -0.0843 -0.0433
2.4100 -0.0257 -0.0130 -0.0843 -0.0433
2.4200 -0.0266 -0.0134 -0.0842 -0.0434
2.4300 -0.0274 -0.0139 -0.0842 -0.0435
2.4400 -0.0283 -0.0143 -0.0842 -0.0435
2.4500 -0.0291 -0.0148 -0.0883 -0.0457
2.4600 -0.0300 -0.0152 -0.0883 -0.0457
2.4700 -0.0309 -0.0157 -0.0865 -0.0449
2.4800 -0.0318 -0.0161 -0.0864 -0.0450
2.4900 -0.0326 -0.0166 -0.0864 -0.0451
2.5000 -0.0335 -0.0170 -0.0863 -0.0452
2.5100 -0.0344 -0.0175 -0.0863 -0.0453
2.5200 -0.0352 -0.0179 -0.0862 -0.0454
2.5300 -0.0361 -0.0184 -0.0862 -0.0455
2.5400 -0.0369 -0.0188 -0.0861 -0.0456
2.5500 -0.0378 -0.0193 -0.0860 -0.0457
2.5600 -0.0387 -0.0198 -0.0865 -0.0460
2.5700 -0.0395 -0.0202 -0.0865 -0.0461
2.5800 -0.0404 -0.0207 -0.0831 -0.0443
2.5900 -0.0412 -0.0211 -0.0830 -0.0445
2.6000 -0.0420 -0.0215 -0.0829 -0.0446
2.6100 -0.0428 -0.0220 -0.0829 -0.0447
2.6200 -0.0437 -0.0224 -0.0828 -0.0449
2.6300 -0.0445 -0.0229 -0.0827 -0.0450
2.6400 -0.0453 -0.0233 -0.0827 -0.0452
2.6500 -0.0462 -0.0238 -0.0826 -0.0453
2.6600 -0.0470 -0.0243 -0.0825 -0.0454
2.6700 -0.0478 -0.0247 -0.0842 -0.0465
2.6800 -0.0487 -0.0252 -0.0832 -0.0460
2.6900 -0.0495 -0.0256 -0.0831 -0.0462
2.7000 -0.0503 -0.0261 -0.0830 -0.0464
2.7100 -0.0511 -0.0266 -0.0829 -0.0466
2.7200 -0.0520 -0.0270 -0.0828 -0.0468
2.7300 -0.0528 -0.0275 -0.0827 -0.0469
2.7400 -0.0536 -0.0280 -0.0826 -0.0471
2.7500 -0.0544 -0.0285 -0.0825 -0.0473
2.7600 -0.0553 -0.0289 -0.0824 -0.0475
2.7700 -0.0561 -0.0294 -0.0823 -0.0476
2.7800 -0.0569 -0.0299 -0.0824 -0.0477
2.7900 -0.0577 -0.0304 -0.0823 -0.0480
2.8000 -0.0586 -0.0308 -0.0821 -0.0482
2.8100 -0.0594 -0.0313 -0.0820 -0.0484
2.8200 -0.0602 -0.0318 -0.0819 -0.0486
2.8300 -0.0610 -0.0323 -0.0817 -0.0489
2.8400 -0.0618 -0.0328 -0.0816 -0.0491
2.8500 -0.0626 -0.0333 -0.0815 -0.0493
2.8600 -0.0635 -0.0338 -0.0813 -0.0495
2.8700 -0.0643 -0.0343 -0.0798 -0.0489
2.8800 -0.0651 -0.0348 -0.0805 -0.0498
2.8900 -0.0659 -0.0353 -0.0803 -0.0501
2.9000 -0.0667 -0.0358 -0.0801 -0.0504
2.9100 -0.0675 -0.0363 -0.0799 -0.0506
2.9200 -0.0683 -0.0368 -0.0797 -0.0509
2.9300 -0.0691 -0.0373 -0.0796 -0.0512
2.9400 -0.0699 -0.0378 -0.0794 -0.0515
2.9500 -0.0706 -0.0383 -0.0792 -0.0518
2.9600 -0.0714 -0.0388 -0.0750 -0.0493
2.9700 -0.0721 -0.0393 -0.0746 -0.0497
2.9800 -0.0729 -0.0398 -0.0775 -0.0521
2.9900 -0.0737 -0.0404 -0.0773 -0.0525
3.0000 -0.0745 -0.0409 -0.0770 -0.0528
3.0100 -0.0752 -0.0414 -0.0768 -0.0532
3.0200 -0.0760 -0.0420 -0.0765 -0.0535
3.0300 -0.0768 -0.0425 -0.0763 -0.0539
3.0400 -0.0775 -0.0430 -0.0733 -0.0522
3.0500 -0.0782 -0.0436 -0.0729 -0.0528
3.0600 -0.0789 -0.0441 -0.0724 -0.0534
3.0700 -0.0797 -0.0446 -0.0734 -0.0548
3.0800 -0.0804 -0.0452 -0.0730 -0.0553
3.0900 -0.0811 -0.0457 -0.0727 -0.0557
3.1000 -0.0819 -0.0463 -0.0723 -0.0562
3.1100 -0.0826 -0.0469 -0.0705 -0.0553
3.1200 -0.0833 -0.0474 -0.0698 -0.0560
3.1300 -0.0840 -0.0480 -0.0692 -0.0568
3.1400 -0.0846 -0.0486 -0.0686 -0.0575
3.1500 -0.0853 -0.0491 -0.0680 -0.0582
3.1600 -0.0860 -0.0498 -0.0714 -0.0618
3.1700 -0.0867 -0.0504 -0.0704 -0.0618
3.1800 -0.0874 -0.0510 -0.0695 -0.0627
3.1900 -0.0881 -0.0516 -0.0686 -0.0636
3.2000 -0.0888 -0.0523 -0.0677 -0.0645
3.2100 -0.0895 -0.0529 -0.0668 -0.0654
3.2200 -0.0901 -0.0536 -0.0659 -0.0664
3.2300 -0.0907 -0.0542 -0.0623 -0.0639
3.2400 -0.0914 -0.0549 -0.0635 -0.0672
3.2500 -0.0920 -0.0556 -0.0622 -0.0683
3.2600 -0.0926 -0.0563 -0.0608 -0.0694
3.2700 -0.0932 -0.0570 -0.0595 -0.0705
3.2800 -0.0938 -0.0577 -0.0569 -0.0693
3.2900 -0.0943 -0.0584 -0.0547 -0.0707
3.3000 -0.0948 -0.0591 -0.0524 -0.0722
3.3100 -0.0954 -0.0599 -0.0517 -0.0750
3.3200 -0.0959 -0.0606 -0.0497 -0.0759
3.3300 -0.0963 -0.0614 -0.0465 -0.0773
3.3400 -0.0968 -0.0622 -0.0433 -0.0787
3.3500 -0.0972 -0.0630 -0.0401 -0.0801
3.3600 -0.0975 -0.0638 -0.0367 -0.0794
3.3700 -0.0978 -0.0646 -0.0326 -0.0812
3.3800 -0.0981 -0.0654 -0.0284 -0.0821
3.3900 -0.0984 -0.0663 -0.0242 -0.0831
3.4000 -0.0986 -0.0671 -0.0206 -0.0815
3.4100 -0.0987 -0.0679 -0.0151 -0.0819
3.4200 -0.0988 -0.0687 -0.0096 -0.0823
3.4300 -0.0989 -0.0696 -0.0068 -0.0862
3.4400 -0.0989 -0.0704 -0.0027 -0.0847
3.4500 -0.0989 -0.0713 0.0031 -0.0840
3.4600 -0.0988 -0.0721 0.0089 -0.0834
3.4700 -0.0987 -0.0729 0.0148 -0.0827
3.4800 -0.0985 -0.0738 0.0193 -0.0843
3.4900 -0.0982 -0.0746 0.0211 -0.0798
3.5000 -0.0980 -0.0753 0.0266 -0.0781
3.5100 -0.0977 -0.0761 0.0321 -0.0764
3.5200 -0.0973 -0.0769 0.0376 -0.0750
3.5300 -0.0969 -0.0776 0.0418 -0.0730
3.5400 -0.0964 -0.0783 0.0447 -0.0699
3.5500 -0.0959 -0.0790 0.0493 -0.0674
3.5600 -0.0954 -0.0796 0.0539 -0.0670
3.5700 -0.0948 -0.0803 0.0571 -0.0645
3.5800 -0.0942 -0.0809 0.0603 -0.0621
3.5900 -0.0936 -0.0815 0.0635 -0.0597
3.6000 -0.0929 -0.0821 0.0642 -0.0581
3.6100 -0.0923 -0.0826 0.0664 -0.0557
3.6200 -0.0916 -0.0832 0.0685 -0.0533
3.6300 -0.0909 -0.0837 0.0707 -0.0509
3.6400 -0.0901 -0.0842 0.0737 -0.0500
3.6500 -0.0894 -0.0847 0.0749 -0.0483
3.6600 -0.0886 -0.0851 0.0759 -0.0466
3.6700 -0.0879 -0.0856 0.0773 -0.0445
3.6800 -0.0871 -0.0860 0.0786 -0.0424
3.6900 -0.0862 -0.0864 0.0831 -0.0438
3.7000 -0.0854 -0.0868 0.0838 -0.0424
3.7100 -0.0846 -0.0873 0.0846 -0.0410
3.7200 -0.0837 -0.0877 0.0853 -0.0396
3.7300 -0.0829 -0.0880 0.0844 -0.0376
3.7400 -0.0820 -0.0884 0.0866 -0.0370
3.7500 -0.0811 -0.0888 0.0871 -0.0358
3.7600 -0.0803 -0.0891 0.0875 -0.0347
3.7700 -0.0794 -0.0894 0.0880 -0.0336
3.7800 -0.0785 -0.0898 0.0885 -0.0324
3.7900 -0.0776 -0.0901 0.0889 -0.0313
3.8000 -0.0767 -0.0904 0.0925 -0.0319
3.8100 -0.0758 -0.0907 0.0893 -0.0303
3.8200 -0.0749 -0.0910 0.0896 -0.0294
3.8300 -0.0740 -0.0913 0.0899 -0.0285
3.8400 -0.0731 -0.0916 0.0902 -0.0276
3.8500 -0.0722 -0.0918 0.0905 -0.0266
3.8600 -0.0713 -0.0921 0.0909 -0.0258
3.8700 -0.0704 -0.0923 0.0911 -0.0252
3.8800 -0.0694 -0.0926 0.0912 -0.0247
3.8900 -0.0685 -0.0928 0.0908 -0.0240
3.9000 -0.0676 -0.0931 0.0910 -0.0233
3.9100 -0.0667 -0.0933 0.0912 -0.0225
3.9200 -0.0658 -0.0935 0.0914 -0.0217
3.9300 -0.0649 -0.0937 0.0933 -0.0216
3.9400 -0.0639 -0.0939 0.0934 -0.0211
3.9500 -0.0630 -0.0941 0.0935 -0.0207
3.9600 -0.0621 -0.0943 0.0936 -0.0202
3.9700 -0.0611 -0.0945 0.0937 -0.0197
3.9800 -0.0602 -0.0947 0.0910 -0.0188
3.9900 -0.0593 -0.0949 0.0911 -0.0181
4.0000 -0.0584 -0.0951 0.0913 -0.0175
4.0100 -0.0574 -0.0953 0.0948 -0.0178
4.0200 -0.0565 -0.0954 0.0949 -0.0174
4.0300 -0.0555 -0.0956 0.0950 -0.0170
4.0400 -0.0546 -0.0958 0.0950 -0.0166
4.0500 -0.0536 -0.0959 0.0951 -0.0162
4.0600 -0.0527 -0.0961 0.0952 -0.0159
4.0700 -0.0517 -0.0962 0.0947 -0.0154
4.0800 -0.0508 -0.0964 0.0948 -0.0148
4.0900 -0.0498 -0.0965 0.0955 -0.0144
4.1000 -0.0489 -0.0967 0.0955 -0.0141
4.1100 -0.0479 -0.0968 0.0956 -0.0137
4.1200 -0.0470 -0.0969 0.0956 -0.0134
4.1300 -0.0460 -0.0971 0.0957 -0.0131
4.1400 -0.0451 -0.0972 0.0957 -0.0127
4.1500 -0.0441 -0.0973 0.0958 -0.0124
4.1600 -0.0431 -0.0974 0.0958 -0.0120
4.1700 -0.0422 -0.0976 0.0923 -0.0113
4.1800 -0.0413 -0.0977 0.0952 -0.0113
4.1900 -0.0403 -0.0978 0.0953 -0.0110
4.2000 -0.0394 -0.0979 0.0953 -0.0107
4.2100 -0.0384 -0.0980 0.0953 -0.0104
4.2200 -0.0375 -0.0981 0.0954 -0.0101
4.2300 -0.0365 -0.0982 0.0954 -0.0098
4.2400 -0.0355 -0.0983 0.0954 -0.0095
4.2500 -0.0346 -0.0984 0.0955 -0.0092
4.2600 -0.0336 -0.0985 0.0955 -0.0089
4.2700 -0.0327 -0.0985 0.0941 -0.0085
4.2800 -0.0318 -0.0986 0.0941 -0.0082
4.2900 -0.0308 -0.0987 0.0941 -0.0079
4.3000 -0.0299 -0.0988 0.0941 -0.0077
4.3100 -0.0289 -0.0989 0.0942 -0.0074
4.3200 -0.0280 -0.0989 0.0942 -0.0071
4.3300 -0.0270 -0.0990 0.0942 -0.0068
4.3400 -0.0261 -0.0991 0.0942 -0.0065
4.3500 -0.0252 -0.0991 0.0942 -0.0063
4.3600 -0.0242 -0.0992 0.0943 -0.0060
4.3700 -0.0233 -0.0992 0.0969 -0.0060
4.3800 -0.0223 -0.0993 0.0969 -0.0058
4.3900 -0.0213 -0.0994 0.0970 -0.0055
4.4000 -0.0203 -0.0994 0.0970 -0.0052
4.4100 -0.0194 -0.0995 0.0970 -0.0050
4.4200 -0.0184 -0.0995 0.0970 -0.0047
4.4300 -0.0174 -0.0996 0.0970 -0.0044
4.4400 -0.0165 -0.0996 0.0970 -0.0042
4.4500 -0.0155 -0.0996 0.0970 -0.0039
4.4600 -0.0145 -0.0997 0.0971 -0.0037
4.4700 -0.0135 -0.0997 0.0988 -0.0035
4.4800 -0.0125 -0.0997 0.0988 -0.0033
4.4900 -0.0116 -0.0998 0.0988 -0.0030
4.5000 -0.0106 -0.0998 0.0989 -0.0028
4.5100 -0.0096 -0.0998 0.0989 -0.0025
4.5200 -0.0086 -0.0998 0.0989 -0.0023
4.5300 -0.0076 -0.0999 0.0989 -0.0020
4.5400 -0.0066 -0.0999 0.0989 -0.0018
4.5500 -0.0056 -0.0999 0.0989 -0.0015
4.5600 -0.0046 -0.0999 0.0989 -0.0013
4.5700 -0.0036 -0.0999 0.0997 -0.0010
4.5800 -0.0026 -0.0999 0.0997 -0.0008
4.5900 -0.0016 -0.0999 0.0997 -0.0005
4.6000 -0.0006 -0.0999 0.0997 -0.0003
4.6100 0.0004 -0.0999 0.0997 -0.0000
4.6200 0.0013 -0.0999 0.0997 0.0002
4.6300 0.0023 -0.0999 0.0997 0.0005
4.6400 0.0033 -0.0999 0.0997 0.0007
4.6500 0.0043 -0.0999 0.0997 0.0010
4.6600 0.0053 -0.0999 0.0997 0.0012
4.6700 0.0063 -0.0999 0.0997 0.0015
4.6800 0.0073 -0.0999 0.0997 0.0017
4.6900 0.0083 -0.0999 0.0996 0.0020
4.7000 0.0093 -0.0998 0.0996 0.0022
4.7100 0.0103 -0.0998 0.0996 0.0025
4.7200 0.0113 -0.0998 0.0996 0.0027
4.7300 0.0123 -0.0997 0.0996 0.0030
4.7400 0.0133 -0.0997 0.0996 0.0032
4.7500 0.0143 -0.0997 0.0996 0.0035
4.7600 0.0153 -0.0996 0.0996 0.0038
4.7700 0.0163 -0.0996 0.0986 0.0040
4.7800 0.0173 -0.0996 0.0986 0.0042
4.7900 0.0183 -0.0995 0.0986 0.0045
4.8000 0.0192 -0.0995 0.0985 0.0048
4.8100 0.0202 -0.0994 0.0985 0.0050
4.8200 0.0212 -0.0994 0.0985 0.0053
4.8300 0.0222 -0.0993 0.0985 0.0055
4.8400 0.0232 -0.0993 0.0985 0.0058
4.8500 0.0242 -0.0992 0.0985 0.0061
4.8600 0.0252 -0.0991 0.0985 0.0063
4.8700 0.0261 -0.0991 0.0965 0.0064
4.8800 0.0271 -0.0990 0.0965 0.0067
4.8900 0.0280 -0.0989 0.0965 0.0070
4.9000 0.0290 -0.0989 0.0964 0.0073
4.9100 0.0300 -0.0988 0.0964 0.0076
4.9200 0.0309 -0.0987 0.0964 0.0079
4.9300 0.0319 -0.0986 0.0964 0.0081
4.9400 0.0329 -0.0985 0.0964 0.0084
4.9500 0.0338 -0.0984 0.0963 0.0087
4.9600 0.0348 -0.0984 0.0963 0.0090
4.9700 0.0357 -0.0983 0.0935 0.0089
4.9800 0.0367 -0.0982 0.0935 0.0092
4.9900 0.0376 -0.0981 0.0934 0.0095
5.0000 0.0385 -0.0980 0.0934 0.0098
5.0100 0.0395 -0.0979 0.0934 0.0102
5.0200 0.0404 -0.0978 0.0933 0.0105
5.0300 0.0413 -0.0977 0.0933 0.0108
5.0400 0.0423 -0.0976 0.0932 0.0111
5.0500 0.0432 -0.0974 0.0932 0.0114
5.0600 0.0441 -0.0973 0.0923 0.0116
5.0700 0.0451 -0.0972 0.0944 0.0123
5.0800 0.0460 -0.0971 0.0944 0.0126
5.0900 0.0470 -0.0969 0.0943 0.0130
5.1000 0.0479 -0.0968 0.0943 0.0133
5.1100 0.0488 -0.0967 0.0942 0.0136
5.1200 0.0498 -0.0965 0.0942 0.0140
5.1300 0.0507 -0.0964 0.0941 0.0143
5.1400 0.0517 -0.0962 0.0941 0.0147
5.1500 0.0526 -0.0961 0.0908 0.0144
5.1600 0.0535 -0.0960 0.0907 0.0150
5.1700 0.0544 -0.0958 0.0944 0.0160
5.1800 0.0554 -0.0956 0.0943 0.0164
5.1900 0.0563 -0.0955 0.0943 0.0168
5.2000 0.0572 -0.0953 0.0942 0.0172
5.2100 0.0582 -0.0951 0.0941 0.0176
5.2200 0.0591 -0.0949 0.0940 0.0180
5.2300 0.0601 -0.0948 0.0929 0.0182
5.2400 0.0610 -0.0946 0.0928 0.0188
5.2500 0.0619 -0.0944 0.0926 0.0195
5.2600 0.0628 -0.0942 0.0934 0.0203
5.2700 0.0638 -0.0940 0.0933 0.0207
5.2800 0.0647 -0.0937 0.0932 0.0212
5.2900 0.0656 -0.0935 0.0931 0.0217
5.3000 0.0666 -0.0933 0.0930 0.0222
5.3100 0.0675 -0.0931 0.0889 0.0215
5.3200 0.0683 -0.0929 0.0887 0.0223
5.3300 0.0692 -0.0926 0.0885 0.0231
5.3400 0.0701 -0.0924 0.0883 0.0238
5.3500 0.0710 -0.0921 0.0913 0.0252
5.3600 0.0719 -0.0919 0.0911 0.0258
5.3700 0.0728 -0.0916 0.0910 0.0264
5.3800 0.0737 -0.0914 0.0886 0.0261
5.3900 0.0746 -0.0911 0.0883 0.0271
5.4000 0.0755 -0.0908 0.0879 0.0280
5.4100 0.0764 -0.0905 0.0876 0.0290
5.4200 0.0772 -0.0902 0.0873 0.0299
5.4300 0.0781 -0.0899 0.0880 0.0311
5.4400 0.0790 -0.0896 0.0871 0.0315
5.4500 0.0799 -0.0893 0.0866 0.0327
5.4600 0.0807 -0.0889 0.0861 0.0338
5.4700 0.0816 -0.0886 0.0856 0.0350
5.4800 0.0824 -0.0882 0.0851 0.0362
5.4900 0.0833 -0.0878 0.0846 0.0374
5.5000 0.0841 -0.0875 0.0805 0.0364
5.5100 0.0849 -0.0871 0.0836 0.0393
5.5200 0.0857 -0.0867 0.0828 0.0408
5.5300 0.0866 -0.0863 0.0820 0.0422
5.5400 0.0874 -0.0858 0.0812 0.0437
5.5500 0.0882 -0.0854 0.0786 0.0437
5.5600 0.0889 -0.0849 0.0771 0.0458
5.5700 0.0897 -0.0844 0.0756 0.0479
5.5800 0.0905 -0.0839 0.0764 0.0508
5.5900 0.0912 -0.0834 0.0751 0.0526
5.6000 0.0919 -0.0829 0.0728 0.0550
5.6100 0.0926 -0.0823 0.0704 0.0574
5.6200 0.0933 -0.0817 0.0681 0.0598
5.6300 0.0940 -0.0811 0.0649 0.0605
5.6400 0.0946 -0.0805 0.0620 0.0637
5.6500 0.0952 -0.0798 0.0585 0.0660
5.6600 0.0957 -0.0791 0.0551 0.0684
5.6700 0.0962 -0.0784 0.0513 0.0682
5.6800 0.0967 -0.0777 0.0464 0.0707
5.6900 0.0971 -0.0770 0.0416 0.0731
5.7000 0.0975 -0.0762 0.0403 0.0776
5.7100 0.0979 -0.0754 0.0361 0.0776
5.7200 0.0982 -0.0746 0.0305 0.0792
5.7300 0.0984 -0.0738 0.0249 0.0807
5.7400 0.0986 -0.0730 0.0193 0.0823
5.7500 0.0988 -0.0722 0.0154 0.0853
5.7600 0.0989 -0.0713 0.0122 0.0816
5.7700 0.0990 -0.0705 0.0064 0.0820
5.7800 0.0990 -0.0697 0.0006 0.0825
5.7900 0.0989 -0.0689 -0.0052 0.0830
5.8000 0.0988 -0.0680 -0.0100 0.0828
5.8100 0.0987 -0.0672 -0.0138 0.0809
5.8200 0.0985 -0.0664 -0.0192 0.0803
5.8300 0.0983 -0.0656 -0.0237 0.0814
5.8400 0.0980 -0.0648 -0.0277 0.0803
5.8500 0.0977 -0.0640 -0.0318 0.0793
5.8600 0.0973 -0.0632 -0.0358 0.0783
5.8700 0.0969 -0.0625 -0.0371 0.0769
5.8800 0.0965 -0.0617 -0.0401 0.0754
5.8900 0.0961 -0.0610 -0.0431 0.0740
5.9000 0.0956 -0.0602 -0.0461 0.0726
5.9100 0.0951 -0.0595 -0.0493 0.0730
5.9200 0.0946 -0.0588 -0.0512 0.0718
5.9300 0.0941 -0.0581 -0.0529 0.0706
5.9400 0.0936 -0.0574 -0.0550 0.0691
5.9500 0.0930 -0.0567 -0.0571 0.0677
5.9600 0.0924 -0.0560 -0.0609 0.0708
5.9700 0.0917 -0.0553 -0.0622 0.0698
5.9800 0.0911 -0.0546 -0.0634 0.0687
5.9900 0.0905 -0.0540 -0.0647 0.0677
6.0000 0.0898 -0.0533 -0.0648 0.0657
6.0100 0.0891 -0.0526 -0.0673 0.0662
6.0200 0.0885 -0.0520 -0.0682 0.0653
6.0300 0.0878 -0.0513 -0.0690 0.0645
6.0400 0.0871 -0.0507 -0.0699 0.0636
6.0500 0.0864 -0.0501 -0.0707 0.0627
6.0600 0.0857 -0.0495 -0.0716 0.0618
6.0700 0.0849 -0.0488 -0.0748 0.0638
6.0800 0.0842 -0.0482 -0.0730 0.0616
6.0900 0.0834 -0.0476 -0.0736 0.0609
6.1000 0.0827 -0.0470 -0.0742 0.0602
6.1100 0.0820 -0.0464 -0.0748 0.0595
6.1200 0.0812 -0.0458 -0.0753 0.0588
6.1300 0.0804 -0.0452 -0.0760 0.0581
6.1400 0.0797 -0.0446 -0.0763 0.0577
6.1500 0.0789 -0.0441 -0.0767 0.0573
6.1600 0.0781 -0.0435 -0.0770 0.0568
6.1700 0.0774 -0.0430 -0.0737 0.0540
6.1800 0.0767 -0.0424 -0.0741 0.0534
6.1900 0.0759 -0.0419 -0.0746 0.0528
6.2000 0.0752 -0.0414 -0.0761 0.0532
6.2100 0.0744 -0.0408 -0.0763 0.0528
6.2200 0.0736 -0.0403 -0.0765 0.0525
6.2300 0.0729 -0.0398 -0.0768 0.0521
6.2400 0.0721 -0.0393 -0.0770 0.0518
6.2500 0.0713 -0.0388 -0.0772 0.0515
6.2600 0.0705 -0.0383 -0.0765 0.0505
6.2700 0.0698 -0.0378 -0.0768 0.0501
6.2800 0.0690 -0.0372 -0.0794 0.0513
6.2900 0.0682 -0.0367 -0.0795 0.0510
6.3000 0.0674 -0.0362 -0.0797 0.0507
6.3100 0.0666 -0.0357 -0.0799 0.0505
6.3200 0.0658 -0.0352 -0.0801 0.0502
6.3300 0.0650 -0.0347 -0.0802 0.0499
6.3400 0.0642 -0.0342 -0.0804 0.0496
6.3500 0.0634 -0.0337 -0.0806 0.0494
6.3600 0.0626 -0.0333 -0.0780 0.0475
6.3700 0.0618 -0.0328 -0.0818 0.0495
6.3800 0.0610 -0.0323 -0.0819 0.0493
6.3900 0.0601 -0.0318 -0.0820 0.0491
6.4000 0.0593 -0.0313 -0.0822 0.0489
6.4100 0.0585 -0.0308 -0.0823 0.0487
6.4200 0.0577 -0.0303 -0.0824 0.0485
6.4300 0.0569 -0.0298 -0.0826 0.0482
6.4400 0.0560 -0.0294 -0.0827 0.0480
6.4500 0.0552 -0.0289 -0.0828 0.0478
6.4600 0.0544 -0.0284 -0.0833 0.0479
6.4700 0.0535 -0.0279 -0.0834 0.0477
6.4800 0.0527 -0.0274 -0.0835 0.0475
6.4900 0.0519 -0.0270 -0.0836 0.0474
6.5000 0.0510 -0.0265 -0.0837 0.0472
6.5100 0.0502 -0.0260 -0.0838 0.0470
6.5200 0.0493 -0.0256 -0.0839 0.0468
6.5300 0.0485 -0.0251 -0.0840 0.0467
6.5400 0.0477 -0.0246 -0.0841 0.0465
6.5500 0.0468 -0.0242 -0.0842 0.0463
6.5600 0.0459 -0.0237 -0.0871 0.0478
6.5700 0.0451 -0.0232 -0.0840 0.0461
6.5800 0.0443 -0.0228 -0.0841 0.0460
6.5900 0.0434 -0.0223 -0.0842 0.0458
6.6000 0.0426 -0.0219 -0.0843 0.0457
6.6100 0.0417 -0.0214 -0.0843 0.0456
6.6200 0.0409 -0.0209 -0.0844 0.0454
6.6300 0.0401 -0.0205 -0.0845 0.0453
6.6400 0.0392 -0.0200 -0.0845 0.0452
6.6500 0.0384 -0.0196 -0.0846 0.0450
6.6600 0.0375 -0.0191 -0.0853 0.0452
6.6700 0.0367 -0.0187 -0.0853 0.0452
6.6800 0.0358 -0.0182 -0.0838 0.0443
6.6900 0.0350 -0.0178 -0.0838 0.0442
6.7000 0.0341 -0.0174 -0.0839 0.0441
6.7100 0.0333 -0.0169 -0.0839 0.0440
6.7200 0.0325 -0.0165 -0.0840 0.0439
6.7300 0.0316 -0.0160 -0.0840 0.0438
6.7400 0.0308 -0.0156 -0.0841 0.0438
6.7500 0.0299 -0.0152 -0.0841 0.0437
6.7600 0.0291 -0.0147 -0.0842 0.0436
6.7700 0.0282 -0.0143 -0.0873 0.0451
6.7800 0.0273 -0.0138 -0.0873 0.0451
6.7900 0.0265 -0.0134 -0.0870 0.0449
6.8000 0.0256 -0.0129 -0.0870 0.0448
6.8100 0.0247 -0.0125 -0.0871 0.0447
6.8200 0.0239 -0.0120 -0.0871 0.0447
6.8300 0.0230 -0.0116 -0.0871 0.0446
6.8400 0.0221 -0.0111 -0.0872 0.0445
6.8500 0.0213 -0.0107 -0.0872 0.0445
6.8600 0.0204 -0.0103 -0.0872 0.0444
6.8700 0.0195 -0.0098 -0.0873 0.0443
6.8800 0.0186 -0.0094 -0.0888 0.0451
6.8900 0.0177 -0.0089 -0.0888 0.0450
6.9000 0.0168 -0.0085 -0.0888 0.0450
6.9100 0.0160 -0.0080 -0.0848 0.0429
6.9200 0.0151 -0.0076 -0.0848 0.0429
6.9300 0.0143 -0.0072 -0.0848 0.0429
6.9400 0.0135 -0.0068 -0.0849 0.0428
6.9500 0.0126 -0.0063 -0.0849 0.0428
6.9600 0.0118 -0.0059 -0.0849 0.0428
6.9700 0.0109 -0.0055 -0.0849 0.0427
6.9800 0.0101 -0.0050 -0.0849 0.0427
6.9900 0.0092 -0.0046 -0.0853 0.0428
7.0000 0.0083 -0.0042 -0.0853 0.0428
7.0100 0.0075 -0.0038 -0.0853 0.0428
7.0200 0.0066 -0.0033 -0.0853 0.0428
7.0300 0.0058 -0.0029 -0.0816 0.0409
7.0400 0.0050 -0.0025 -0.0816 0.0409
7.0500 0.0042 -0.0021 -0.0816 0.0409
7.0600 0.0034 -0.0017 -0.0816 0.0409
7.0700 0.0026 -0.0013 -0.0816 0.0409
7.0800 0.0017 -0.0009 -0.0816 0.0409
7.0900 0.0009 -0.0005 -0.0817 0.0409
7.1000 0.0001 -0.0001 -0.0817 0.0409
7.1100 -0.0007 0.0004 -0.0857 0.0429
7.1200 -0.0016 0.0008 -0.0857 0.0429
7.1300 -0.0025 0.0012 -0.0857 0.0429
7.1400 -0.0033 0.0017 -0.0857 0.0429
7.1500 -0.0041 0.0021 -0.0819 0.0410
7.1600 -0.0050 0.0025 -0.0819 0.0410
7.1700 -0.0058 0.0029 -0.0819 0.0411
7.1800 -0.0066 0.0033 -0.0819 0.0411
7.1900 -0.0074 0.0037 -0.0819 0.0411
7.2000 -0.0082 0.0041 -0.0819 0.0411
7.2100 -0.0091 0.0045 -0.0819 0.0411
7.2200 -0.0099 0.0049 -0.0819 0.0412
7.2300 -0.0107 0.0054 -0.0856 0.0430
7.2400 -0.0116 0.0058 -0.0856 0.0430
7.2500 -0.0124 0.0062 -0.0856 0.0431
7.2600 -0.0133 0.0067 -0.0855 0.0431
7.2700 -0.0141 0.0071 -0.0813 0.0409
7.2800 -0.0149 0.0075 -0.0812 0.0410
7.2900 -0.0157 0.0079 -0.0812 0.0410
7.3000 -0.0165 0.0083 -0.0812 0.0411
7.3100 -0.0174 0.0087 -0.0812 0.0411
7.3200 -0.0182 0.0091 -0.0812 0.0412
7.3300 -0.0190 0.0095 -0.0811 0.0412
7.3400 -0.0198 0.0100 -0.0811 0.0413
7.3500 -0.0206 0.0104 -0.0849 0.0432
7.3600 -0.0215 0.0108 -0.0848 0.0432
7.3700 -0.0223 0.0113 -0.0848 0.0433
7.3800 -0.0232 0.0117 -0.0841 0.0429
7.3900 -0.0240 0.0121 -0.0841 0.0430
7.4000 -0.0249 0.0125 -0.0840 0.0431
7.4100 -0.0257 0.0130 -0.0840 0.0431
7.4200 -0.0265 0.0134 -0.0840 0.0432
7.4300 -0.0274 0.0138 -0.0839 0.0433
7.4400 -0.0282 0.0143 -0.0839 0.0434
7.4500 -0.0291 0.0147 -0.0838 0.0434
7.4600 -0.0299 0.0151 -0.0838 0.0435
7.4700 -0.0308 0.0156 -0.0880 0.0457
7.4800 -0.0316 0.0161 -0.0880 0.0458
7.4900 -0.0325 0.0165 -0.0860 0.0448
7.5000 -0.0334 0.0170 -0.0859 0.0449
7.5100 -0.0342 0.0174 -0.0859 0.0450
7.5200 -0.0351 0.0179 -0.0858 0.0451
7.5300 -0.0359 0.0183 -0.0857 0.0452
7.5400 -0.0368 0.0188 -0.0857 0.0453
7.5500 -0.0377 0.0192 -0.0856 0.0454
7.5600 -0.0385 0.0197 -0.0856 0.0455
7.5700 -0.0394 0.0201 -0.0855 0.0456
7.5800 -0.0402 0.0206 -0.0862 0.0461
7.5900 -0.0411 0.0211 -0.0861 0.0462
7.6000 -0.0419 0.0215 -0.0824 0.0442
7.6100 -0.0427 0.0219 -0.0824 0.0444
7.6200 -0.0436 0.0224 -0.0823 0.0445
7.6300 -0.0444 0.0228 -0.0822 0.0447
7.6400 -0.0452 0.0233 -0.0821 0.0448
7.6500 -0.0460 0.0237 -0.0820 0.0450
7.6600 -0.0468 0.0242 -0.0820 0.0451
7.6700 -0.0477 0.0246 -0.0819 0.0452
7.6800 -0.0485 0.0251 -0.0818 0.0454
7.6900 -0.0493 0.0256 -0.0837 0.0466
7.7000 -0.0501 0.0260 -0.0824 0.0459
7.7100 -0.0510 0.0265 -0.0823 0.0461
7.7200 -0.0518 0.0269 -0.0822 0.0463
7.7300 -0.0526 0.0274 -0.0821 0.0465
7.7400 -0.0534 0.0279 -0.0820 0.0467
7.7500 -0.0542 0.0283 -0.0819 0.0469
7.7600 -0.0551 0.0288 -0.0818 0.0470
7.7700 -0.0559 0.0293 -0.0817 0.0472
7.7800 -0.0567 0.0298 -0.0816 0.0474
7.7900 -0.0575 0.0302 -0.0815 0.0476
7.8000 -0.0583 0.0307 -0.0814 0.0476
7.8100 -0.0591 0.0312 -0.0813 0.0479
7.8200 -0.0600 0.0317 -0.0812 0.0481
7.8300 -0.0608 0.0321 -0.0810 0.0483
7.8400 -0.0616 0.0326 -0.0809 0.0486
7.8500 -0.0624 0.0331 -0.0807 0.0488
7.8600 -0.0632 0.0336 -0.0806 0.0490
7.8700 -0.0640 0.0341 -0.0804 0.0493
7.8800 -0.0648 0.0346 -0.0803 0.0495
7.8900 -0.0656 0.0351 -0.0783 0.0485
7.9000 -0.0664 0.0356 -0.0794 0.0497
7.9100 -0.0672 0.0361 -0.0792 0.0500
7.9200 -0.0679 0.0366 -0.0790 0.0503
7.9300 -0.0687 0.0371 -0.0788 0.0506
7.9400 -0.0695 0.0376 -0.0786 0.0508
7.9500 -0.0703 0.0381 -0.0784 0.0511
7.9600 -0.0711 0.0386 -0.0782 0.0514
7.9700 -0.0719 0.0391 -0.0776 0.0515
7.9800 -0.0726 0.0397 -0.0773 0.0519
7.9900 -0.0734 0.0402 -0.0769 0.0524
8.0000 -0.0742 0.0407 -0.0802 0.0551
8.0100 -0.0750 0.0413 -0.0799 0.0555
8.0200 -0.0758 0.0418 -0.0796 0.0558
8.0300 -0.0766 0.0424 -0.0794 0.0562
8.0400 -0.0774 0.0430 -0.0791 0.0566
8.0500 -0.0781 0.0435 -0.0757 0.0545
8.0600 -0.0789 0.0441 -0.0752 0.0551
8.0700 -0.0796 0.0446 -0.0748 0.0557
8.0800 -0.0804 0.0452 -0.0743 0.0563
8.0900 -0.0811 0.0458 -0.0757 0.0581
8.1000 -0.0819 0.0464 -0.0753 0.0586
8.1100 -0.0826 0.0469 -0.0749 0.0590
8.1200 -0.0834 0.0475 -0.0726 0.0577
8.1300 -0.0841 0.0481 -0.0719 0.0585
8.1400 -0.0848 0.0487 -0.0713 0.0593
8.1500 -0.0855 0.0493 -0.0706 0.0600
8.1600 -0.0862 0.0499 -0.0699 0.0608
8.1700 -0.0869 0.0505 -0.0697 0.0619
8.1800 -0.0876 0.0511 -0.0682 0.0614
8.1900 -0.0883 0.0518 -0.0673 0.0624
8.2000 -0.0889 0.0524 -0.0663 0.0633
8.2100 -0.0896 0.0530 -0.0653 0.0643
8.2200 -0.0902 0.0537 -0.0644 0.0652
8.2300 -0.0909 0.0544 -0.0634 0.0661
8.2400 -0.0915 0.0550 -0.0595 0.0631
8.2500 -0.0921 0.0557 -0.0611 0.0670
8.2600 -0.0927 0.0563 -0.0596 0.0681
8.2700 -0.0932 0.0570 -0.0582 0.0692
8.2800 -0.0938 0.0577 -0.0568 0.0703
8.2900 -0.0943 0.0584 -0.0539 0.0686
8.3000 -0.0949 0.0591 -0.0516 0.0701
8.3100 -0.0954 0.0598 -0.0492 0.0716
8.3200 -0.0958 0.0606 -0.0488 0.0748
8.3300 -0.0963 0.0613 -0.0465 0.0753
8.3400 -0.0967 0.0621 -0.0431 0.0767
8.3500 -0.0971 0.0629 -0.0397 0.0780
8.3600 -0.0975 0.0637 -0.0364 0.0794
8.3700 -0.0978 0.0645 -0.0330 0.0785
8.3800 -0.0981 0.0653 -0.0291 0.0806
8.3900 -0.0984 0.0661 -0.0247 0.0814
8.4000 -0.0986 0.0669 -0.0204 0.0822
8.4100 -0.0987 0.0677 -0.0167 0.0806
8.4200 -0.0989 0.0685 -0.0111 0.0808
8.4300 -0.0989 0.0693 -0.0055 0.0811
8.4400 -0.0989 0.0702 -0.0029 0.0853
8.4500 -0.0989 0.0710 0.0013 0.0839
8.4600 -0.0989 0.0719 0.0071 0.0830
8.4700 -0.0987 0.0727 0.0130 0.0822
8.4800 -0.0985 0.0735 0.0188 0.0813
8.4900 -0.0983 0.0743 0.0231 0.0832
8.5000 -0.0981 0.0751 0.0251 0.0790
8.5100 -0.0977 0.0759 0.0305 0.0771
8.5200 -0.0974 0.0766 0.0359 0.0752
8.5300 -0.0970 0.0774 0.0411 0.0740
8.5400 -0.0965 0.0781 0.0452 0.0719
8.5500 -0.0960 0.0788 0.0483 0.0691
8.5600 -0.0955 0.0794 0.0528 0.0665
8.5700 -0.0949 0.0801 0.0572 0.0661
8.5800 -0.0943 0.0807 0.0602 0.0637
8.5900 -0.0937 0.0814 0.0633 0.0613
8.6000 -0.0930 0.0819 0.0663 0.0588
8.6100 -0.0924 0.0825 0.0674 0.0574
8.6200 -0.0917 0.0831 0.0694 0.0551
8.6300 -0.0910 0.0836 0.0714 0.0527
8.6400 -0.0902 0.0841 0.0734 0.0504
8.6500 -0.0895 0.0846 0.0761 0.0492
8.6600 -0.0887 0.0851 0.0772 0.0476
8.6700 -0.0879 0.0855 0.0783 0.0459
8.6800 -0.0872 0.0860 0.0752 0.0425
8.6900 -0.0864 0.0864 0.0764 0.0405
8.7000 -0.0856 0.0868 0.0806 0.0415
8.7100 -0.0848 0.0872 0.0813 0.0401
8.7200 -0.0840 0.0876 0.0820 0.0388
8.7300 -0.0831 0.0879 0.0827 0.0374
8.7400 -0.0823 0.0883 0.0834 0.0361
8.7500 -0.0815 0.0886 0.0839 0.0351
8.7600 -0.0806 0.0890 0.0843 0.0340
8.7700 -0.0798 0.0893 0.0847 0.0329
8.7800 -0.0789 0.0896 0.0852 0.0318
8.7900 -0.0781 0.0899 0.0856 0.0307
8.8000 -0.0772 0.0902 0.0860 0.0296
8.8100 -0.0763 0.0905 0.0891 0.0300
8.8200 -0.0754 0.0908 0.0893 0.0293
8.8300 -0.0745 0.0911 0.0866 0.0279
8.8400 -0.0737 0.0914 0.0869 0.0270
8.8500 -0.0728 0.0916 0.0871 0.0261
8.8600 -0.0719 0.0919 0.0874 0.0252
8.8700 -0.0711 0.0921 0.0877 0.0243
8.8800 -0.0701 0.0924 0.0922 0.0252
8.8900 -0.0692 0.0926 0.0924 0.0247
8.9000 -0.0683 0.0929 0.0925 0.0242
8.9100 -0.0674 0.0931 0.0925 0.0236
8.9200 -0.0664 0.0933 0.0927 0.0229
8.9300 -0.0655 0.0936 0.0929 0.0221
8.9400 -0.0646 0.0938 0.0931 0.0214
8.9500 -0.0636 0.0940 0.0945 0.0210
8.9600 -0.0627 0.0942 0.0946 0.0206
8.9700 -0.0617 0.0944 0.0947 0.0202
8.9800 -0.0608 0.0946 0.0947 0.0197
8.9900 -0.0598 0.0948 0.0948 0.0193
9.0000 -0.0589 0.0950 0.0925 0.0184
9.0100 -0.0580 0.0951 0.0926 0.0178
9.0200 -0.0571 0.0953 0.0928 0.0172
9.0300 -0.0561 0.0955 0.0958 0.0173
9.0400 -0.0551 0.0957 0.0959 0.0169
9.0500 -0.0542 0.0958 0.0960 0.0166
9.0600 -0.0532 0.0960 0.0960 0.0162
9.0700 -0.0523 0.0961 0.0961 0.0158
9.0800 -0.0513 0.0963 0.0962 0.0154
9.0900 -0.0503 0.0965 0.0961 0.0150
9.1000 -0.0494 0.0966 0.0962 0.0145
9.1100 -0.0484 0.0967 0.0963 0.0140
9.1200 -0.0475 0.0969 0.0964 0.0136
9.1300 -0.0465 0.0970 0.0964 0.0133
9.1400 -0.0455 0.0971 0.0965 0.0130
9.1500 -0.0446 0.0973 0.0965 0.0126
9.1600 -0.0436 0.0974 0.0966 0.0123
9.1700 -0.0426 0.0975 0.0966 0.0120
9.1800 -0.0417 0.0976 0.0967 0.0116
9.1900 -0.0407 0.0977 0.0935 0.0110
9.2000 -0.0398 0.0978 0.0959 0.0109
9.2100 -0.0388 0.0979 0.0960 0.0106
9.2200 -0.0378 0.0980 0.0960 0.0103
9.2300 -0.0369 0.0981 0.0960 0.0100
9.2400 -0.0359 0.0982 0.0961 0.0097
9.2500 -0.0350 0.0983 0.0961 0.0094
9.2600 -0.0340 0.0984 0.0961 0.0091
9.2700 -0.0330 0.0985 0.0962 0.0088
9.2800 -0.0321 0.0986 0.0962 0.0085
9.2900 -0.0311 0.0987 0.0946 0.0081
9.3000 -0.0302 0.0988 0.0946 0.0078
9.3100 -0.0292 0.0988 0.0947 0.0075
9.3200 -0.0283 0.0989 0.0947 0.0073
9.3300 -0.0273 0.0990 0.0947 0.0070
9.3400 -0.0264 0.0990 0.0947 0.0067
9.3500 -0.0255 0.0991 0.0947 0.0064
9.3600 -0.0245 0.0992 0.0948 0.0061
9.3700 -0.0236 0.0992 0.0948 0.0059
9.3800 -0.0226 0.0993 0.0948 0.0056
9.3900 -0.0216 0.0993 0.0973 0.0056
9.4000 -0.0207 0.0994 0.0973 0.0053
9.4100 -0.0197 0.0994 0.0973 0.0051
9.4200 -0.0187 0.0995 0.0974 0.0048
9.4300 -0.0177 0.0995 0.0974 0.0046
9.4400 -0.0168 0.0996 0.0974 0.0043
9.4500 -0.0158 0.0996 0.0974 0.0040
9.4600 -0.0148 0.0997 0.0974 0.0038
9.4700 -0.0138 0.0997 0.0974 0.0035
9.4800 -0.0129 0.0997 0.0974 0.0033
9.4900 -0.0119 0.0998 0.0991 0.0031
9.5000 -0.0109 0.0998 0.0991 0.0029
9.5100 -0.0099 0.0998 0.0991 0.0026
9.5200 -0.0089 0.0998 0.0991 0.0024
9.5300 -0.0079 0.0999 0.0991 0.0021
9.5400 -0.0069 0.0999 0.0991 0.0019
9.5500 -0.0059 0.0999 0.0991 0.0016
9.5600 -0.0049 0.0999 0.0991 0.0013
9.5700 -0.0040 0.0999 0.0991 0.0011
9.5800 -0.0030 0.0999 0.0991 0.0008
9.5900 -0.0020 0.0999 0.0998 0.0006
9.6000 -0.0010 0.0999 0.0998 0.0004
9.6100 0.0000 0.0999 0.0998 0.0001
9.6200 0.0010 0.0999 0.0998 -0.0001
9.6300 0.0020 0.0999 0.0998 -0.0004
9.6400 0.0030 0.0999 0.0998 -0.0006
9.6500 0.0040 0.0999 0.0998 -0.0009
9.6600 0.0050 0.0999 0.0998 -0.0011
9.6700 0.0060 0.0999 0.0998 -0.0014
9.6800 0.0070 0.0999 0.0998 -0.0016
9.6900 0.0080 0.0999 0.0996 -0.0019
9.7000 0.0090 0.0998 0.0995 -0.0021
9.7100 0.0100 0.0998 0.0995 -0.0024
9.7200 0.0110 0.0998 0.0995 -0.0026
9.7300 0.0120 0.0998 0.0995 -0.0029
9.7400 0.0130 0.0997 0.0995 -0.0032
9.7500 0.0140 0.0997 0.0995 -0.0034
9.7600 0.0150 0.0997 0.0995 -0.0037
9.7700 0.0160 0.0996 0.0995 -0.0039
9.7800 0.0170 0.0996 0.0995 -0.0042
9.7900 0.0180 0.0995 0.0983 -0.0044
9.8000 0.0189 0.0995 0.0983 -0.0046
9.8100 0.0199 0.0994 0.0983 -0.0049
9.8200 0.0209 0.0994 0.0983 -0.0052
9.8300 0.0219 0.0993 0.0982 -0.0054
9.8400 0.0229 0.0993 0.0982 -0.0057
9.8500 0.0238 0.0992 0.0982 -0.0060
9.8600 0.0248 0.0991 0.0982 -0.0062
9.8700 0.0258 0.0991 0.0982 -0.0065
9.8800 0.0268 0.0990 0.0982 -0.0068
9.8900 0.0278 0.0989 0.0961 -0.0069
9.9000 0.0287 0.0989 0.0961 -0.0071
9.9100 0.0297 0.0988 0.0960 -0.0074
9.9200 0.0306 0.0987 0.0960 -0.0077
9.9300 0.0316 0.0986 0.0960 -0.0080
9.9400 0.0326 0.0986 0.0960 -0.0083
9.9500 0.0335 0.0985 0.0959 -0.0086
9.9600 0.0345 0.0984 0.0959 -0.0089
9.9700 0.0354 0.0983 0.0959 -0.0092
9.9800 0.0364 0.0982 0.0959 -0.0094
9.9900 0.0373 0.0981 0.0929 -0.0093
10.0000 0.0382 0.0980 0.0929 -0.0096
10.0100 0.0392 0.0979 0.0928 -0.0100
10.0200 0.0401 0.0978 0.0928 -0.0103
10.0300 0.0410 0.0977 0.0927 -0.0106
10.0400 0.0420 0.0976 0.0927 -0.0109
10.0500 0.0429 0.0975 0.0927 -0.0112
10.0600 0.0438 0.0974 0.0926 -0.0115
10.0700 0.0447 0.0972 0.0926 -0.0119
10.0800 0.0456 0.0971 0.0913 -0.0120
10.0900 0.0466 0.0970 0.0937 -0.0127
10.1000 0.0475 0.0969 0.0936 -0.0131
10.1100 0.0485 0.0967 0.0936 -0.0134
10.1200 0.0494 0.0966 0.0935 -0.0138
10.1300 0.0503 0.0965 0.0935 -0.0141
10.1400 0.0513 0.0963 0.0934 -0.0145
10.1500 0.0522 0.0962 0.0934 -0.0148
10.1600 0.0531 0.0960 0.0933 -0.0152
10.1700 0.0540 0.0959 0.0896 -0.0148
10.1800 0.0549 0.0957 0.0895 -0.0154
10.1900 0.0559 0.0955 0.0935 -0.0165
10.2000 0.0568 0.0954 0.0934 -0.0169
10.2100 0.0577 0.0952 0.0933 -0.0173
10.2200 0.0587 0.0950 0.0933 -0.0177
10.2300 0.0596 0.0948 0.0932 -0.0181
10.2400 0.0605 0.0947 0.0931 -0.0185
10.2500 0.0614 0.0945 0.0915 -0.0186
10.2600 0.0623 0.0943 0.0914 -0.0193
10.2700 0.0633 0.0941 0.0912 -0.0199
10.2800 0.0642 0.0939 0.0923 -0.0208
10.2900 0.0651 0.0937 0.0922 -0.0213
10.3000 0.0660 0.0934 0.0921 -0.0218
10.3100 0.0669 0.0932 0.0920 -0.0223
10.3200 0.0679 0.0930 0.0918 -0.0228
10.3300 0.0687 0.0928 0.0873 -0.0219
10.3400 0.0696 0.0925 0.0870 -0.0227
10.3500 0.0705 0.0923 0.0868 -0.0235
10.3600 0.0713 0.0921 0.0866 -0.0243
10.3700 0.0722 0.0918 0.0901 -0.0258
10.3800 0.0731 0.0915 0.0899 -0.0264
10.3900 0.0740 0.0913 0.0897 -0.0270
10.4000 0.0749 0.0910 0.0868 -0.0266
10.4100 0.0758 0.0907 0.0864 -0.0276
10.4200 0.0766 0.0904 0.0861 -0.0286
10.4300 0.0775 0.0902 0.0857 -0.0295
10.4400 0.0783 0.0898 0.0854 -0.0305
10.4500 0.0792 0.0895 0.0866 -0.0319
10.4600 0.0801 0.0892 0.0851 -0.0320
10.4700 0.0809 0.0889 0.0846 -0.0332
10.4800 0.0817 0.0885 0.0840 -0.0345
10.4900 0.0826 0.0882 0.0835 -0.0357
10.5000 0.0834 0.0878 0.0829 -0.0369
10.5100 0.0842 0.0874 0.0824 -0.0381
10.5200 0.0850 0.0871 0.0779 -0.0369
10.5300 0.0858 0.0867 0.0814 -0.0400
10.5400 0.0866 0.0862 0.0805 -0.0415
10.5500 0.0874 0.0858 0.0796 -0.0430
10.5600 0.0882 0.0854 0.0787 -0.0445
10.5700 0.0890 0.0849 0.0757 -0.0442
10.5800 0.0897 0.0845 0.0741 -0.0464
10.5900 0.0904 0.0840 0.0725 -0.0485
10.6000 0.0912 0.0835 0.0737 -0.0517
10.6100 0.0919 0.0829 0.0720 -0.0532
10.6200 0.0926 0.0824 0.0695 -0.0556
10.6300 0.0933 0.0818 0.0670 -0.0581
10.6400 0.0939 0.0812 0.0646 -0.0605
10.6500 0.0945 0.0806 0.0612 -0.0610
10.6600 0.0951 0.0799 0.0585 -0.0644
10.6700 0.0956 0.0793 0.0549 -0.0667
10.6800 0.0962 0.0786 0.0513 -0.0690
10.6900 0.0966 0.0779 0.0474 -0.0688
10.7000 0.0971 0.0772 0.0424 -0.0711
10.7100 0.0974 0.0764 0.0374 -0.0734
10.7200 0.0978 0.0757 0.0364 -0.0782
10.7300 0.0981 0.0749 0.0321 -0.0783
10.7400 0.0984 0.0741 0.0264 -0.0797
10.7500 0.0986 0.0733 0.0207 -0.0811
10.7600 0.0987 0.0724 0.0150 -0.0825
10.7700 0.0989 0.0716 0.0115 -0.0857
10.7800 0.0989 0.0708 0.0082 -0.0822
10.7900 0.0990 0.0699 0.0024 -0.0825
10.8000 0.0989 0.0691 -0.0034 -0.0828
10.8100 0.0988 0.0683 -0.0089 -0.0834
10.8200 0.0987 0.0674 -0.0136 -0.0831
10.8300 0.0985 0.0666 -0.0175 -0.0814
10.8400 0.0983 0.0658 -0.0228 -0.0806
10.8500 0.0980 0.0650 -0.0272 -0.0818
10.8600 0.0977 0.0642 -0.0310 -0.0807
10.8700 0.0974 0.0634 -0.0349 -0.0795
10.8800 0.0970 0.0626 -0.0388 -0.0784
10.8900 0.0966 0.0618 -0.0403 -0.0774
10.9000 0.0961 0.0611 -0.0432 -0.0760
10.9100 0.0957 0.0603 -0.0460 -0.0745
10.9200 0.0952 0.0596 -0.0489 -0.0730
10.9300 0.0947 0.0589 -0.0520 -0.0732
10.9400 0.0941 0.0582 -0.0537 -0.0720
10.9500 0.0936 0.0575 -0.0554 -0.0709
10.9600 0.0930 0.0568 -0.0539 -0.0666
10.9700 0.0925 0.0561 -0.0559 -0.0651
10.9800 0.0919 0.0555 -0.0596 -0.0679
10.9900 0.0913 0.0548 -0.0607 -0.0669
11.0000 0.0907 0.0541 -0.0619 -0.0658
11.0100 0.0900 0.0535 -0.0630 -0.0648
11.0200 0.0894 0.0528 -0.0642 -0.0638
11.0300 0.0887 0.0522 -0.0656 -0.0636
11.0400 0.0881 0.0516 -0.0664 -0.0627
11.0500 0.0874 0.0510 -0.0672 -0.0619
11.0600 0.0867 0.0504 -0.0680 -0.0610
11.0700 0.0860 0.0497 -0.0688 -0.0601
11.0800 0.0853 0.0492 -0.0696 -0.0593
11.0900 0.0846 0.0485 -0.0724 -0.0608
11.1000 0.0839 0.0479 -0.0728 -0.0603
11.1100 0.0832 0.0474 -0.0715 -0.0585
11.1200 0.0824 0.0468 -0.0720 -0.0578
11.1300 0.0817 0.0462 -0.0726 -0.0571
11.1400 0.0810 0.0456 -0.0732 -0.0564
11.1500 0.0803 0.0451 -0.0737 -0.0557
11.1600 0.0795 0.0445 -0.0775 -0.0582
11.1700 0.0787 0.0439 -0.0778 -0.0578
11.1800 0.0779 0.0434 -0.0781 -0.0574
11.1900 0.0771 0.0428 -0.0784 -0.0569
11.2000 0.0764 0.0422 -0.0756 -0.0544
11.2100 0.0756 0.0417 -0.0760 -0.0539
11.2200 0.0749 0.0412 -0.0764 -0.0533
11.2300 0.0741 0.0406 -0.0774 -0.0533
11.2400 0.0733 0.0401 -0.0776 -0.0529
11.2500 0.0725 0.0396 -0.0778 -0.0526
11.2600 0.0717 0.0391 -0.0781 -0.0523
11.2700 0.0710 0.0385 -0.0783 -0.0520
11.2800 0.0702 0.0380 -0.0785 -0.0516
11.2900 0.0694 0.0375 -0.0782 -0.0510
11.3000 0.0686 0.0370 -0.0785 -0.0505
11.3100 0.0678 0.0365 -0.0806 -0.0514
11.3200 0.0670 0.0360 -0.0807 -0.0511
11.3300 0.0662 0.0355 -0.0809 -0.0509
11.3400 0.0654 0.0350 -0.0811 -0.0506
11.3500 0.0646 0.0345 -0.0812 -0.0503
11.3600 0.0638 0.0340 -0.0814 -0.0501
11.3700 0.0629 0.0335 -0.0815 -0.0498
11.3800 0.0621 0.0330 -0.0817 -0.0496
11.3900 0.0613 0.0325 -0.0795 -0.0479
11.4000 0.0605 0.0320 -0.0828 -0.0497
11.4100 0.0597 0.0315 -0.0830 -0.0495
11.4200 0.0588 0.0310 -0.0831 -0.0492
11.4300 0.0580 0.0305 -0.0832 -0.0490
11.4400 0.0572 0.0300 -0.0833 -0.0488
11.4500 0.0563 0.0295 -0.0835 -0.0486
11.4600 0.0555 0.0291 -0.0836 -0.0484
11.4700 0.0547 0.0286 -0.0837 -0.0482
11.4800 0.0538 0.0281 -0.0838 -0.0480
11.4900 0.0530 0.0276 -0.0842 -0.0480
11.5000 0.0521 0.0271 -0.0843 -0.0478
11.5100 0.0513 0.0267 -0.0844 -0.0477
11.5200 0.0505 0.0262 -0.0845 -0.0475
11.5300 0.0496 0.0257 -0.0846 -0.0473
11.5400 0.0488 0.0252 -0.0847 -0.0472
11.5500 0.0479 0.0248 -0.0848 -0.0470
11.5600 0.0471 0.0243 -0.0849 -0.0468
11.5700 0.0462 0.0238 -0.0850 -0.0467
11.5800 0.0454 0.0234 -0.0851 -0.0465
11.5900 0.0445 0.0229 -0.0875 -0.0478
11.6000 0.0436 0.0224 -0.0848 -0.0462
11.6100 0.0428 0.0220 -0.0849 -0.0461
11.6200 0.0419 0.0215 -0.0849 -0.0459
11.6300 0.0411 0.0211 -0.0850 -0.0458
11.6400 0.0402 0.0206 -0.0851 -0.0457
11.6500 0.0394 0.0201 -0.0851 -0.0456
11.6600 0.0385 0.0197 -0.0852 -0.0455
11.6700 0.0377 0.0192 -0.0853 -0.0453
11.6800 0.0368 0.0188 -0.0853 -0.0452
11.6900 0.0360 0.0183 -0.0856 -0.0452
11.7000 0.0351 0.0179 -0.0857 -0.0452
11.7100 0.0343 0.0174 -0.0844 -0.0444
11.7200 0.0334 0.0170 -0.0844 -0.0443
11.7300 0.0326 0.0165 -0.0845 -0.0442
11.7400 0.0317 0.0161 -0.0845 -0.0442
11.7500 0.0309 0.0157 -0.0846 -0.0441
11.7600 0.0300 0.0152 -0.0846 -0.0440
11.7700 0.0292 0.0148 -0.0847 -0.0439
11.7800 0.0284 0.0143 -0.0847 -0.0438
11.7900 0.0275 0.0139 -0.0848 -0.0437
11.8000 0.0266 0.0135 -0.0876 -0.0451
11.8100 0.0258 0.0130 -0.0876 -0.0451
11.8200 0.0249 0.0126 -0.0874 -0.0449
11.8300 0.0240 0.0121 -0.0875 -0.0449
11.8400 0.0231 0.0117 -0.0875 -0.0448
11.8500 0.0223 0.0112 -0.0875 -0.0447
11.8600 0.0214 0.0108 -0.0876 -0.0447
11.8700 0.0205 0.0103 -0.0876 -0.0446
11.8800 0.0196 0.0099 -0.0876 -0.0446
11.8900 0.0187 0.0094 -0.0877 -0.0445
11.9000 0.0179 0.0090 -0.0877 -0.0444
11.9100 0.0170 0.0085 -0.0890 -0.0451
11.9200 0.0161 0.0081 -0.0890 -0.0450
11.9300 0.0152 0.0076 -0.0890 -0.0450
11.9400 0.0143 0.0072 -0.0851 -0.0430
11.9500 0.0135 0.0068 -0.0851 -0.0430
11.9600 0.0126 0.0063 -0.0851 -0.0429
11.9700 0.0118 0.0059 -0.0851 -0.0429
11.9800 0.0109 0.0055 -0.0852 -0.0429
11.9900 0.0101 0.0051 -0.0852 -0.0428
12.0000 0.0092 0.0046 -0.0852 -0.0428
12.0100 0.0084 0.0042 -0.0852 -0.0428
12.0200 0.0076 0.0038 -0.0809 -0.0406
12.0300 0.0068 0.0034 -0.0765 -0.0384
12.0400 0.0061 0.0031 -0.0720 -0.0361
12.0500 0.0054 0.0027 -0.0675 -0.0339
12.0600 0.0048 0.0024 -0.0631 -0.0316
12.0700 0.0042 0.0021 -0.0586 -0.0294
12.0800 0.0037 0.0018 -0.0541 -0.0271
12.0900 0.0032 0.0016 -0.0497 -0.0249
12.1000 0.0027 0.0014 -0.0452 -0.0226
12.1100 0.0023 0.0012 -0.0407 -0.0204
12.1200 0.0019 0.0010 -0.0363 -0.0182
12.1300 0.0016 0.0008 -0.0318 -0.0159
12.1400 0.0013 0.0007 -0.0313 -0.0157
12.1500 0.0010 0.0005 -0.0268 -0.0134
12.1600 0.0008 0.0004 -0.0224 -0.0112
12.1700 0.0006 0.0003 -0.0179 -0.0089
12.1800 0.0005 0.0003 -0.0134 -0.0067
12.1900 0.0004 0.0002 -0.0089 -0.0045
12.2000 0.0004 0.0002 -0.0045 -0.0022
12.2100 0.0004 0.0002 0.0000 0.0000
12.2200 0.0004 0.0002 0.0000 0.0000
12.2300 0.0004 0.0002 0.0000 0.0000
12.2400 0.0004 0.0002 0.0000 0.0000
12.2500 0.0004 0.0002 0.0000 0.0000
12.2600 0.0004 0.0002 0.0000 0.0000
12.2700 0.0004 0.0002 0.0000 0.0000
12.2800 0.0004 0.0002 0.0000 0.0000
12.2900 0.0004 0.0002 0.0000 0.0000
12.3000 0.0004 0.0002 0.0000 0.0000
12.3100 0.0004 0.0002 0.0000 0.0000
12.3200 0.0004 0.0002 0.0000 0.0000
12.3300 0.0004 0.0002 0.0000 0.0000
12.3400 0.0004 0.0002 0.0000 0.0000
12.3500 0.0004 0.0002 0.0000 0.0000
12.3600 0.0004 0.0002 0.0000 0.0000
12.3700 0.0004 0.0002 0.0000 0.0000
12.3800 0.0004 0.0002 0.0000 0.0000
12.3900 0.0004 0.0002 0.0000 0.0000
12.4000 0.0004 0.0002 0.0000 0.0000
12.4100 0.0004 0.0002 0.0000 0.0000
12.4200 0.0004 0.0002 0.0000 0.0000
12.4300 0.0004 0.0002 0.0000 0.0000
12.4400 0.0004 0.0002 0.0000 0.0000
12.4500 0.0004 0.0002 0.0000 0.0000
12.4600 0.0004 0.0002 0.0000 0.0000
12.4700 0.0004 0.0002 0.0000 0.0000
12.4800 0.0004 0.0002 0.0000 0.0000
12.4900 0.0004 0.0002 0.0000 0.0000
12.5000 0.0004 0.0002 0.0000 0.0000
12.5100 0.0004 0.0002 0.0000 0.0000
12.5200 0.0004 0.0002 0.0000 0.0000
12.5300 0.0004 0.0002 0.0000 0.0000
12.5400 0.0004 0.0002 0.0000 0.0000
12.5500 0.0004 0.0002 0.0000 0.0000
12.5600 0.0004 0.0002 0.0000 0.0000
12.5700 0.0004 0.0002 0.0000 0.0000
12.5800 0.0004 0.0002 0.0000 0.0000
12.5900 0.0004 0.0002 0.0000 0.0000
12.6000 0.0004 0.0002 0.0000 0.0000
12.6100 0.0004 0.0002 0.0000 0.0000
12.6200 0.0004 0.0002 0.0000 0.0000
12.6300 0.0004 0.0002 0.0000 0.0000
12.6400 0.0004 0.0002 0.0000 0.0000
12.6500 0.0004 0.0002 0.0000 0.0000
12.6600 0.0004 0.0002 0.0000 0.0000
12.6700 0.0004 0.0002 0.0000 0.0000
12.6800 0.0004 0.0002 0.0000 0.0000
12.6900 0.0004 0.0002 0.0000 0.0000
12.7000 0.0004 0.0002 0.0000 0.0000
12.7100 0.0004 0.0002 0.0000 0.0000
12.7200 0.0004 0.0002 0.0000 0.0000
12.7300 0.0004 0.0002 0.0000 0.0000
12.7400 0.0004 0.0002 0.0000 0.0000
12.7500 0.0004 0.0002 0.0000 0.0000
12.7600 0.0004 0.0002 0.0000 0.0000
12.7700 0.0004 0.0002 0.0000 0.0000
12.7800 0.0004 0.0002 0.0000 0.0000
12.7900 0.0004 0.0002 0.0000 0.0000
12.8000 0.0004 0.0002 0.0000 0.0000
12.8100 0.0004 0.0002 0.0000 0.0000
12.8200 0.0004 0.0002 0.0000 0.0000
12.8300 0.0004 0.0002 0.0000 0.0000
12.8400 0.0004 0.0002 0.0000 0.0000
12.8500 0.0004 0.0002 0.0000 0.0000
12.8600 0.0004 0.0002 0.0000 0.0000
12.8700 0.0004 0.0002 0.0000 0.0000
12.8800 0.0004 0.0002 0.0000 0.0000
12.8900 0.0004 0.0002 0.0000 0.0000
12.9000 0.0004 0.0002 0.0000 0.0000
12.9100 0.0004 0.0002 0.0000 0.0000
12.9200 0.0004 0.0002 0.0000 0.0000
12.9300 0.0004 0.0002 0.0000 0.0000
12.9400 0.0004 0.0002 0.0000 0.0000
12.9500 0.0004 0.0002 0.0000 0.0000
12.9600 0.0004 0.0002 0.0000 0.0000
12.9700 0.0004 0.0002 0.0000 0.0000
12.9800 0.0004 0.0002 0.0000 0.0000
12.9900 0.0004 0.0002 0.0000 0.0000
13.0000 0.0004 0.0002 0.0000 0.0000
13.0100 0.0004 0.0002 0.0000 0.0000
13.0200 0.0004 0.0002 0.0000 0.0000
13.0300 0.0004 0.0002 0.0000 0.0000
13.0400 0.0004 0.0002 0.0000 0.0000
13.0500 0.0004 0.0002 0.0000 0.0000
13.0600 0.0004 0.0002 0.0000 0.0000
13.0700 0.0004 0.0002 0.0000 0.0000
13.0800 0.0004 0.0002 0.0000 0.0000
13.0900 0.0004 0.0002 0.0000 0.0000
13.1000 0.0004 0.0002 0.0000 0.0000
13.1100 0.0004 0.0002 0.0000 0.0000
13.1200 0.0004 0.0002 0.0000 0.0000
13.1300 0.0004 0.0002 0.0000 0.0000
13.1400 0.0004 0.0002 0.0000 0.0000
13.1500 0.0004 0.0002 0.0000 0.0000
13.1600 0.0004 0.0002 0.0000 0.0000
13.1700 0.0004 0.0002 0.0000 0.0000
13.1800 0.0004 0.0002 0.0000 0.0000
13.1900 0.0004 0.0002 0.0000 0.0000
13.2000 0.0004 0.0002 0.0000 0.0000
13.2100 0.0004 0.0002 0.0000 0.0000
13.2200 0.0004 0.0002 0.0000 0.0000
13.2300 0.0004 0.0002 0.0000 0.0000
13.2400 0.0004 0.0002 0.0000 0.0000
13.2500 0.0004 0.0002 0.0000 0.0000
13.2600 0.0004 0.0002 0.0000 0.0000
13.2700 0.0004 0.0002 0.0000 0.0000
13.2800 0.0004 0.0002 0.0000 0.0000
13.2900 0.0004 0.0002 0.0000 0.0000
13.3000 0.0004 0.0002 0.0000 0.0000
13.3100 0.0004 0.0002 0.0000 0.0000
13.3200 0.0004 0.0002 0.0000 0.0000
13.3300 0.0004 0.0002 0.0000 0.0000
13.3400 0.0004 0.0002 0.0000 0.0000
13.3500 0.0004 0.0002 0.0000 0.0000
13.3600 0.0004 0.0002 0.0000 0.0000
13.3700 0.0004 0.0002 0.0000 0.0000
13.3800 0.0004 0.0002 0.0000 0.0000
13.3900 0.0004 0.0002 0.0000 0.0000
13.4000 0.0004 0.0002 0.0000 0.0000
13.4100 0.0004 0.0002 0.0000 0.0000
13.4200 0.0004 0.0002 0.0000 0.0000
13.4300 0.0004 0.0002 0.0000 0.0000
13.4400 0.0004 0.0002 0.0000 0.0000
13.4500 0.0004 0.0002 0.0000 0.0000
13.4600 0.0004 0.0002 0.0000 0.0000
13.4700 0.0004 0.0002 0.0000 0.0000
13.4800 0.0004 0.0002 0.0000 0.0000
13.4900 0.0004 0.0002 0.0000 0.0000
13.5000 0.0004 0.0002 0.0000 0.0000
13.5100 0.0004 0.0002 0.0000 0.0000
13.5200 0.0004 0.0002 0.0000 0.0000
13.5300 0.0004 0.0002 0.0000 0.0000
13.5400 0.0004 0.0002 0.0000 0.0000
13.5500 0.0004 0.0002 0.0000 0.0000
13.5600 0.0004 0.0002 0.0000 0.0000
13.5700 0.0004 0.0002 0.0000 0.0000
13.5800 0.0004 0.0002 0.0000 0.0000
13.5900 0.0004 0.0002 0.0000 0.0000
13.6000 0.0004 0.0002 0.0000 0.0000
13.6100 0.0004 0.0002 0.0000 0.0000
13.6200 0.0004 0.0002 0.0000 0.0000
13.6300 0.0004 0.0002 0.0000 0.0000
13.6400 0.0004 0.0002 0.0000 0.0000
13.6500 0.0004 0.0002 0.0000 0.0000
13.6600 0.0004 0.0002 0.0000 0.0000
13.6700 0.0004 0.0002 0.0000 0.0000
13.6800 0.0004 0.0002 0.0000 0.0000
13.6900 0.0004 0.0002 0.0000 0.0000
13.7000 0.0004 0.0002 0.0000 0.0000
13.7100 0.0004 0.0002 0.0000 0.0000
13.7200 0.0004 0.0002 0.0000 0.0000
13.7300 0.0004 0.0002 0.0000 0.0000
13.7400 0.0004 0.0002 0.0000 0.0000
13.7500 0.0004 0.0002 0.0000 0.0000
13.7600 0.0004 0.0002 0.0000 0.0000
13.7700 0.0004 0.0002 0.0000 0.0000
13.7800 0.0004 0.0002 0.0000 0.0000
13.7900 0.0004 0.0002 0.0000 0.0000
13.8000 0.0004 0.0002 0.0000 0.0000
13.8100 0.0004 0.0002 0.0000 0.0000
13.8200 0.0004 0.0002 0.0000 0.0000
13.8300 0.0004 0.0002 0.0000 0.0000
13.8400 0.0004 0.0002 0.0000 0.0000
13.8500 0.0004 0.0002 0.0000 0.0000
13.8600 0.0004 0.0002 0.0000 0.0000
13.8700 0.0004 0.0002 0.0000 0.0000
13.8800 0.0004 0.0002 0.0000 0.0000
13.8900 0.0004 0.0002 0.0000 0.0000
13.9000 0.0004 0.0002 0.0000 0.0000
13.9100 0.0004 0.0002 0.0000 0.0000
13.9200 0.0004 0.0002 0.0000 0.0000
13.9300 0.0004 0.0002 0.0000 0.0000
13.9400 0.0004 0.0002 0.0000 0.0000
13.9500 0.0004 0.0002 0.0000 0.0000
13.9600 0.0004 0.0002 0.0000 0.0000
13.9700 0.0004 0.0002 0.0000 0.0000
13.9800 0.0004 0.0002 0.0000 0.0000
13.9900 0.0004 0.0002 0.0000 0.0000
14.0000 0.0004 0.0002 0.0000 0.0000
14.0100 0.0004 0.0002 0.0000 0.0000
