0.0000 0.0000 0.0000 0.0000 0.0000
0.0100 0.0000 0.0000 0.0000 0.0000
0.0200 0.0000 0.0000 0.0000 0.0000
0.0300 0.0000 0.0000 0.0000 0.0000
0.0400 0.0000 0.0000 0.0000 0.0000
0.0500 0.0000 0.0000 0.0000 0.0000
0.0600 0.0000 0.0000 0.0000 0.0000
0.0700 0.0000 0.0000 0.0000 0.0000
0.0800 0.0000 0.0000 0.0000 0.0000
0.0900 0.0000 0.0000 0.0000 0.0000
0.1000 0.0000 0.0000 0.0000 0.0000
0.1100 0.0000 0.0000 0.0000 0.0000
0.1200 0.0000 0.0000 0.0000 0.0000
0.1300 0.0000 0.0000 0.0000 0.0000
0.1400 0.0000 0.0000 0.0000 0.0000
0.1500 0.0000 0.0000 0.0000 0.0000
0.1600 0.0000 0.0000 0.0000 0.0000
0.1700 0.0000 0.0000 0.0000 0.0000
0.1800 0.0000 0.0000 0.0000 0.0000
0.1900 0.0000 0.0000 0.0000 0.0000
0.2000 0.0000 0.0000 0.0000 0.0000
0.2100 0.0000 0.0000 0.0000 0.0000
0.2200 0.0000 0.0000 0.0000 0.0000
0.2300 0.0000 0.0000 0.0000 0.0000
0.2400 0.0000 0.0000 0.0000 0.0000
0.2500 0.0000 0.0000 0.0000 0.0000
0.2600 0.0000 0.0000 0.0000 0.0000
0.2700 0.0000 0.0000 0.0000 0.0000
0.2800 0.0000 0.0000 0.0000 0.0000
0.2900 0.0000 0.0000 0.0000 0.0000
0.3000 0.0000 0.0000 0.0000 0.0000
0.3100 0.0000 0.0000 0.0000 0.0000
0.3200 0.0000 0.0000 0.0000 0.0000
0.3300 0.0000 0.0000 0.0000 0.0000
0.3400 0.0000 0.0000 0.0000 0.0000
0.3500 0.0000 0.0000 0.0000 0.0000
0.3600 0.0000 0.0000 0.0000 0.0000
0.3700 0.0000 0.0000 0.0000 0.0000
0.3800 0.0000 0.0000 0.0000 0.0000
0.3900 0.0000 0.0000 0.0000 0.0000
0.4000 0.0000 0.0000 0.0000 0.0000
0.4100 0.0000 0.0000 0.0000 0.0000
0.4200 0.0000 0.0000 0.0000 0.0000
0.4300 0.0000 0.0000 0.0000 0.0000
0.4400 0.0000 0.0000 0.0000 0.0000
0.4500 0.0000 0.0000 0.0000 0.0000
0.4600 0.0000 0.0000 0.0000 0.0000
0.4700 0.0000 0.0000 0.0000 0.0000
0.4800 0.0000 0.0000 0.0000 0.0000
0.4900 0.0000 0.0000 0.0000 0.0000
0.5000 0.0000 0.0000 0.0000 0.0000
0.5100 0.0000 0.0000 0.0000 0.0000
0.5200 0.0000 0.0000 0.0000 0.0000
0.5300 0.0000 0.0000 0.0000 0.0000
0.5400 0.0000 0.0000 0.0000 0.0000
0.5500 0.0000 0.0000 0.0000 0.0000
0.5600 0.0000 0.0000 0.0000 0.0000
0.5700 0.0000 0.0000 0.0000 0.0000
0.5800 0.0000 0.0000 0.0000 0.0000
0.5900 0.0000 0.0000 0.0000 0.0000
0.6000 0.0000 0.0000 0.0000 0.0000
0.6100 0.0000 0.0000 0.0000 0.0000
0.6200 0.0000 0.0000 0.0000 0.0000
0.6300 0.0000 0.0000 0.0000 0.0000
0.6400 0.0000 0.0000 0.0000 0.0000
0.6500 0.0000 0.0000 0.0000 0.0000
0.6600 0.0000 0.0000 0.0000 0.0000
0.6700 0.0000 0.0000 0.0000 0.0000
0.6800 0.0000 0.0000 0.0000 0.0000
0.6900 0.0000 0.0000 0.0000 0.0000
0.7000 0.0000 0.0000 0.0000 0.0000
0.7100 0.0000 0.0000 0.0000 0.0000
0.7200 0.0000 0.0000 0.0000 0.0000
0.7300 0.0000 0.0000 0.0000 0.0000
0.7400 0.0000 0.0000 0.0000 0.0000
0.7500 0.0000 0.0000 0.0000 0.0000
0.7600 0.0000 0.0000 0.0000 0.0000
0.7700 0.0000 0.0000 0.0000 0.0000
0.7800 0.0000 0.0000 0.0000 0.0000
0.7900 0.0000 0.0000 0.0000 0.0000
0.8000 0.0000 0.0000 0.0000 0.0000
0.8100 0.0000 0.0000 0.0000 0.0000
0.8200 0.0000 0.0000 0.0000 0.0000
0.8300 0.0000 0.0000 0.0000 0.0000
0.8400 0.0000 0.0000 0.0000 0.0000
0.8500 0.0000 0.0000 0.0000 0.0000
0.8600 0.0000 0.0000 0.0000 0.0000
0.8700 0.0000 0.0000 0.0000 0.0000
0.8800 0.0000 0.0000 0.0000 0.0000
0.8900 0.0000 0.0000 0.0000 0.0000
0.9000 0.0000 0.0000 0.0000 0.0000
0.9100 0.0000 0.0000 0.0000 0.0000
0.9200 0.0000 0.0000 0.0000 0.0000
0.9300 0.0000 0.0000 0.0000 0.0000
0.9400 0.0000 0.0000 0.0000 0.0000
0.9500 0.0000 0.0000 0.0000 0.0000
0.9600 0.0000 0.0000 0.0000 0.0000
0.9700 0.0000 0.0000 0.0000 0.0000
0.9800 0.0000 0.0000 0.0000 0.0000
0.9900 0.0000 0.0000 0.0000 0.0000
1.0000 0.0000 0.0000 0.0000 0.0000
1.0100 0.0000 0.0000 0.0000 0.0000
1.0200 0.0000 0.0000 0.0000 0.0000
1.0300 0.0000 0.0000 0.0000 0.0000
1.0400 0.0000 0.0000 0.0000 0.0000
1.0500 0.0000 0.0000 0.0000 0.0000
1.0600 0.0000 0.0000 0.0000 0.0000
1.0700 0.0000 0.0000 0.0000 0.0000
1.0800 0.0000 0.0000 0.0000 0.0000
1.0900 0.0000 0.0000 0.0000 0.0000
1.1000 0.0000 0.0000 0.0000 0.0000
1.1100 0.0000 0.0000 0.0000 0.0000
1.1200 0.0000 0.0000 0.0000 0.0000
1.1300 0.0000 0.0000 0.0000 0.0000
1.1400 0.0000 0.0000 0.0000 0.0000
1.1500 0.0000 0.0000 0.0000 0.0000
1.1600 0.0000 0.0000 0.0000 0.0000
1.1700 0.0000 0.0000 0.0000 0.0000
1.1800 0.0000 0.0000 0.0000 0.0000
1.1900 0.0000 0.0000 0.0000 0.0000
1.2000 0.0000 0.0000 0.0000 0.0000
1.2100 0.0000 0.0000 0.0000 0.0000
1.2200 0.0000 0.0000 0.0000 0.0000
1.2300 0.0000 0.0000 0.0000 0.0000
1.2400 0.0000 0.0000 0.0000 0.0000
1.2500 0.0000 0.0000 0.0000 0.0000
1.2600 0.0000 0.0000 0.0000 0.0000
1.2700 0.0000 0.0000 0.0000 0.0000
1.2800 0.0000 0.0000 0.0000 0.0000
1.2900 0.0000 0.0000 0.0000 0.0000
1.3000 0.0000 0.0000 0.0000 0.0000
1.3100 0.0000 0.0000 0.0000 0.0000
1.3200 0.0000 0.0000 0.0000 0.0000
1.3300 0.0000 0.0000 0.0000 0.0000
1.3400 0.0000 0.0000 0.0000 0.0000
1.3500 0.0000 0.0000 0.0000 0.0000
1.3600 0.0000 0.0000 0.0000 0.0000
1.3700 0.0000 0.0000 0.0000 0.0000
1.3800 0.0000 0.0000 0.0000 0.0000
1.3900 0.0000 0.0000 0.0000 0.0000
1.4000 0.0000 0.0000 0.0000 0.0000
1.4100 0.0000 0.0000 0.0000 0.0000
1.4200 0.0000 0.0000 0.0000 0.0000
1.4300 0.0000 0.0000 0.0000 0.0000
1.4400 0.0000 0.0000 0.0000 0.0000
1.4500 0.0000 0.0000 0.0000 0.0000
1.4600 0.0000 0.0000 0.0000 0.0000
1.4700 0.0000 0.0000 0.0000 0.0000
1.4800 0.0000 0.0000 0.0000 0.0000
1.4900 0.0000 0.0000 0.0000 0.0000
1.5000 0.0000 0.0000 0.0000 0.0000
1.5100 0.0000 0.0000 0.0000 0.0000
1.5200 0.0000 0.0000 0.0000 0.0000
1.5300 0.0000 0.0000 0.0000 0.0000
1.5400 0.0000 0.0000 0.0000 0.0000
1.5500 0.0000 0.0000 0.0000 0.0000
1.5600 0.0000 0.0000 0.0000 0.0000
1.5700 0.0000 0.0000 0.0000 0.0000
1.5800 0.0000 0.0000 0.0000 0.0000
1.5900 0.0000 0.0000 0.0000 0.0000
1.6000 0.0000 0.0000 0.0000 0.0000
1.6100 0.0000 0.0000 0.0000 0.0000
1.6200 0.0000 0.0000 0.0000 0.0000
1.6300 0.0000 0.0000 0.0000 0.0000
1.6400 0.0000 0.0000 0.0000 0.0000
1.6500 0.0000 0.0000 0.0000 0.0000
1.6600 0.0000 0.0000 0.0000 0.0000
1.6700 0.0000 0.0000 0.0000 0.0000
1.6800 0.0000 0.0000 0.0000 0.0000
1.6900 0.0000 0.0000 0.0000 0.0000
1.7000 0.0000 0.0000 0.0000 0.0000
1.7100 0.0000 0.0000 0.0000 0.0000
1.7200 0.0000 0.0000 0.0000 0.0000
1.7300 0.0000 0.0000 0.0000 0.0000
1.7400 0.0000 0.0000 0.0000 0.0000
1.7500 0.0000 0.0000 0.0000 0.0000
1.7600 0.0000 0.0000 0.0000 0.0000
1.7700 0.0000 0.0000 0.0000 0.0000
1.7800 0.0000 0.0000 0.0000 0.0000
1.7900 0.0000 0.0000 0.0000 0.0000
1.8000 0.0000 0.0000 0.0000 0.0000
1.8100 0.0000 0.0000 0.0000 0.0000
1.8200 0.0000 0.0000 0.0000 0.0000
1.8300 0.0000 0.0000 0.0000 0.0000
1.8400 0.0000 0.0000 0.0000 0.0000
1.8500 0.0000 0.0000 0.0000 0.0000
1.8600 0.0000 0.0000 0.0000 0.0000
1.8700 0.0000 0.0000 0.0000 0.0000
1.8800 0.0000 0.0000 0.0000 0.0000
1.8900 0.0000 0.0000 0.0000 0.0000
1.9000 0.0000 0.0000 0.0000 0.0000
1.9100 0.0000 0.0000 0.0000 0.0000
1.9200 0.0000 0.0000 0.0000 0.0000
1.9300 0.0000 0.0000 0.0000 0.0000
1.9400 0.0000 0.0000 0.0000 0.0000
1.9500 0.0000 0.0000 0.0000 0.0000
1.9600 0.0000 0.0000 0.0000 0.0000
1.9700 0.0000 0.0000 0.0000 0.0000
1.9800 0.0000 0.0000 0.0000 0.0000
1.9900 0.0000 0.0000 0.0000 0.0000
2.0000 0.0000 0.0000 0.0000 0.0000
2.0100 0.0000 0.0000 0.0000 0.0000
2.0200 0.0000 -0.0001 0.0000 -0.0050
2.0300 0.0000 -0.0002 0.0000 -0.0100
2.0400 0.0000 -0.0003 0.0000 -0.0150
2.0500 0.0000 -0.0005 0.0000 -0.0200
2.0600 0.0000 -0.0008 0.0000 -0.0250
2.0700 0.0000 -0.0010 0.0000 -0.0300
2.0800 0.0000 -0.0014 0.0000 -0.0350
2.0900 0.0000 -0.0018 0.0000 -0.0400
2.1000 0.0000 -0.0022 0.0000 -0.0450
2.1100 0.0000 -0.0027 0.0000 -0.0500
2.1200 0.0000 -0.0033 0.0000 -0.0550
2.1300 0.0000 -0.0039 0.0000 -0.0600
2.1400 0.0000 -0.0046 0.0000 -0.0650
2.1500 0.0000 -0.0053 0.0000 -0.0700
2.1600 0.0000 -0.0060 0.0000 -0.0750
2.1700 0.0000 -0.0068 0.0000 -0.0800
2.1800 0.0000 -0.0077 0.0000 -0.0850
2.1900 0.0000 -0.0086 0.0000 -0.0900
2.2000 0.0000 -0.0095 0.0000 -0.0950
2.2100 0.0000 -0.0105 0.0000 -0.1000
2.2200 0.0000 -0.0115 0.0000 -0.1000
2.2300 0.0000 -0.0125 0.0000 -0.1000
2.2400 0.0000 -0.0135 0.0000 -0.1000
2.2500 0.0000 -0.0145 0.0000 -0.1000
2.2600 0.0000 -0.0155 0.0000 -0.1000
2.2700 0.0000 -0.0165 0.0000 -0.1000
2.2800 0.0000 -0.0175 0.0000 -0.1000
2.2900 0.0000 -0.0185 0.0000 -0.1000
2.3000 0.0000 -0.0195 0.0000 -0.1000
2.3100 0.0000 -0.0205 0.0000 -0.1000
2.3200 0.0000 -0.0215 0.0000 -0.1000
2.3300 0.0000 -0.0225 0.0000 -0.1000
2.3400 0.0000 -0.0235 0.0000 -0.1000
2.3500 0.0000 -0.0245 0.0000 -0.1000
2.3600 0.0000 -0.0255 0.0000 -0.1000
2.3700 0.0000 -0.0265 0.0000 -0.1000
2.3800 0.0000 -0.0275 0.0000 -0.1000
2.3900 0.0000 -0.0285 0.0000 -0.1000
2.4000 0.0000 -0.0295 0.0000 -0.1000
2.4100 0.0000 -0.0305 0.0000 -0.1000
2.4200 0.0000 -0.0315 0.0000 -0.1000
2.4300 0.0000 -0.0325 0.0000 -0.1000
2.4400 0.0000 -0.0335 0.0000 -0.1000
2.4500 0.0000 -0.0345 0.0000 -0.1000
2.4600 0.0000 -0.0355 0.0000 -0.1000
2.4700 0.0000 -0.0365 0.0000 -0.1000
2.4800 0.0000 -0.0375 0.0000 -0.1000
2.4900 0.0000 -0.0385 0.0000 -0.1000
2.5000 0.0000 -0.0395 0.0000 -0.1000
2.5100 0.0000 -0.0405 0.0000 -0.1000
2.5200 0.0000 -0.0415 0.0000 -0.1000
2.5300 0.0000 -0.0425 0.0000 -0.1000
2.5400 0.0000 -0.0435 0.0000 -0.1000
2.5500 0.0000 -0.0445 0.0000 -0.1000
2.5600 0.0000 -0.0455 0.0000 -0.1000
2.5700 0.0000 -0.0465 0.0000 -0.1000
2.5800 0.0000 -0.0475 0.0000 -0.1000
2.5900 0.0000 -0.0485 0.0000 -0.1000
2.6000 0.0000 -0.0495 0.0000 -0.1000
2.6100 0.0000 -0.0505 0.0000 -0.1000
2.6200 0.0000 -0.0515 0.0000 -0.1000
2.6300 0.0000 -0.0525 0.0000 -0.1000
2.6400 0.0000 -0.0535 0.0000 -0.1000
2.6500 0.0000 -0.0545 0.0000 -0.1000
2.6600 0.0000 -0.0555 0.0000 -0.1000
2.6700 0.0000 -0.0565 0.0000 -0.1000
2.6800 0.0000 -0.0575 0.0000 -0.1000
2.6900 0.0000 -0.0585 0.0000 -0.1000
2.7000 0.0000 -0.0595 0.0000 -0.1000
2.7100 0.0000 -0.0605 0.0000 -0.1000
2.7200 0.0000 -0.0615 0.0000 -0.1000
2.7300 0.0000 -0.0625 0.0000 -0.1000
2.7400 0.0000 -0.0635 0.0000 -0.1000
2.7500 0.0000 -0.0645 0.0000 -0.1000
2.7600 0.0000 -0.0655 0.0000 -0.1000
2.7700 0.0000 -0.0665 0.0000 -0.1000
2.7800 0.0000 -0.0675 0.0000 -0.1000
2.7900 0.0000 -0.0685 0.0000 -0.1000
2.8000 0.0000 -0.0695 0.0000 -0.1000
2.8100 0.0000 -0.0705 0.0000 -0.1000
2.8200 0.0000 -0.0715 0.0000 -0.1000
2.8300 0.0000 -0.0725 0.0000 -0.1000
2.8400 0.0000 -0.0735 0.0000 -0.1000
2.8500 0.0000 -0.0745 0.0000 -0.1000
2.8600 0.0000 -0.0755 0.0000 -0.1000
2.8700 0.0000 -0.0765 0.0000 -0.1000
2.8800 0.0000 -0.0775 0.0000 -0.1000
2.8900 0.0000 -0.0785 0.0000 -0.1000
2.9000 0.0000 -0.0795 0.0000 -0.1000
2.9100 0.0000 -0.0805 0.0000 -0.1000
2.9200 0.0000 -0.0815 0.0000 -0.1000
2.9300 0.0000 -0.0825 0.0000 -0.1000
2.9400 0.0000 -0.0835 0.0000 -0.1000
2.9500 0.0000 -0.0845 0.0000 -0.1000
2.9600 0.0000 -0.0855 0.0000 -0.1000
2.9700 0.0000 -0.0865 0.0000 -0.1000
2.9800 0.0000 -0.0875 0.0000 -0.1000
2.9900 0.0000 -0.0885 0.0000 -0.1000
3.0000 0.0000 -0.0895 0.0000 -0.1000
3.0100 0.0000 -0.0905 0.0000 -0.1000
3.0200 0.0000 -0.0915 0.0000 -0.0950
3.0300 0.0001 -0.0924 0.0050 -0.0900
3.0400 0.0002 -0.0932 0.0100 -0.0850
3.0500 0.0003 -0.0940 0.0150 -0.0800
3.0600 0.0005 -0.0948 0.0200 -0.0750
3.0700 0.0008 -0.0955 0.0250 -0.0700
3.0800 0.0010 -0.0961 0.0300 -0.0650
3.0900 0.0014 -0.0967 0.0350 -0.0600
3.1000 0.0018 -0.0973 0.0400 -0.0550
3.1100 0.0022 -0.0978 0.0450 -0.0500
3.1200 0.0027 -0.0982 0.0500 -0.0450
3.1300 0.0033 -0.0986 0.0550 -0.0400
3.1400 0.0039 -0.0990 0.0600 -0.0350
3.1500 0.0046 -0.0993 0.0650 -0.0300
3.1600 0.0053 -0.0995 0.0700 -0.0250
3.1700 0.0060 -0.0997 0.0750 -0.0200
3.1800 0.0068 -0.0999 0.0800 -0.0150
3.1900 0.0077 -0.1000 0.0850 -0.0100
3.2000 0.0086 -0.1000 0.0900 -0.0050
3.2100 0.0095 -0.1000 0.0950 0.0000
3.2200 0.0105 -0.1000 0.1000 0.0000
3.2300 0.0115 -0.1000 0.1000 0.0000
3.2400 0.0125 -0.1000 0.1000 0.0000
3.2500 0.0135 -0.1000 0.1000 0.0000
3.2600 0.0145 -0.1000 0.1000 0.0000
3.2700 0.0155 -0.1000 0.1000 0.0000
3.2800 0.0165 -0.1000 0.1000 0.0000
3.2900 0.0175 -0.1000 0.1000 0.0000
3.3000 0.0185 -0.1000 0.1000 0.0000
3.3100 0.0195 -0.1000 0.1000 0.0000
3.3200 0.0205 -0.1000 0.1000 0.0000
3.3300 0.0215 -0.1000 0.1000 0.0000
3.3400 0.0225 -0.1000 0.1000 0.0000
3.3500 0.0235 -0.1000 0.1000 0.0000
3.3600 0.0245 -0.1000 0.1000 0.0000
3.3700 0.0255 -0.1000 0.1000 0.0000
3.3800 0.0265 -0.1000 0.1000 0.0000
3.3900 0.0275 -0.1000 0.1000 0.0000
3.4000 0.0285 -0.1000 0.1000 0.0000
3.4100 0.0295 -0.1000 0.1000 0.0000
3.4200 0.0305 -0.1000 0.1000 0.0000
3.4300 0.0315 -0.1000 0.1000 0.0000
3.4400 0.0325 -0.1000 0.1000 0.0000
3.4500 0.0335 -0.1000 0.1000 0.0000
3.4600 0.0345 -0.1000 0.1000 0.0000
3.4700 0.0355 -0.1000 0.1000 0.0000
3.4800 0.0365 -0.1000 0.1000 0.0000
3.4900 0.0375 -0.1000 0.1000 0.0000
3.5000 0.0385 -0.1000 0.1000 0.0000
3.5100 0.0395 -0.1000 0.1000 0.0000
3.5200 0.0405 -0.1000 0.1000 0.0000
3.5300 0.0415 -0.1000 0.1000 0.0000
3.5400 0.0425 -0.1000 0.1000 0.0000
3.5500 0.0435 -0.1000 0.1000 0.0000
3.5600 0.0445 -0.1000 0.1000 0.0000
3.5700 0.0455 -0.1000 0.1000 0.0000
3.5800 0.0465 -0.1000 0.1000 0.0000
3.5900 0.0475 -0.1000 0.1000 0.0000
3.6000 0.0485 -0.1000 0.1000 0.0000
3.6100 0.0495 -0.1000 0.1000 0.0000
3.6200 0.0505 -0.1000 0.1000 0.0000
3.6300 0.0515 -0.1000 0.1000 0.0000
3.6400 0.0525 -0.1000 0.1000 0.0000
3.6500 0.0535 -0.1000 0.1000 0.0000
3.6600 0.0545 -0.1000 0.1000 0.0000
3.6700 0.0555 -0.1000 0.1000 0.0000
3.6800 0.0565 -0.1000 0.1000 0.0000
3.6900 0.0575 -0.1000 0.1000 0.0000
3.7000 0.0585 -0.1000 0.1000 0.0000
3.7100 0.0595 -0.1000 0.1000 0.0000
3.7200 0.0605 -0.1000 0.1000 0.0000
3.7300 0.0615 -0.1000 0.1000 0.0000
3.7400 0.0625 -0.1000 0.1000 0.0000
3.7500 0.0635 -0.1000 0.1000 0.0000
3.7600 0.0645 -0.1000 0.1000 0.0000
3.7700 0.0655 -0.1000 0.1000 0.0000
3.7800 0.0665 -0.1000 0.1000 0.0000
3.7900 0.0675 -0.1000 0.1000 0.0000
3.8000 0.0685 -0.1000 0.1000 0.0000
3.8100 0.0695 -0.1000 0.1000 0.0000
3.8200 0.0705 -0.1000 0.1000 0.0000
3.8300 0.0715 -0.1000 0.1000 0.0000
3.8400 0.0725 -0.1000 0.1000 0.0000
3.8500 0.0735 -0.1000 0.1000 0.0000
3.8600 0.0745 -0.1000 0.1000 0.0000
3.8700 0.0755 -0.1000 0.1000 0.0000
3.8800 0.0765 -0.1000 0.1000 0.0000
3.8900 0.0775 -0.1000 0.1000 0.0000
3.9000 0.0785 -0.1000 0.1000 0.0000
3.9100 0.0795 -0.1000 0.1000 0.0000
3.9200 0.0805 -0.1000 0.1000 0.0000
3.9300 0.0815 -0.1000 0.1000 0.0000
3.9400 0.0825 -0.1000 0.1000 0.0000
3.9500 0.0835 -0.1000 0.1000 0.0000
3.9600 0.0845 -0.1000 0.1000 0.0000
3.9700 0.0855 -0.1000 0.1000 0.0000
3.9800 0.0865 -0.1000 0.1000 0.0000
3.9900 0.0875 -0.1000 0.1000 0.0000
4.0000 0.0885 -0.1000 0.1000 0.0000
4.0100 0.0895 -0.1000 0.1000 0.0000
4.0200 0.0905 -0.1000 0.1000 0.0000
4.0300 0.0915 -0.1000 0.1000 0.0000
4.0400 0.0925 -0.1000 0.1000 0.0000
4.0500 0.0935 -0.1000 0.1000 0.0000
4.0600 0.0945 -0.1000 0.1000 0.0000
4.0700 0.0955 -0.1000 0.1000 0.0000
4.0800 0.0965 -0.1000 0.1000 0.0000
4.0900 0.0975 -0.1000 0.1000 0.0000
4.1000 0.0985 -0.1000 0.1000 0.0000
4.1100 0.0995 -0.1000 0.1000 0.0000
4.1200 0.1005 -0.1000 0.1000 0.0000
4.1300 0.1015 -0.1000 0.1000 0.0000
4.1400 0.1025 -0.1000 0.1000 0.0000
4.1500 0.1035 -0.1000 0.1000 0.0000
4.1600 0.1045 -0.1000 0.1000 0.0000
4.1700 0.1055 -0.1000 0.1000 0.0000
4.1800 0.1065 -0.1000 0.1000 0.0000
4.1900 0.1075 -0.1000 0.1000 0.0000
4.2000 0.1085 -0.1000 0.1000 0.0000
4.2100 0.1095 -0.1000 0.1000 0.0000
4.2200 0.1105 -0.1000 0.1000 0.0000
4.2300 0.1115 -0.1000 0.1000 0.0000
4.2400 0.1125 -0.1000 0.1000 0.0000
4.2500 0.1135 -0.1000 0.1000 0.0000
4.2600 0.1145 -0.1000 0.1000 0.0000
4.2700 0.1155 -0.1000 0.1000 0.0000
4.2800 0.1165 -0.1000 0.1000 0.0000
4.2900 0.1175 -0.1000 0.1000 0.0000
4.3000 0.1185 -0.1000 0.1000 0.0000
4.3100 0.1195 -0.1000 0.1000 0.0000
4.3200 0.1205 -0.1000 0.1000 0.0000
4.3300 0.1215 -0.1000 0.1000 0.0000
4.3400 0.1225 -0.1000 0.1000 0.0000
4.3500 0.1235 -0.1000 0.1000 0.0000
4.3600 0.1245 -0.1000 0.1000 0.0000
4.3700 0.1255 -0.1000 0.1000 0.0000
4.3800 0.1265 -0.1000 0.1000 0.0000
4.3900 0.1275 -0.1000 0.1000 0.0000
4.4000 0.1285 -0.1000 0.1000 0.0000
4.4100 0.1295 -0.1000 0.1000 0.0000
4.4200 0.1305 -0.1000 0.1000 0.0000
4.4300 0.1315 -0.1000 0.1000 0.0000
4.4400 0.1325 -0.1000 0.1000 0.0000
4.4500 0.1335 -0.1000 0.1000 0.0000
4.4600 0.1345 -0.1000 0.1000 0.0000
4.4700 0.1355 -0.1000 0.1000 0.0000
4.4800 0.1365 -0.1000 0.1000 0.0000
4.4900 0.1375 -0.1000 0.1000 0.0000
4.5000 0.1385 -0.1000 0.1000 0.0000
4.5100 0.1395 -0.1000 0.1000 0.0000
4.5200 0.1405 -0.1000 0.1000 0.0000
4.5300 0.1415 -0.1000 0.1000 0.0000
4.5400 0.1425 -0.1000 0.1000 0.0000
4.5500 0.1435 -0.1000 0.1000 0.0000
4.5600 0.1445 -0.1000 0.1000 0.0000
4.5700 0.1455 -0.1000 0.1000 0.0000
4.5800 0.1465 -0.1000 0.1000 0.0000
4.5900 0.1475 -0.1000 0.1000 0.0000
4.6000 0.1485 -0.1000 0.1000 0.0000
4.6100 0.1495 -0.1000 0.1000 0.0000
4.6200 0.1505 -0.1000 0.1000 0.0000
4.6300 0.1515 -0.1000 0.1000 0.0000
4.6400 0.1525 -0.1000 0.1000 0.0000
4.6500 0.1535 -0.1000 0.1000 0.0000
4.6600 0.1545 -0.1000 0.1000 0.0000
4.6700 0.1555 -0.1000 0.1000 0.0000
4.6800 0.1565 -0.1000 0.1000 0.0000
4.6900 0.1575 -0.1000 0.1000 0.0000
4.7000 0.1585 -0.1000 0.1000 0.0000
4.7100 0.1595 -0.1000 0.1000 0.0000
4.7200 0.1605 -0.1000 0.1000 0.0000
4.7300 0.1615 -0.1000 0.1000 0.0000
4.7400 0.1625 -0.1000 0.1000 0.0000
4.7500 0.1635 -0.1000 0.1000 0.0000
4.7600 0.1645 -0.1000 0.1000 0.0000
4.7700 0.1655 -0.1000 0.1000 0.0000
4.7800 0.1665 -0.1000 0.1000 0.0000
4.7900 0.1675 -0.1000 0.1000 0.0000
4.8000 0.1685 -0.1000 0.1000 0.0000
4.8100 0.1695 -0.1000 0.1000 0.0000
4.8200 0.1705 -0.1000 0.1000 0.0000
4.8300 0.1715 -0.1000 0.1000 0.0000
4.8400 0.1725 -0.1000 0.1000 0.0000
4.8500 0.1735 -0.1000 0.1000 0.0000
4.8600 0.1745 -0.1000 0.1000 0.0000
4.8700 0.1755 -0.1000 0.1000 0.0000
4.8800 0.1765 -0.1000 0.1000 0.0000
4.8900 0.1775 -0.1000 0.1000 0.0000
4.9000 0.1785 -0.1000 0.1000 0.0000
4.9100 0.1795 -0.1000 0.1000 0.0000
4.9200 0.1805 -0.1000 0.1000 0.0000
4.9300 0.1815 -0.1000 0.1000 0.0000
4.9400 0.1825 -0.1000 0.1000 0.0000
4.9500 0.1835 -0.1000 0.1000 0.0000
4.9600 0.1845 -0.1000 0.1000 0.0000
4.9700 0.1855 -0.1000 0.1000 0.0000
4.9800 0.1865 -0.1000 0.1000 0.0000
4.9900 0.1875 -0.1000 0.1000 0.0000
5.0000 0.1885 -0.1000 0.1000 0.0000
5.0100 0.1895 -0.1000 0.1000 0.0000
5.0200 0.1905 -0.1000 0.1000 0.0000
5.0300 0.1915 -0.1000 0.0950 0.0000
5.0400 0.1924 -0.1000 0.0900 0.0050
5.0500 0.1932 -0.0999 0.0850 0.0100
5.0600 0.1940 -0.0997 0.0800 0.0150
5.0700 0.1948 -0.0995 0.0750 0.0200
5.0800 0.1955 -0.0993 0.0700 0.0250
5.0900 0.1961 -0.0990 0.0650 0.0300
5.1000 0.1967 -0.0986 0.0600 0.0350
5.1100 0.1973 -0.0982 0.0550 0.0400
5.1200 0.1978 -0.0978 0.0500 0.0450
5.1300 0.1982 -0.0973 0.0450 0.0500
5.1400 0.1986 -0.0967 0.0400 0.0550
5.1500 0.1990 -0.0961 0.0350 0.0600
5.1600 0.1993 -0.0955 0.0300 0.0650
5.1700 0.1995 -0.0948 0.0250 0.0700
5.1800 0.1997 -0.0940 0.0200 0.0750
5.1900 0.1999 -0.0932 0.0150 0.0800
5.2000 0.2000 -0.0924 0.0100 0.0850
5.2100 0.2000 -0.0915 0.0050 0.0900
5.2200 0.2000 -0.0905 -0.0000 0.0950
5.2300 0.2000 -0.0895 -0.0000 0.1000
5.2400 0.2000 -0.0885 -0.0000 0.1000
5.2500 0.2000 -0.0875 -0.0000 0.1000
5.2600 0.2000 -0.0865 -0.0000 0.1000
5.2700 0.2000 -0.0855 -0.0000 0.1000
5.2800 0.2000 -0.0845 -0.0000 0.1000
5.2900 0.2000 -0.0835 -0.0000 0.1000
5.3000 0.2000 -0.0825 -0.0000 0.1000
5.3100 0.2000 -0.0815 -0.0000 0.1000
5.3200 0.2000 -0.0805 -0.0000 0.1000
5.3300 0.2000 -0.0795 -0.0000 0.1000
5.3400 0.2000 -0.0785 -0.0000 0.1000
5.3500 0.2000 -0.0775 -0.0000 0.1000
5.3600 0.2000 -0.0765 -0.0000 0.1000
5.3700 0.2000 -0.0755 -0.0000 0.1000
5.3800 0.2000 -0.0745 -0.0000 0.1000
5.3900 0.2000 -0.0735 -0.0000 0.1000
5.4000 0.2000 -0.0725 -0.0000 0.1000
5.4100 0.2000 -0.0715 -0.0000 0.1000
5.4200 0.2000 -0.0705 -0.0000 0.1000
5.4300 0.2000 -0.0695 -0.0000 0.1000
5.4400 0.2000 -0.0685 -0.0000 0.1000
5.4500 0.2000 -0.0675 -0.0000 0.1000
5.4600 0.2000 -0.0665 -0.0000 0.1000
5.4700 0.2000 -0.0655 -0.0000 0.1000
5.4800 0.2000 -0.0645 -0.0000 0.1000
5.4900 0.2000 -0.0635 -0.0000 0.1000
5.5000 0.2000 -0.0625 -0.0000 0.1000
5.5100 0.2000 -0.0615 -0.0000 0.1000
5.5200 0.2000 -0.0605 -0.0000 0.1000
5.5300 0.2000 -0.0595 -0.0000 0.1000
5.5400 0.2000 -0.0585 -0.0000 0.1000
5.5500 0.2000 -0.0575 -0.0000 0.1000
5.5600 0.2000 -0.0565 -0.0000 0.1000
5.5700 0.2000 -0.0555 -0.0000 0.1000
5.5800 0.2000 -0.0545 -0.0000 0.1000
5.5900 0.2000 -0.0535 -0.0000 0.1000
5.6000 0.2000 -0.0525 -0.0000 0.1000
5.6100 0.2000 -0.0515 -0.0000 0.1000
5.6200 0.2000 -0.0505 -0.0000 0.1000
5.6300 0.2000 -0.0495 -0.0000 0.1000
5.6400 0.2000 -0.0485 -0.0000 0.1000
5.6500 0.2000 -0.0475 -0.0000 0.1000
5.6600 0.2000 -0.0465 -0.0000 0.1000
5.6700 0.2000 -0.0455 -0.0000 0.1000
5.6800 0.2000 -0.0445 -0.0000 0.1000
5.6900 0.2000 -0.0435 -0.0000 0.1000
5.7000 0.2000 -0.0425 -0.0000 0.1000
5.7100 0.2000 -0.0415 -0.0000 0.1000
5.7200 0.2000 -0.0405 -0.0000 0.1000
5.7300 0.2000 -0.0395 -0.0000 0.1000
5.7400 0.2000 -0.0385 -0.0000 0.1000
5.7500 0.2000 -0.0375 -0.0000 0.1000
5.7600 0.2000 -0.0365 -0.0000 0.1000
5.7700 0.2000 -0.0355 -0.0000 0.1000
5.7800 0.2000 -0.0345 -0.0000 0.1000
5.7900 0.2000 -0.0335 -0.0000 0.1000
5.8000 0.2000 -0.0325 -0.0000 0.1000
5.8100 0.2000 -0.0315 -0.0000 0.1000
5.8200 0.2000 -0.0305 -0.0000 0.1000
5.8300 0.2000 -0.0295 -0.0000 0.1000
5.8400 0.2000 -0.0285 -0.0000 0.1000
5.8500 0.2000 -0.0275 -0.0000 0.1000
5.8600 0.2000 -0.0265 -0.0000 0.1000
5.8700 0.2000 -0.0255 -0.0000 0.1000
5.8800 0.2000 -0.0245 -0.0000 0.1000
5.8900 0.2000 -0.0235 -0.0000 0.1000
5.9000 0.2000 -0.0225 -0.0000 0.1000
5.9100 0.2000 -0.0215 -0.0000 0.1000
5.9200 0.2000 -0.0205 -0.0000 0.1000
5.9300 0.2000 -0.0195 -0.0000 0.1000
5.9400 0.2000 -0.0185 -0.0000 0.1000
5.9500 0.2000 -0.0175 -0.0000 0.1000
5.9600 0.2000 -0.0165 -0.0000 0.1000
5.9700 0.2000 -0.0155 -0.0000 0.1000
5.9800 0.2000 -0.0145 -0.0000 0.1000
5.9900 0.2000 -0.0135 -0.0000 0.1000
6.0000 0.2000 -0.0125 -0.0000 0.1000
6.0100 0.2000 -0.0115 -0.0000 0.1000
6.0200 0.2000 -0.0105 -0.0000 0.1000
6.0300 0.2000 -0.0095 -0.0000 0.1000
6.0400 0.2000 -0.0085 -0.0000 0.1000
6.0500 0.2000 -0.0075 -0.0000 0.1000
6.0600 0.2000 -0.0065 -0.0000 0.1000
6.0700 0.2000 -0.0055 -0.0000 0.1000
6.0800 0.2000 -0.0045 -0.0000 0.1000
6.0900 0.2000 -0.0035 -0.0000 0.1000
6.1000 0.2000 -0.0025 -0.0000 0.1000
6.1100 0.2000 -0.0015 -0.0000 0.1000
6.1200 0.2000 -0.0005 -0.0000 0.1000
6.1300 0.2000 0.0005 -0.0000 0.1000
6.1400 0.2000 0.0015 -0.0000 0.1000
6.1500 0.2000 0.0025 -0.0000 0.1000
6.1600 0.2000 0.0035 -0.0000 0.1000
6.1700 0.2000 0.0045 -0.0000 0.1000
6.1800 0.2000 0.0055 -0.0000 0.1000
6.1900 0.2000 0.0065 -0.0000 0.1000
6.2000 0.2000 0.0075 -0.0000 0.1000
6.2100 0.2000 0.0085 -0.0000 0.1000
6.2200 0.2000 0.0095 -0.0000 0.1000
6.2300 0.2000 0.0105 -0.0000 0.1000
6.2400 0.2000 0.0115 -0.0000 0.1000
6.2500 0.2000 0.0125 -0.0000 0.1000
6.2600 0.2000 0.0135 -0.0000 0.1000
6.2700 0.2000 0.0145 -0.0000 0.1000
6.2800 0.2000 0.0155 -0.0000 0.1000
6.2900 0.2000 0.0165 -0.0000 0.1000
6.3000 0.2000 0.0175 -0.0000 0.1000
6.3100 0.2000 0.0185 -0.0000 0.1000
6.3200 0.2000 0.0195 -0.0000 0.1000
6.3300 0.2000 0.0205 -0.0000 0.1000
6.3400 0.2000 0.0215 -0.0000 0.1000
6.3500 0.2000 0.0225 -0.0000 0.1000
6.3600 0.2000 0.0235 -0.0000 0.1000
6.3700 0.2000 0.0245 -0.0000 0.1000
6.3800 0.2000 0.0255 -0.0000 0.1000
6.3900 0.2000 0.0265 -0.0000 0.1000
6.4000 0.2000 0.0275 -0.0000 0.1000
6.4100 0.2000 0.0285 -0.0000 0.1000
6.4200 0.2000 0.0295 -0.0000 0.1000
6.4300 0.2000 0.0305 -0.0000 0.1000
6.4400 0.2000 0.0315 -0.0000 0.1000
6.4500 0.2000 0.0325 -0.0000 0.1000
6.4600 0.2000 0.0335 -0.0000 0.1000
6.4700 0.2000 0.0345 -0.0000 0.1000
6.4800 0.2000 0.0355 -0.0000 0.1000
6.4900 0.2000 0.0365 -0.0000 0.1000
6.5000 0.2000 0.0375 -0.0000 0.1000
6.5100 0.2000 0.0385 -0.0000 0.1000
6.5200 0.2000 0.0395 -0.0000 0.1000
6.5300 0.2000 0.0405 -0.0000 0.1000
6.5400 0.2000 0.0415 -0.0000 0.1000
6.5500 0.2000 0.0425 -0.0000 0.1000
6.5600 0.2000 0.0435 -0.0000 0.1000
6.5700 0.2000 0.0445 -0.0000 0.1000
6.5800 0.2000 0.0455 -0.0000 0.1000
6.5900 0.2000 0.0465 -0.0000 0.1000
6.6000 0.2000 0.0475 -0.0000 0.1000
6.6100 0.2000 0.0485 -0.0000 0.1000
6.6200 0.2000 0.0495 -0.0000 0.1000
6.6300 0.2000 0.0505 -0.0000 0.1000
6.6400 0.2000 0.0515 -0.0000 0.1000
6.6500 0.2000 0.0525 -0.0000 0.1000
6.6600 0.2000 0.0535 -0.0000 0.1000
6.6700 0.2000 0.0545 -0.0000 0.1000
6.6800 0.2000 0.0555 -0.0000 0.1000
6.6900 0.2000 0.0565 -0.0000 0.1000
6.7000 0.2000 0.0575 -0.0000 0.1000
6.7100 0.2000 0.0585 -0.0000 0.1000
6.7200 0.2000 0.0595 -0.0000 0.1000
6.7300 0.2000 0.0605 -0.0000 0.1000
6.7400 0.2000 0.0615 -0.0000 0.1000
6.7500 0.2000 0.0625 -0.0000 0.1000
6.7600 0.2000 0.0635 -0.0000 0.1000
6.7700 0.2000 0.0645 -0.0000 0.1000
6.7800 0.2000 0.0655 -0.0000 0.1000
6.7900 0.2000 0.0665 -0.0000 0.1000
6.8000 0.2000 0.0675 -0.0000 0.1000
6.8100 0.2000 0.0685 -0.0000 0.1000
6.8200 0.2000 0.0695 -0.0000 0.1000
6.8300 0.2000 0.0705 -0.0000 0.1000
6.8400 0.2000 0.0715 -0.0000 0.1000
6.8500 0.2000 0.0725 -0.0000 0.1000
6.8600 0.2000 0.0735 -0.0000 0.1000
6.8700 0.2000 0.0745 -0.0000 0.1000
6.8800 0.2000 0.0755 -0.0000 0.1000
6.8900 0.2000 0.0765 -0.0000 0.1000
6.9000 0.2000 0.0775 -0.0000 0.1000
6.9100 0.2000 0.0785 -0.0000 0.1000
6.9200 0.2000 0.0795 -0.0000 0.1000
6.9300 0.2000 0.0805 -0.0000 0.1000
6.9400 0.2000 0.0815 -0.0000 0.1000
6.9500 0.2000 0.0825 -0.0000 0.1000
6.9600 0.2000 0.0835 -0.0000 0.1000
6.9700 0.2000 0.0845 -0.0000 0.1000
6.9800 0.2000 0.0855 -0.0000 0.1000
6.9900 0.2000 0.0865 -0.0000 0.1000
7.0000 0.2000 0.0875 -0.0000 0.1000
7.0100 0.2000 0.0885 -0.0000 0.1000
7.0200 0.2000 0.0895 -0.0000 0.1000
7.0300 0.2000 0.0905 -0.0000 0.1000
7.0400 0.2000 0.0915 -0.0000 0.0950
7.0500 0.2000 0.0924 -0.0050 0.0900
7.0600 0.1999 0.0932 -0.0100 0.0850
7.0700 0.1997 0.0940 -0.0150 0.0800
7.0800 0.1995 0.0948 -0.0200 0.0750
7.0900 0.1993 0.0955 -0.0250 0.0700
7.1000 0.1990 0.0961 -0.0300 0.0650
7.1100 0.1986 0.0967 -0.0350 0.0600
7.1200 0.1982 0.0973 -0.0400 0.0550
7.1300 0.1978 0.0978 -0.0450 0.0500
7.1400 0.1973 0.0982 -0.0500 0.0450
7.1500 0.1967 0.0986 -0.0550 0.0400
7.1600 0.1961 0.0990 -0.0600 0.0350
7.1700 0.1955 0.0993 -0.0650 0.0300
7.1800 0.1948 0.0995 -0.0700 0.0250
7.1900 0.1940 0.0997 -0.0750 0.0200
7.2000 0.1932 0.0999 -0.0800 0.0150
7.2100 0.1924 0.1000 -0.0850 0.0100
7.2200 0.1915 0.1000 -0.0900 0.0050
7.2300 0.1905 0.1000 -0.0950 -0.0000
7.2400 0.1895 0.1000 -0.1000 -0.0000
7.2500 0.1885 0.1000 -0.1000 -0.0000
7.2600 0.1875 0.1000 -0.1000 -0.0000
7.2700 0.1865 0.1000 -0.1000 -0.0000
7.2800 0.1855 0.1000 -0.1000 -0.0000
7.2900 0.1845 0.1000 -0.1000 -0.0000
7.3000 0.1835 0.1000 -0.1000 -0.0000
7.3100 0.1825 0.1000 -0.1000 -0.0000
7.3200 0.1815 0.1000 -0.1000 -0.0000
7.3300 0.1805 0.1000 -0.1000 -0.0000
7.3400 0.1795 0.1000 -0.1000 -0.0000
7.3500 0.1785 0.1000 -0.1000 -0.0000
7.3600 0.1775 0.1000 -0.1000 -0.0000
7.3700 0.1765 0.1000 -0.1000 -0.0000
7.3800 0.1755 0.1000 -0.1000 -0.0000
7.3900 0.1745 0.1000 -0.1000 -0.0000
7.4000 0.1735 0.1000 -0.1000 -0.0000
7.4100 0.1725 0.1000 -0.1000 -0.0000
7.4200 0.1715 0.1000 -0.1000 -0.0000
7.4300 0.1705 0.1000 -0.1000 -0.0000
7.4400 0.1695 0.1000 -0.1000 -0.0000
7.4500 0.1685 0.1000 -0.1000 -0.0000
7.4600 0.1675 0.1000 -0.1000 -0.0000
7.4700 0.1665 0.1000 -0.1000 -0.0000
7.4800 0.1655 0.1000 -0.1000 -0.0000
7.4900 0.1645 0.1000 -0.1000 -0.0000
7.5000 0.1635 0.1000 -0.1000 -0.0000
7.5100 0.1625 0.1000 -0.1000 -0.0000
7.5200 0.1615 0.1000 -0.1000 -0.0000
7.5300 0.1605 0.1000 -0.1000 -0.0000
7.5400 0.1595 0.1000 -0.1000 -0.0000
7.5500 0.1585 0.1000 -0.1000 -0.0000
7.5600 0.1575 0.1000 -0.1000 -0.0000
7.5700 0.1565 0.1000 -0.1000 -0.0000
7.5800 0.1555 0.1000 -0.1000 -0.0000
7.5900 0.1545 0.1000 -0.1000 -0.0000
7.6000 0.1535 0.1000 -0.1000 -0.0000
7.6100 0.1525 0.1000 -0.1000 -0.0000
7.6200 0.1515 0.1000 -0.1000 -0.0000
7.6300 0.1505 0.1000 -0.1000 -0.0000
7.6400 0.1495 0.1000 -0.1000 -0.0000
7.6500 0.1485 0.1000 -0.1000 -0.0000
7.6600 0.1475 0.1000 -0.1000 -0.0000
7.6700 0.1465 0.1000 -0.1000 -0.0000
7.6800 0.1455 0.1000 -0.1000 -0.0000
7.6900 0.1445 0.1000 -0.1000 -0.0000
7.7000 0.1435 0.1000 -0.1000 -0.0000
7.7100 0.1425 0.1000 -0.1000 -0.0000
7.7200 0.1415 0.1000 -0.1000 -0.0000
7.7300 0.1405 0.1000 -0.1000 -0.0000
7.7400 0.1395 0.1000 -0.1000 -0.0000
7.7500 0.1385 0.1000 -0.1000 -0.0000
7.7600 0.1375 0.1000 -0.1000 -0.0000
7.7700 0.1365 0.1000 -0.1000 -0.0000
7.7800 0.1355 0.1000 -0.1000 -0.0000
7.7900 0.1345 0.1000 -0.1000 -0.0000
7.8000 0.1335 0.1000 -0.1000 -0.0000
7.8100 0.1325 0.1000 -0.1000 -0.0000
7.8200 0.1315 0.1000 -0.1000 -0.0000
7.8300 0.1305 0.1000 -0.1000 -0.0000
7.8400 0.1295 0.1000 -0.1000 -0.0000
7.8500 0.1285 0.1000 -0.1000 -0.0000
7.8600 0.1275 0.1000 -0.1000 -0.0000
7.8700 0.1265 0.1000 -0.1000 -0.0000
7.8800 0.1255 0.1000 -0.1000 -0.0000
7.8900 0.1245 0.1000 -0.1000 -0.0000
7.9000 0.1235 0.1000 -0.1000 -0.0000
7.9100 0.1225 0.1000 -0.1000 -0.0000
7.9200 0.1215 0.1000 -0.1000 -0.0000
7.9300 0.1205 0.1000 -0.1000 -0.0000
7.9400 0.1195 0.1000 -0.1000 -0.0000
7.9500 0.1185 0.1000 -0.1000 -0.0000
7.9600 0.1175 0.1000 -0.1000 -0.0000
7.9700 0.1165 0.1000 -0.1000 -0.0000
7.9800 0.1155 0.1000 -0.1000 -0.0000
7.9900 0.1145 0.1000 -0.1000 -0.0000
8.0000 0.1135 0.1000 -0.1000 -0.0000
8.0100 0.1125 0.1000 -0.1000 -0.0000
8.0200 0.1115 0.1000 -0.1000 -0.0000
8.0300 0.1105 0.1000 -0.1000 -0.0000
8.0400 0.1095 0.1000 -0.1000 -0.0000
8.0500 0.1085 0.1000 -0.1000 -0.0000
8.0600 0.1075 0.1000 -0.1000 -0.0000
8.0700 0.1065 0.1000 -0.1000 -0.0000
8.0800 0.1055 0.1000 -0.1000 -0.0000
8.0900 0.1045 0.1000 -0.1000 -0.0000
8.1000 0.1035 0.1000 -0.1000 -0.0000
8.1100 0.1025 0.1000 -0.1000 -0.0000
8.1200 0.1015 0.1000 -0.1000 -0.0000
8.1300 0.1005 0.1000 -0.1000 -0.0000
8.1400 0.0995 0.1000 -0.1000 -0.0000
8.1500 0.0985 0.1000 -0.1000 -0.0000
8.1600 0.0975 0.1000 -0.1000 -0.0000
8.1700 0.0965 0.1000 -0.1000 -0.0000
8.1800 0.0955 0.1000 -0.1000 -0.0000
8.1900 0.0945 0.1000 -0.1000 -0.0000
8.2000 0.0935 0.1000 -0.1000 -0.0000
8.2100 0.0925 0.1000 -0.1000 -0.0000
8.2200 0.0915 0.1000 -0.1000 -0.0000
8.2300 0.0905 0.1000 -0.1000 -0.0000
8.2400 0.0895 0.1000 -0.1000 -0.0000
8.2500 0.0885 0.1000 -0.1000 -0.0000
8.2600 0.0875 0.1000 -0.1000 -0.0000
8.2700 0.0865 0.1000 -0.1000 -0.0000
8.2800 0.0855 0.1000 -0.1000 -0.0000
8.2900 0.0845 0.1000 -0.1000 -0.0000
8.3000 0.0835 0.1000 -0.1000 -0.0000
8.3100 0.0825 0.1000 -0.1000 -0.0000
8.3200 0.0815 0.1000 -0.1000 -0.0000
8.3300 0.0805 0.1000 -0.1000 -0.0000
8.3400 0.0795 0.1000 -0.1000 -0.0000
8.3500 0.0785 0.1000 -0.1000 -0.0000
8.3600 0.0775 0.1000 -0.1000 -0.0000
8.3700 0.0765 0.1000 -0.1000 -0.0000
8.3800 0.0755 0.1000 -0.1000 -0.0000
8.3900 0.0745 0.1000 -0.1000 -0.0000
8.4000 0.0735 0.1000 -0.1000 -0.0000
8.4100 0.0725 0.1000 -0.1000 -0.0000
8.4200 0.0715 0.1000 -0.1000 -0.0000
8.4300 0.0705 0.1000 -0.1000 -0.0000
8.4400 0.0695 0.1000 -0.1000 -0.0000
8.4500 0.0685 0.1000 -0.1000 -0.0000
8.4600 0.0675 0.1000 -0.1000 -0.0000
8.4700 0.0665 0.1000 -0.1000 -0.0000
8.4800 0.0655 0.1000 -0.1000 -0.0000
8.4900 0.0645 0.1000 -0.1000 -0.0000
8.5000 0.0635 0.1000 -0.1000 -0.0000
8.5100 0.0625 0.1000 -0.1000 -0.0000
8.5200 0.0615 0.1000 -0.1000 -0.0000
8.5300 0.0605 0.1000 -0.1000 -0.0000
8.5400 0.0595 0.1000 -0.1000 -0.0000
8.5500 0.0585 0.1000 -0.1000 -0.0000
8.5600 0.0575 0.1000 -0.1000 -0.0000
8.5700 0.0565 0.1000 -0.1000 -0.0000
8.5800 0.0555 0.1000 -0.1000 -0.0000
8.5900 0.0545 0.1000 -0.1000 -0.0000
8.6000 0.0535 0.1000 -0.1000 -0.0000
8.6100 0.0525 0.1000 -0.1000 -0.0000
8.6200 0.0515 0.1000 -0.1000 -0.0000
8.6300 0.0505 0.1000 -0.1000 -0.0000
8.6400 0.0495 0.1000 -0.1000 -0.0000
8.6500 0.0485 0.1000 -0.1000 -0.0000
8.6600 0.0475 0.1000 -0.1000 -0.0000
8.6700 0.0465 0.1000 -0.1000 -0.0000
8.6800 0.0455 0.1000 -0.1000 -0.0000
8.6900 0.0445 0.1000 -0.1000 -0.0000
8.7000 0.0435 0.1000 -0.1000 -0.0000
8.7100 0.0425 0.1000 -0.1000 -0.0000
8.7200 0.0415 0.1000 -0.1000 -0.0000
8.7300 0.0405 0.1000 -0.1000 -0.0000
8.7400 0.0395 0.1000 -0.1000 -0.0000
8.7500 0.0385 0.1000 -0.1000 -0.0000
8.7600 0.0375 0.1000 -0.1000 -0.0000
8.7700 0.0365 0.1000 -0.1000 -0.0000
8.7800 0.0355 0.1000 -0.1000 -0.0000
8.7900 0.0345 0.1000 -0.1000 -0.0000
8.8000 0.0335 0.1000 -0.1000 -0.0000
8.8100 0.0325 0.1000 -0.1000 -0.0000
8.8200 0.0315 0.1000 -0.1000 -0.0000
8.8300 0.0305 0.1000 -0.1000 -0.0000
8.8400 0.0295 0.1000 -0.1000 -0.0000
8.8500 0.0285 0.1000 -0.1000 -0.0000
8.8600 0.0275 0.1000 -0.1000 -0.0000
8.8700 0.0265 0.1000 -0.1000 -0.0000
8.8800 0.0255 0.1000 -0.1000 -0.0000
8.8900 0.0245 0.1000 -0.1000 -0.0000
8.9000 0.0235 0.1000 -0.1000 -0.0000
8.9100 0.0225 0.1000 -0.1000 -0.0000
8.9200 0.0215 0.1000 -0.1000 -0.0000
8.9300 0.0205 0.1000 -0.1000 -0.0000
8.9400 0.0195 0.1000 -0.1000 -0.0000
8.9500 0.0185 0.1000 -0.1000 -0.0000
8.9600 0.0175 0.1000 -0.1000 -0.0000
8.9700 0.0165 0.1000 -0.1000 -0.0000
8.9800 0.0155 0.1000 -0.1000 -0.0000
8.9900 0.0145 0.1000 -0.1000 -0.0000
9.0000 0.0135 0.1000 -0.1000 -0.0000
9.0100 0.0125 0.1000 -0.1000 -0.0000
9.0200 0.0115 0.1000 -0.1000 -0.0000
9.0300 0.0105 0.1000 -0.1000 -0.0000
9.0400 0.0095 0.1000 -0.1000 -0.0000
9.0500 0.0085 0.1000 -0.0950 -0.0000
9.0600 0.0076 0.1000 -0.0900 -0.0050
9.0700 0.0068 0.0999 -0.0850 -0.0100
9.0800 0.0060 0.0997 -0.0800 -0.0150
9.0900 0.0052 0.0995 -0.0750 -0.0200
9.1000 0.0045 0.0993 -0.0700 -0.0250
9.1100 0.0039 0.0990 -0.0650 -0.0300
9.1200 0.0033 0.0986 -0.0600 -0.0350
9.1300 0.0027 0.0982 -0.0550 -0.0400
9.1400 0.0022 0.0978 -0.0500 -0.0450
9.1500 0.0018 0.0973 -0.0450 -0.0500
9.1600 0.0014 0.0967 -0.0400 -0.0550
9.1700 0.0010 0.0961 -0.0350 -0.0600
9.1800 0.0007 0.0955 -0.0300 -0.0650
9.1900 0.0005 0.0948 -0.0250 -0.0700
9.2000 0.0003 0.0940 -0.0200 -0.0750
9.2100 0.0001 0.0932 -0.0150 -0.0800
9.2200 0.0000 0.0924 -0.0100 -0.0850
9.2300 -0.0000 0.0915 -0.0050 -0.0900
9.2400 -0.0000 0.0905 -0.0000 -0.0950
9.2500 -0.0000 0.0895 -0.0000 -0.1000
9.2600 -0.0000 0.0885 -0.0000 -0.1000
9.2700 -0.0000 0.0875 -0.0000 -0.1000
9.2800 -0.0000 0.0865 -0.0000 -0.1000
9.2900 -0.0000 0.0855 -0.0000 -0.1000
9.3000 -0.0000 0.0845 -0.0000 -0.1000
9.3100 -0.0000 0.0835 -0.0000 -0.1000
9.3200 -0.0000 0.0825 -0.0000 -0.1000
9.3300 -0.0000 0.0815 -0.0000 -0.1000
9.3400 -0.0000 0.0805 -0.0000 -0.1000
9.3500 -0.0000 0.0795 -0.0000 -0.1000
9.3600 -0.0000 0.0785 -0.0000 -0.1000
9.3700 -0.0000 0.0775 -0.0000 -0.1000
9.3800 -0.0000 0.0765 -0.0000 -0.1000
9.3900 -0.0000 0.0755 -0.0000 -0.1000
9.4000 -0.0000 0.0745 -0.0000 -0.1000
9.4100 -0.0000 0.0735 -0.0000 -0.1000
9.4200 -0.0000 0.0725 -0.0000 -0.1000
9.4300 -0.0000 0.0715 -0.0000 -0.1000
9.4400 -0.0000 0.0705 -0.0000 -0.1000
9.4500 -0.0000 0.0695 -0.0000 -0.1000
9.4600 -0.0000 0.0685 -0.0000 -0.1000
9.4700 -0.0000 0.0675 -0.0000 -0.1000
9.4800 -0.0000 0.0665 -0.0000 -0.1000
9.4900 -0.0000 0.0655 -0.0000 -0.1000
9.5000 -0.0000 0.0645 -0.0000 -0.1000
9.5100 -0.0000 0.0635 -0.0000 -0.1000
9.5200 -0.0000 0.0625 -0.0000 -0.1000
9.5300 -0.0000 0.0615 -0.0000 -0.1000
9.5400 -0.0000 0.0605 -0.0000 -0.1000
9.5500 -0.0000 0.0595 -0.0000 -0.1000
9.5600 -0.0000 0.0585 -0.0000 -0.1000
9.5700 -0.0000 0.0575 -0.0000 -0.1000
9.5800 -0.0000 0.0565 -0.0000 -0.1000
9.5900 -0.0000 0.0555 -0.0000 -0.1000
9.6000 -0.0000 0.0545 -0.0000 -0.1000
9.6100 -0.0000 0.0535 -0.0000 -0.1000
9.6200 -0.0000 0.0525 -0.0000 -0.1000
9.6300 -0.0000 0.0515 -0.0000 -0.1000
9.6400 -0.0000 0.0505 -0.0000 -0.1000
9.6500 -0.0000 0.0495 -0.0000 -0.1000
9.6600 -0.0000 0.0485 -0.0000 -0.1000
9.6700 -0.0000 0.0475 -0.0000 -0.1000
9.6800 -0.0000 0.0465 -0.0000 -0.1000
9.6900 -0.0000 0.0455 -0.0000 -0.1000
9.7000 -0.0000 0.0445 -0.0000 -0.1000
9.7100 -0.0000 0.0435 -0.0000 -0.1000
9.7200 -0.0000 0.0425 -0.0000 -0.1000
9.7300 -0.0000 0.0415 -0.0000 -0.1000
9.7400 -0.0000 0.0405 -0.0000 -0.1000
9.7500 -0.0000 0.0395 -0.0000 -0.1000
9.7600 -0.0000 0.0385 -0.0000 -0.1000
9.7700 -0.0000 0.0375 -0.0000 -0.1000
9.7800 -0.0000 0.0365 -0.0000 -0.1000
9.7900 -0.0000 0.0355 -0.0000 -0.1000
9.8000 -0.0000 0.0345 -0.0000 -0.1000
9.8100 -0.0000 0.0335 -0.0000 -0.1000
9.8200 -0.0000 0.0325 -0.0000 -0.1000
9.8300 -0.0000 0.0315 -0.0000 -0.1000
9.8400 -0.0000 0.0305 -0.0000 -0.1000
9.8500 -0.0000 0.0295 -0.0000 -0.1000
9.8600 -0.0000 0.0285 -0.0000 -0.1000
9.8700 -0.0000 0.0275 -0.0000 -0.1000
9.8800 -0.0000 0.0265 -0.0000 -0.1000
9.8900 -0.0000 0.0255 -0.0000 -0.1000
9.9000 -0.0000 0.0245 -0.0000 -0.1000
9.9100 -0.0000 0.0235 -0.0000 -0.1000
9.9200 -0.0000 0.0225 -0.0000 -0.1000
9.9300 -0.0000 0.0215 -0.0000 -0.1000
9.9400 -0.0000 0.0205 -0.0000 -0.1000
9.9500 -0.0000 0.0195 -0.0000 -0.1000
9.9600 -0.0000 0.0185 -0.0000 -0.1000
9.9700 -0.0000 0.0175 -0.0000 -0.1000
9.9800 -0.0000 0.0165 -0.0000 -0.1000
9.9900 -0.0000 0.0155 -0.0000 -0.1000
10.0000 -0.0000 0.0145 -0.0000 -0.1000
10.0100 -0.0000 0.0135 -0.0000 -0.1000
10.0200 -0.0000 0.0125 -0.0000 -0.1000
10.0300 -0.0000 0.0115 -0.0000 -0.1000
10.0400 -0.0000 0.0105 -0.0000 -0.1000
10.0500 -0.0000 0.0095 -0.0000 -0.1000
10.0600 -0.0000 0.0085 -0.0000 -0.0950
10.0700 -0.0000 0.0076 -0.0000 -0.0900
10.0800 -0.0000 0.0068 -0.0000 -0.0850
10.0900 -0.0000 0.0060 -0.0000 -0.0800
10.1000 -0.0000 0.0052 -0.0000 -0.0750
10.1100 -0.0000 0.0045 -0.0000 -0.0700
10.1200 -0.0000 0.0039 -0.0000 -0.0650
10.1300 -0.0000 0.0033 -0.0000 -0.0600
10.1400 -0.0000 0.0027 -0.0000 -0.0550
10.1500 -0.0000 0.0022 -0.0000 -0.0500
10.1600 -0.0000 0.0018 -0.0000 -0.0450
10.1700 -0.0000 0.0014 -0.0000 -0.0400
10.1800 -0.0000 0.0010 -0.0000 -0.0350
10.1900 -0.0000 0.0007 -0.0000 -0.0300
10.2000 -0.0000 0.0005 -0.0000 -0.0250
10.2100 -0.0000 0.0003 -0.0000 -0.0200
10.2200 -0.0000 0.0001 -0.0000 -0.0150
10.2300 -0.0000 0.0000 -0.0000 -0.0100
10.2400 -0.0000 -0.0000 -0.0000 -0.0050
10.2500 -0.0000 -0.0000 -0.0000 -0.0000
10.2600 -0.0000 -0.0000 -0.0000 -0.0000
10.2700 -0.0000 -0.0000 -0.0000 -0.0000
10.2800 -0.0000 -0.0000 -0.0000 -0.0000
10.2900 -0.0000 -0.0000 -0.0000 -0.0000
10.3000 -0.0000 -0.0000 -0.0000 -0.0000
10.3100 -0.0000 -0.0000 -0.0000 -0.0000
10.3200 -0.0000 -0.0000 -0.0000 -0.0000
10.3300 -0.0000 -0.0000 -0.0000 -0.0000
10.3400 -0.0000 -0.0000 -0.0000 -0.0000
10.3500 -0.0000 -0.0000 -0.0000 -0.0000
10.3600 -0.0000 -0.0000 -0.0000 -0.0000
10.3700 -0.0000 -0.0000 -0.0000 -0.0000
10.3800 -0.0000 -0.0000 -0.0000 -0.0000
10.3900 -0.0000 -0.0000 -0.0000 -0.0000
10.4000 -0.0000 -0.0000 -0.0000 -0.0000
10.4100 -0.0000 -0.0000 -0.0000 -0.0000
10.4200 -0.0000 -0.0000 -0.0000 -0.0000
10.4300 -0.0000 -0.0000 -0.0000 -0.0000
10.4400 -0.0000 -0.0000 -0.0000 -0.0000
10.4500 -0.0000 -0.0000 -0.0000 -0.0000
10.4600 -0.0000 -0.0000 -0.0000 -0.0000
10.4700 -0.0000 -0.0000 -0.0000 -0.0000
10.4800 -0.0000 -0.0000 -0.0000 -0.0000
10.4900 -0.0000 -0.0000 -0.0000 -0.0000
10.5000 -0.0000 -0.0000 -0.0000 -0.0000
10.5100 -0.0000 -0.0000 -0.0000 -0.0000
10.5200 -0.0000 -0.0000 -0.0000 -0.0000
10.5300 -0.0000 -0.0000 -0.0000 -0.0000
10.5400 -0.0000 -0.0000 -0.0000 -0.0000
10.5500 -0.0000 -0.0000 -0.0000 -0.0000
10.5600 -0.0000 -0.0000 -0.0000 -0.0000
10.5700 -0.0000 -0.0000 -0.0000 -0.0000
10.5800 -0.0000 -0.0000 -0.0000 -0.0000
10.5900 -0.0000 -0.0000 -0.0000 -0.0000
10.6000 -0.0000 -0.0000 -0.0000 -0.0000
10.6100 -0.0000 -0.0000 -0.0000 -0.0000
10.6200 -0.0000 -0.0000 -0.0000 -0.0000
10.6300 -0.0000 -0.0000 -0.0000 -0.0000
10.6400 -0.0000 -0.0000 -0.0000 -0.0000
10.6500 -0.0000 -0.0000 -0.0000 -0.0000
10.6600 -0.0000 -0.0000 -0.0000 -0.0000
10.6700 -0.0000 -0.0000 -0.0000 -0.0000
10.6800 -0.0000 -0.0000 -0.0000 -0.0000
10.6900 -0.0000 -0.0000 -0.0000 -0.0000
10.7000 -0.0000 -0.0000 -0.0000 -0.0000
10.7100 -0.0000 -0.0000 -0.0000 -0.0000
10.7200 -0.0000 -0.0000 -0.0000 -0.0000
10.7300 -0.0000 -0.0000 -0.0000 -0.0000
10.7400 -0.0000 -0.0000 -0.0000 -0.0000
10.7500 -0.0000 -0.0000 -0.0000 -0.0000
10.7600 -0.0000 -0.0000 -0.0000 -0.0000
10.7700 -0.0000 -0.0000 -0.0000 -0.0000
10.7800 -0.0000 -0.0000 -0.0000 -0.0000
10.7900 -0.0000 -0.0000 -0.0000 -0.0000
10.8000 -0.0000 -0.0000 -0.0000 -0.0000
10.8100 -0.0000 -0.0000 -0.0000 -0.0000
10.8200 -0.0000 -0.0000 -0.0000 -0.0000
10.8300 -0.0000 -0.0000 -0.0000 -0.0000
10.8400 -0.0000 -0.0000 -0.0000 -0.0000
10.8500 -0.0000 -0.0000 -0.0000 -0.0000
10.8600 -0.0000 -0.0000 -0.0000 -0.0000
10.8700 -0.0000 -0.0000 -0.0000 -0.0000
10.8800 -0.0000 -0.0000 -0.0000 -0.0000
10.8900 -0.0000 -0.0000 -0.0000 -0.0000
10.9000 -0.0000 -0.0000 -0.0000 -0.0000
10.9100 -0.0000 -0.0000 -0.0000 -0.0000
10.9200 -0.0000 -0.0000 -0.0000 -0.0000
10.9300 -0.0000 -0.0000 -0.0000 -0.0000
10.9400 -0.0000 -0.0000 -0.0000 -0.0000
10.9500 -0.0000 -0.0000 -0.0000 -0.0000
10.9600 -0.0000 -0.0000 -0.0000 -0.0000
10.9700 -0.0000 -0.0000 -0.0000 -0.0000
10.9800 -0.0000 -0.0000 -0.0000 -0.0000
10.9900 -0.0000 -0.0000 -0.0000 -0.0000
11.0000 -0.0000 -0.0000 -0.0000 -0.0000
11.0100 -0.0000 -0.0000 -0.0000 -0.0000
11.0200 -0.0000 -0.0000 -0.0000 -0.0000
11.0300 -0.0000 -0.0000 -0.0000 -0.0000
11.0400 -0.0000 -0.0000 -0.0000 -0.0000
11.0500 -0.0000 -0.0000 -0.0000 -0.0000
11.0600 -0.0000 -0.0000 -0.0000 -0.0000
11.0700 -0.0000 -0.0000 -0.0000 -0.0000
11.0800 -0.0000 -0.0000 -0.0000 -0.0000
11.0900 -0.0000 -0.0000 -0.0000 -0.0000
11.1000 -0.0000 -0.0000 -0.0000 -0.0000
11.1100 -0.0000 -0.0000 -0.0000 -0.0000
11.1200 -0.0000 -0.0000 -0.0000 -0.0000
11.1300 -0.0000 -0.0000 -0.0000 -0.0000
11.1400 -0.0000 -0.0000 -0.0000 -0.0000
11.1500 -0.0000 -0.0000 -0.0000 -0.0000
11.1600 -0.0000 -0.0000 -0.0000 -0.0000
11.1700 -0.0000 -0.0000 -0.0000 -0.0000
11.1800 -0.0000 -0.0000 -0.0000 -0.0000
11.1900 -0.0000 -0.0000 -0.0000 -0.0000
11.2000 -0.0000 -0.0000 -0.0000 -0.0000
11.2100 -0.0000 -0.0000 -0.0000 -0.0000
11.2200 -0.0000 -0.0000 -0.0000 -0.0000
11.2300 -0.0000 -0.0000 -0.0000 -0.0000
11.2400 -0.0000 -0.0000 -0.0000 -0.0000
11.2500 -0.0000 -0.0000 -0.0000 -0.0000
11.2600 -0.0000 -0.0000 -0.0000 -0.0000
11.2700 -0.0000 -0.0000 -0.0000 -0.0000
11.2800 -0.0000 -0.0000 -0.0000 -0.0000
11.2900 -0.0000 -0.0000 -0.0000 -0.0000
11.3000 -0.0000 -0.0000 -0.0000 -0.0000
11.3100 -0.0000 -0.0000 -0.0000 -0.0000
11.3200 -0.0000 -0.0000 -0.0000 -0.0000
11.3300 -0.0000 -0.0000 -0.0000 -0.0000
11.3400 -0.0000 -0.0000 -0.0000 -0.0000
11.3500 -0.0000 -0.0000 -0.0000 -0.0000
11.3600 -0.0000 -0.0000 -0.0000 -0.0000
11.3700 -0.0000 -0.0000 -0.0000 -0.0000
11.3800 -0.0000 -0.0000 -0.0000 -0.0000
11.3900 -0.0000 -0.0000 -0.0000 -0.0000
11.4000 -0.0000 -0.0000 -0.0000 -0.0000
11.4100 -0.0000 -0.0000 -0.0000 -0.0000
11.4200 -0.0000 -0.0000 -0.0000 -0.0000
11.4300 -0.0000 -0.0000 -0.0000 -0.0000
11.4400 -0.0000 -0.0000 -0.0000 -0.0000
11.4500 -0.0000 -0.0000 -0.0000 -0.0000
11.4600 -0.0000 -0.0000 -0.0000 -0.0000
11.4700 -0.0000 -0.0000 -0.0000 -0.0000
11.4800 -0.0000 -0.0000 -0.0000 -0.0000
11.4900 -0.0000 -0.0000 -0.0000 -0.0000
11.5000 -0.0000 -0.0000 -0.0000 -0.0000
11.5100 -0.0000 -0.0000 -0.0000 -0.0000
11.5200 -0.0000 -0.0000 -0.0000 -0.0000
11.5300 -0.0000 -0.0000 -0.0000 -0.0000
11.5400 -0.0000 -0.0000 -0.0000 -0.0000
11.5500 -0.0000 -0.0000 -0.0000 -0.0000
11.5600 -0.0000 -0.0000 -0.0000 -0.0000
11.5700 -0.0000 -0.0000 -0.0000 -0.0000
11.5800 -0.0000 -0.0000 -0.0000 -0.0000
11.5900 -0.0000 -0.0000 -0.0000 -0.0000
11.6000 -0.0000 -0.0000 -0.0000 -0.0000
11.6100 -0.0000 -0.0000 -0.0000 -0.0000
11.6200 -0.0000 -0.0000 -0.0000 -0.0000
11.6300 -0.0000 -0.0000 -0.0000 -0.0000
11.6400 -0.0000 -0.0000 -0.0000 -0.0000
11.6500 -0.0000 -0.0000 -0.0000 -0.0000
11.6600 -0.0000 -0.0000 -0.0000 -0.0000
11.6700 -0.0000 -0.0000 -0.0000 -0.0000
11.6800 -0.0000 -0.0000 -0.0000 -0.0000
11.6900 -0.0000 -0.0000 -0.0000 -0.0000
11.7000 -0.0000 -0.0000 -0.0000 -0.0000
11.7100 -0.0000 -0.0000 -0.0000 -0.0000
11.7200 -0.0000 -0.0000 -0.0000 -0.0000
11.7300 -0.0000 -0.0000 -0.0000 -0.0000
11.7400 -0.0000 -0.0000 -0.0000 -0.0000
11.7500 -0.0000 -0.0000 -0.0000 -0.0000
11.7600 -0.0000 -0.0000 -0.0000 -0.0000
11.7700 -0.0000 -0.0000 -0.0000 -0.0000
11.7800 -0.0000 -0.0000 -0.0000 -0.0000
11.7900 -0.0000 -0.0000 -0.0000 -0.0000
11.8000 -0.0000 -0.0000 -0.0000 -0.0000
11.8100 -0.0000 -0.0000 -0.0000 -0.0000
11.8200 -0.0000 -0.0000 -0.0000 -0.0000
11.8300 -0.0000 -0.0000 -0.0000 -0.0000
11.8400 -0.0000 -0.0000 -0.0000 -0.0000
11.8500 -0.0000 -0.0000 -0.0000 -0.0000
11.8600 -0.0000 -0.0000 -0.0000 -0.0000
11.8700 -0.0000 -0.0000 -0.0000 -0.0000
11.8800 -0.0000 -0.0000 -0.0000 -0.0000
11.8900 -0.0000 -0.0000 -0.0000 -0.0000
11.9000 -0.0000 -0.0000 -0.0000 -0.0000
11.9100 -0.0000 -0.0000 -0.0000 -0.0000
11.9200 -0.0000 -0.0000 -0.0000 -0.0000
11.9300 -0.0000 -0.0000 -0.0000 -0.0000
11.9400 -0.0000 -0.0000 -0.0000 -0.0000
11.9500 -0.0000 -0.0000 -0.0000 -0.0000
11.9600 -0.0000 -0.0000 -0.0000 -0.0000
11.9700 -0.0000 -0.0000 -0.0000 -0.0000
11.9800 -0.0000 -0.0000 -0.0000 -0.0000
11.9900 -0.0000 -0.0000 -0.0000 -0.0000
12.0000 -0.0000 -0.0000 -0.0000 -0.0000
12.0100 -0.0000 -0.0000 -0.0000 -0.0000
12.0200 -0.0000 -0.0000 -0.0000 -0.0000
12.0300 -0.0000 -0.0000 -0.0000 -0.0000
12.0400 -0.0000 -0.0000 -0.0000 -0.0000
12.0500 -0.0000 -0.0000 -0.0000 -0.0000
